Display environments

GFFF
FFFF
FFFF
FFFS

FGFF
FFFF
FFFF
FFFS
Value function 1        :
[4.7368421  5.26315789 4.7368421  4.26315789]
[5.26315789 4.7368421  4.26315789 3.8368421 ]
[4.7368421  4.26315789 3.8368421  3.45315789]
[4.26315789 3.8368421  3.45315789 3.1078421 ]
Value function 2        :
[5.26315789 4.7368421  5.26315789 4.7368421 ]
[4.7368421  5.26315789 4.7368421  4.26315789]
[4.26315789 4.7368421  4.26315789 3.8368421 ]
[3.8368421  4.26315789 3.8368421  3.45315789]
Difference between both :
[0.52631579 0.52631579 0.52631579 0.47368421]
[0.52631579 0.52631579 0.47368421 0.42631579]
[0.47368421 0.47368421 0.42631579 0.38368421]
[0.42631579 0.42631579 0.38368421 0.34531579]

Distance between states :
 [[0.9375 0.4375 0.6875 0.375  0.4375 0.6875 0.3125 0.3125 0.3125 0.3125
  0.3125 0.3125 0.3125 0.3125 0.3125 0.3125]
 [0.9375 0.9375 0.1875 0.8125 0.6875 0.9375 0.8125 0.625  0.625  0.625
  0.625  0.625  0.625  0.625  0.625  0.625 ]
 [0.625  0.4375 0.9375 0.1875 0.3125 0.6875 0.4375 0.375  0.3125 0.3125
  0.3125 0.3125 0.3125 0.3125 0.3125 0.3125]
 [0.625  0.3125 0.6875 0.4375 0.3125 0.625  0.3125 0.1875 0.125  0.3125
  0.125  0.125  0.125  0.125  0.125  0.125 ]
 [0.9375 0.6875 0.8125 0.6875 0.9375 0.4375 0.8125 0.6875 0.6875 0.8125
  0.625  0.625  0.625  0.625  0.625  0.625 ]
 [0.625  0.4375 0.8125 0.375  0.4375 0.9375 0.1875 0.375  0.3125 0.4375
  0.375  0.3125 0.3125 0.3125 0.3125 0.3125]
 [0.625  0.3125 0.6875 0.375  0.3125 0.6875 0.4375 0.0625 0.125  0.3125
  0.1875 0.1875 0.125  0.125  0.125  0.125 ]
 [0.625  0.3125 0.625  0.3125 0.3125 0.625  0.3125 0.1875 0.125  0.3125
  0.125  0.0625 0.0625 0.125  0.0625 0.0625]
 [0.625  0.3125 0.625  0.3125 0.4375 0.8125 0.375  0.3125 0.4375 0.1875
  0.375  0.3125 0.3125 0.375  0.3125 0.3125]
 [0.625  0.3125 0.625  0.3125 0.3125 0.6875 0.375  0.1875 0.1875 0.4375
  0.0625 0.1875 0.125  0.1875 0.1875 0.125 ]
 [0.625  0.3125 0.625  0.3125 0.3125 0.625  0.3125 0.1875 0.125  0.3125
  0.1875 0.     0.0625 0.125  0.0625 0.0625]
 [0.625  0.3125 0.625  0.3125 0.3125 0.625  0.3125 0.125  0.125  0.3125
  0.125  0.0625 0.0625 0.125  0.0625 0.    ]
 [0.625  0.3125 0.625  0.3125 0.3125 0.625  0.3125 0.125  0.1875 0.375
  0.1875 0.125  0.1875 0.0625 0.1875 0.125 ]
 [0.625  0.3125 0.625  0.3125 0.3125 0.625  0.3125 0.125  0.125  0.3125
  0.1875 0.0625 0.0625 0.1875 0.     0.0625]
 [0.625  0.3125 0.625  0.3125 0.3125 0.625  0.3125 0.125  0.125  0.3125
  0.125  0.0625 0.0625 0.125  0.0625 0.    ]
 [0.625  0.3125 0.625  0.3125 0.3125 0.625  0.3125 0.125  0.125  0.3125
  0.125  0.0625 0.0625 0.125  0.0625 0.    ]]
Distance between MDPs d =  0.18359375
Lipschitz constant    K =  20.000000000000004
Gap               K * d =  3.6718750000000004
Upper-bounds for MDP 2  :
[8.4087171  8.93503289 8.4087171  7.93503289]
[8.93503289 8.4087171  7.93503289 7.5087171 ]
[8.4087171  7.93503289 7.5087171  7.12503289]
[7.93503289 7.5087171  7.12503289 6.7797171 ]
