instance_number,run_number,n_time_steps,n_time_steps_cv,avg_ts_l2,avg_ts_l5,avg_ts_l10,avg_ts_l50,discounted_return,total_return
2,4,22000,13606,13589.5,13433.333333333334,13298.75,12142.1875,2.4248283513199352e-223,1536.7802315366548
1,4,22000,16136,14849.0,13496.0,13358.0,12340.395833333334,4.3920521745459896e-213,1545.3473059785006
3,4,22000,13496,13463.0,13326.666666666666,13258.75,12175.583333333334,1.7791774348441482e-277,1554.091095055209
0,4,22000,13573,13545.5,13411.333333333334,13250.5,12203.791666666666,2.659215219502685e-212,1528.0364424599459
4,4,22000,13650,13639.0,13510.666666666666,13349.625,12267.041666666666,1.2231370452372033e-115,1512.3866214811085
0,3,22000,13683,13666.5,13514.333333333334,13397.75,12252.833333333334,1.64669872929656e-131,1532.9111731842563
1,3,22000,13485,13479.5,13323.333333333334,13206.625,12183.833333333334,1.7545646512446654e-120,1558.3635906595837
4,3,22000,14387,13919.5,13397.0,13254.75,12190.020833333334,8.174308146580854e-97,1548.3138349891074
2,3,22000,13518,13512.5,13378.333333333334,13265.625,12229.208333333334,2.19391233381602e-154,1537.7445506719432
3,3,22000,18688,16147.0,13532.666666666666,13367.5,12260.895833333334,6.876000400249903e-31,1510.3634949260393
1,0,22000,13441,13408.0,13272.0,13133.625,12144.208333333334,3.669698528866968e-196,1546.6405305152668
2,0,22000,13320,13292.5,13140.0,13029.125,11975.458333333334,2.662237869955247e-66,1582.9134787931198
0,1,22000,20910,17258.0,13532.666666666666,13374.5,12285.625,2.670152530545439e-12,1535.6596343233768
1,2,22000,16411,15052.5,13653.666666666666,13441.875,12253.166666666666,6.045892940564787e-234,1506.1609637379102
2,2,22000,13650,13639.0,13470.0,13359.25,12238.395833333334,2.669405396040198e-24,1510.3512329919154
0,0,22000,13661,13644.5,13499.333333333334,13353.75,12397.020833333334,3.6509747786204305e-74,1502.435921529378
4,1,22000,13650,13606.0,13495.666666666666,13348.125,12224.145833333334,9.093087987665402e-137,1534.7325811133376
3,2,22000,13826,13809.5,13639.0,13527.0,12424.458333333334,9.668755160095951e-133,1499.5720554260133
4,0,22000,17324,15459.5,13554.666666666666,13399.25,12268.166666666666,6.739184837736542e-81,1518.9550932361324
2,1,22000,18182,15861.0,13452.0,13308.375,12251.208333333334,1.4351991521178e-291,1535.5855825957565
1,1,22000,13419,13386.0,13220.666666666666,13083.0,12062.1875,1.2305652101901953e-138,1557.341569042174
0,2,22000,13782,13771.0,13657.333333333334,13483.375,12494.958333333334,5.390473581216904e-185,1464.5393353692955
3,1,22000,13463,13430.0,13279.333333333334,13151.5,12070.375,1.768651824971872e-195,1560.2713122504094
4,2,22000,20492,17082.0,13598.666666666666,13440.375,12254.479166666666,9.985606671447155e-235,1516.157104237639
3,0,22000,13650,13633.5,13503.0,13372.875,12219.583333333334,2.8478737947971116e-137,1501.6197058493306
5,4,22000,13474,13435.5,13309.0,13219.0,12125.458333333334,2.256859405703687e-174,1547.469008129438
6,4,22000,13562,13540.0,13426.0,13294.625,12277.395833333334,2.7551598771541307e-161,1534.5349497987243
5,0,22000,13727,13716.0,13580.0,13416.875,12164.083333333334,1.7780260192180636e-126,1502.678513269112
7,4,22000,13496,13490.5,13374.666666666666,13218.875,12084.791666666666,1.3624781854098208e-34,1542.6724164441227
8,4,22000,13694,13655.5,13488.333333333334,13351.0,12207.458333333334,2.46073381505258e-71,1517.7481823611106
5,2,22000,13661,13644.5,13550.666666666666,13396.25,12260.375,2.0279154231995556e-232,1513.136960056285
5,1,22000,13573,13551.0,13448.0,13320.625,12271.375,1.315405240244719e-65,1524.5883371583682
9,4,22000,13507,13490.5,13341.666666666666,13231.25,12171.1875,1.2950387602411876e-264,1555.8261893225465
5,3,22000,13584,13556.5,13363.666666666666,13297.25,12217.8125,5.843046729387824e-12,1530.7481177966952
10,4,22000,13595,13573.0,13466.666666666666,13349.875,12183.458333333334,2.089768954970081e-79,1530.8921339405613
6,0,22000,13595,13589.5,13440.666666666666,13267.0,12253.520833333334,5.6675067365570286e-114,1518.2583698317037
6,1,22000,13617,13589.5,13444.333333333334,13316.5,12121.916666666666,1.1140997006002103e-220,1520.4214252192648
6,3,22000,13551,13545.5,13422.333333333334,13312.5,12307.8125,5.71562721844315e-240,1535.713249494124
8,3,22000,13463,13452.0,13327.0,13212.125,12079.645833333334,5.426574333756692e-90,1543.5545092290413
7,3,22000,13716,13688.5,13576.333333333334,13445.875,12352.020833333334,1.3909177153512175e-142,1500.5031959474272
7,1,22000,13672,13661.0,13543.666666666666,13407.5,12359.145833333334,2.5004062708627624e-221,1524.03971720918
7,2,22000,20602,19953.0,13444.666666666666,13297.5,12145.125,1.8671624905322146e-84,1551.2435781973431
7,0,22000,13562,13529.0,13381.666666666666,13313.875,12148.291666666666,4.298763105672979e-32,1530.0677436377646
9,3,22000,13606,13589.5,13459.0,13366.0,12260.854166666666,2.289636874070454e-34,1545.2855161850039
6,2,22000,21251,17395.5,13477.666666666666,13292.125,12179.770833333334,1.525071442013776e-136,1532.9397843638783
8,0,22000,13639,13600.5,13437.333333333334,13338.75,12273.083333333334,3.8634128172919775e-190,1516.2765965132578
8,2,22000,13760,13749.0,13624.333333333334,13462.75,12315.020833333334,1.7386134508164738e-191,1487.5341372228038
8,1,22000,13485,13463.0,13345.333333333334,13204.0,12137.604166666666,4.107627180461306e-298,1540.7606075419226
9,2,22000,21306,17538.5,13730.666666666666,13571.25,12577.854166666666,2.4368481457275112e-169,1506.863421129937
9,0,22000,13606,13600.5,13470.0,13301.375,12228.520833333334,1.5458966713403084e-130,1525.8692997610106
9,1,22000,13507,13490.5,13371.0,13258.75,12326.833333333334,2.441197888131622e-174,1535.7995631558683
11,4,22000,13617,13595.0,13459.333333333334,13333.25,12234.291666666666,5.635901878356826e-17,1510.4171100967862
10,3,22000,13309,13281.5,13136.333333333334,13003.125,11878.3125,6.967943649796766e-37,1581.7887942684672
12,4,22000,15949,14777.5,13569.333333333334,13410.25,12343.375,2.550946243800233e-178,1513.2191864066544
10,0,22000,13683,13666.5,13529.0,13378.5,12261.520833333334,4.459973547966475e-212,1532.701279935519
10,1,22000,13738,13716.0,13605.666666666666,13511.875,12325.916666666666,2.160917647771335e-150,1509.8492201440713
13,4,22000,13870,13859.0,13730.666666666666,13548.0,12462.333333333334,1.9317927231294153e-191,1463.7190323778736
10,2,22000,13507,13496.0,13382.333333333334,13228.75,12155.020833333334,3.229166914522905e-82,1528.7168166188765
11,0,22000,13518,13501.5,13371.333333333334,13274.0,12168.270833333334,1.0781977397343954e-229,1539.6400103286446
14,4,22000,13584,13573.0,13411.333333333334,13267.125,12117.666666666666,2.719733573275788e-140,1525.8733870723852
11,1,22000,15982,14755.5,13419.0,13270.125,12250.333333333334,2.0413677201716315e-117,1547.3168173628228
11,3,22000,13463,13441.0,13286.666666666666,13173.5,12018.791666666666,1.1623798447361223e-120,1557.2348188235567
11,2,22000,17346,15487.0,13551.0,13401.875,12266.645833333334,2.4124562145710054e-101,1527.0680360132835
15,4,22000,20272,16889.5,13441.0,13309.875,12213.020833333334,1.031615424470767e-125,1530.6822406918243
16,4,22000,13331,13325.5,13228.333333333334,13111.75,11972.770833333334,3.294423525821847e-47,1563.9018661744483
12,0,22000,13562,13534.5,13389.333333333334,13235.625,12152.6875,4.432371247582688e-142,1548.2356959501126
12,3,22000,13364,13325.5,13202.333333333334,13095.25,12050.916666666666,2.725113657566426e-140,1557.8697524344889
13,3,22000,13419,13408.0,13308.666666666666,13172.375,12069.291666666666,4.042819423056553e-36,1539.6563595741427
14,3,22000,13496,13479.5,13301.666666666666,13209.5,12139.0625,5.843046729387824e-12,1538.515325803992
12,1,22000,13364,13331.0,13161.666666666666,13070.25,12065.333333333334,4.3453708076256936e-180,1555.9742927777872
12,2,22000,13408,13402.5,13239.0,13074.5,11968.208333333334,7.249530346335792e-249,1565.0842531812232
13,0,22000,13265,13243.0,13118.0,12996.125,11917.666666666666,1.3636234033731041e-180,1581.644778124601
13,1,22000,13430,13424.5,13323.333333333334,13206.625,12098.1875,2.6592281816193235e-212,1554.0170433275887
13,2,22000,13606,13595.0,13481.0,13352.25,12218.895833333334,1.1790154609759028e-265,1511.1220081239649
14,0,22000,13474,13457.5,13341.666666666666,13234.125,12187.25,7.869182171057749e-175,1549.1300506691548
14,2,22000,13529,13512.5,13385.666666666666,13254.75,12254.4375,1.4763389745503295e-133,1528.6550268253802
14,1,22000,13595,13578.5,13448.0,13291.875,12261.9375,1.951324748136382e-259,1526.8663173872953
15,3,22000,13661,13644.5,13514.0,13417.0,12262.0,5.586092013492139e-21,1492.6741981466337
17,4,22000,20019,16895.0,13705.0,13527.0,12421.145833333334,1.7545646512446654e-120,1487.0246049788998
15,0,22000,13606,13600.5,13430.0,13308.375,12201.729166666666,3.8785986683261005e-117,1515.3245393120935
15,1,22000,13529,13501.5,13316.0,13227.375,12249.25,1.2239389341491e-36,1525.1026119403361
16,3,22000,13529,13518.0,13411.333333333334,13257.5,12068.625,3.164672811592589e-203,1537.5223954890819
18,4,22000,21966,17747.5,13455.666666666666,13324.0,12278.458333333334,1.3736821898493645e-104,1529.631607894792
16,0,22000,13474,13424.5,13294.0,13177.75,12166.458333333334,1.537316044305751e-211,1538.7579175437259
15,2,22000,13650,13628.0,13499.666666666666,13374.625,12215.3125,4.500892322599582e-141,1529.0007615952343
16,1,22000,20140,16911.5,13635.333333333334,13465.125,12364.916666666666,6.743555504320231e-232,1512.4565858973544
16,2,22000,13474,13452.0,13316.0,13151.625,12142.875,1.033625691549233e-52,1567.7918412065976
19,4,22000,13507,13496.0,13356.333333333334,13202.5,12144.5,7.946521986724481e-255,1577.2818815471078
20,4,22000,20217,16889.5,13470.333333333334,13366.25,12273.0625,2.454136705638625e-105,1522.0947296931051
17,0,22000,13474,13441.0,13297.666666666666,13177.75,12147.6875,6.026306474051369e-110,1561.9241801673768
17,1,22000,13661,13650.0,13543.333333333334,13384.0,12289.645833333334,2.431825514972579e-176,1511.2578496450817
17,2,22000,18809,16196.5,13448.333333333334,13338.625,12285.8125,2.827565389254911e-208,1526.9735477287902
21,4,22000,13672,13650.0,13517.666666666666,13422.375,12370.125,3.6209610514412446e-197,1511.1056588784663
17,3,22000,13540,13534.5,13407.666666666666,13247.875,12138.958333333334,5.088818505313659e-133,1543.4104930851754
19,3,22000,13496,13479.5,13342.0,13220.375,12164.625,4.958057069279641e-101,1554.931834603504
18,1,22000,18952,16207.5,13353.0,13224.625,12217.3125,6.605693693582512e-116,1549.4221702682617
18,0,22000,13584,13567.5,13415.333333333334,13293.375,12151.354166666666,1.7831494224003983e-87,1532.9356970525039
18,3,22000,21867,17654.0,13353.0,13158.5,12019.270833333334,1.705956210364537e-95,1564.1158467345604
18,2,22000,21284,17511.0,13646.333333333334,13519.0,12448.145833333334,2.4804907300938495e-146,1499.432126593522
19,0,22000,13661,13655.5,13510.333333333334,13410.375,12237.75,2.5395872197419026e-215,1528.7168166188767
22,4,22000,13639,13628.0,13528.666666666666,13393.5,12253.229166666666,1.523339907076042e-282,1517.9662502325966
19,1,22000,19733,19166.5,13532.666666666666,13377.25,12360.375,7.957781224893571e-97,1546.4801651259027
19,2,22000,16686,16471.5,13562.0,13393.625,12366.270833333334,1.581383035978713e-53,1522.164694109351
20,0,22000,13496,13490.5,13371.0,13209.25,12025.520833333334,2.6148933234891044e-94,1532.7135418696425
20,3,22000,13562,13529.0,13367.333333333334,13274.0,12182.3125,2.110652390444035e-81,1530.945749111309
23,4,22000,13617,13600.5,13459.0,13324.875,12451.770833333334,1.5726054389490585e-134,1537.3125022403444
20,1,22000,13551,13545.5,13404.0,13265.625,12340.166666666666,1.331904063518219e-111,1548.3837994053533
20,2,22000,13672,13666.5,13532.333333333334,13386.75,12240.270833333334,1.4108240611529572e-287,1520.9041680635814
21,3,22000,13672,13655.5,13481.0,13368.875,12195.729166666666,4.0613388078144695e-114,1528.8608327627428
21,1,22000,13419,13402.5,13275.666666666666,13151.875,12043.916666666666,1.585231685583578e-209,1566.7616449664383
21,2,22000,13815,13716.0,13540.0,13436.25,12482.9375,6.1262686286107e-311,1489.7817208636473
21,0,22000,13474,13463.0,13345.333333333334,13234.0,12278.958333333334,1.4342703460875926e-140,1528.8812693196155
24,4,22000,14013,13705.0,13268.666666666666,13118.625,12078.6875,1.8109248119486102e-269,1564.2598628784265
22,1,22000,21867,17962.0,13474.0,13332.0,12191.416666666666,3.2529869078755374e-06,1543.6985253729074
22,0,22000,13562,13534.5,13393.0,13308.25,12185.479166666666,5.540327421951819e-191,1536.7061798090344
25,4,22000,19766,16691.5,13496.0,13355.125,12175.8125,2.379959477038705e-107,1501.0559032079896
22,3,22000,13540,13534.5,13389.666666666666,13209.75,12086.770833333334,4.3332773212869553e-107,1542.5202256775074
22,2,22000,13463,13457.5,13319.666666666666,13177.75,12108.854166666666,4.4204466527493503e-184,1552.0597938773906
26,4,22000,13507,13490.5,13374.666666666666,13231.375,12090.75,1.9495162791607397e-120,1549.138225291904
23,0,22000,13529,13507.0,13353.0,13260.25,12157.3125,1.3215503432013667e-31,1560.9639483434637
23,1,22000,18281,15921.5,13499.666666666666,13358.125,12147.395833333334,1.1302803131813743e-80,1517.191387789173
23,2,22000,18402,16169.0,13807.666666666666,13673.25,12664.75,0.0,1454.154940309743
27,4,22000,13507,13496.0,13375.0,13206.75,12087.1875,5.238078800346814e-126,1524.7487025477326
23,3,22000,13518,13490.5,13367.333333333334,13248.0,12223.5,4.075278699789342e-111,1533.6160712114342
24,0,22000,13584,13567.5,13429.666666666666,13341.5,12241.5625,1.2237029618009172e-41,1532.779418974514
24,2,22000,13507,13496.0,13334.666666666666,13256.125,12195.75,4.662859740713388e-105,1549.2699795016465
24,3,22000,13969,13820.5,13543.666666666666,13407.375,12284.708333333334,1.8794049488880657e-40,1524.716004056736
24,1,22000,21592,17456.0,13224.666666666666,13050.0,12039.479166666666,1.93864036228907e-87,1551.9857421497702
25,0,22000,13562,13529.0,13400.333333333334,13257.375,12172.104166666666,0.0,1549.2699795016463
25,1,22000,21614,18853.0,13558.333333333334,13388.25,12236.645833333334,2.0481807452516917e-234,1509.2924255721339
28,4,22000,13463,13441.0,13316.333333333334,13193.0,12126.8125,1.0077221293051827e-163,1556.971310404072
25,2,22000,13595,13589.5,13481.0,13319.375,12350.0,2.530628156091959e-103,1533.986329849536
25,3,22000,13771,13765.5,13620.666666666666,13442.125,12356.291666666666,1.6471596204906136e-119,1481.7102700553583
26,0,22000,13562,13551.0,13448.0,13317.875,12258.354166666666,1.37738054566857e-62,1526.087367632497
29,4,22000,17643,15569.5,13444.666666666666,13261.625,12082.375,1.3081039749175507e-146,1552.0061787066431
26,3,22000,17929,15850.0,13653.666666666666,13541.125,12491.416666666666,7.300963153070112e-185,1512.914804873424
26,2,22000,13694,13677.5,13558.0,13399.0,12283.979166666666,1.272798681299625e-265,1513.7555444217187
26,1,22000,13540,13518.0,13385.666666666666,13267.125,12157.708333333334,1.088089845561398e-158,1541.6713115064633
27,3,22000,21163,17318.5,13375.0,13258.875,12254.666666666666,1.8346368344040888e-275,1528.0527917054444
27,1,22000,13496,13479.5,13338.0,13242.25,12129.104166666666,8.410277459542782e-293,1542.5615789141311
27,0,22000,13441,13430.0,13312.333333333334,13176.375,12064.479166666666,3.423720059730509e-125,1563.131091042399
27,2,22000,13837,13815.0,13672.0,13526.125,12491.541666666666,4.546281578680982e-31,1474.107514748801
30,4,22000,13463,13457.5,13319.666666666666,13135.0,12110.0625,1.609892226794167e-96,1534.781628849832
28,0,22000,13452,13430.0,13290.333333333334,13161.125,12163.666666666666,3.569046606044861e-151,1539.7140620562648
31,4,22000,17907,15751.0,13529.0,13370.25,12179.770833333334,9.853844824306432e-229,1530.6985899373221
28,3,22000,13496,13490.5,13382.0,13238.25,12127.208333333334,1.289024053030178e-298,1560.8735473703448
28,1,22000,13573,13551.0,13345.0,13265.5,12253.541666666666,7.594568940299557e-297,1524.1878206644208
28,2,22000,13650,13628.0,13517.666666666666,13377.125,12164.854166666666,2.7827020947324127e-58,1509.082532323397
32,4,22000,13507,13501.5,13393.333333333334,13268.75,12100.6875,5.832108217199242e-119,1549.4262575796363
29,3,22000,13694,13683.0,13540.0,13401.875,12195.291666666666,4.503807014339495e-292,1513.0833448855376
29,0,22000,13683,13666.5,13543.666666666666,13391.0,12296.854166666666,3.474507146422387e-151,1500.4495807766796
29,2,22000,13683,13677.5,13503.0,13381.25,12250.979166666666,4.8156647431775366e-207,1504.491746575444
29,1,22000,13595,13589.5,13488.333333333334,13359.125,12314.895833333334,5.0145656257156414e-285,1539.693625499392
33,4,22000,16972,15168.0,13202.666666666666,13105.125,11962.083333333334,8.255393174891348e-65,1562.2985261168535
30,1,22000,13716,13705.0,13583.666666666666,13483.0,12366.229166666666,2.7124420979240246e-174,1502.8446126460747
30,0,22000,13408,13397.0,13283.333333333334,13168.25,12028.895833333334,5.65582533831778e-121,1563.8114652013296
30,3,22000,13485,13468.5,13301.333333333334,13195.625,12086.708333333334,2.2342690939723825e-106,1567.1773441525381
30,2,22000,13562,13556.5,13415.0,13290.5,12243.708333333334,1.68870645509499e-211,1525.7211963057698
31,3,22000,13397,13364.0,13191.333333333334,13085.625,12076.125,3.5311126363306596e-118,1568.7025451711381
31,0,22000,13518,13507.0,13385.666666666666,13280.75,12079.333333333334,2.795174405968187e-21,1537.3165895517193
31,1,22000,13749,13732.5,13616.666666666666,13506.25,12428.833333333334,1.1457145715884337e-74,1489.5100378214133
34,4,22000,17643,15657.5,13620.666666666666,13469.25,12392.895833333334,1.2885432784023262e-135,1494.697324701703
32,0,22000,13496,13463.0,13341.666666666666,13251.875,12144.8125,2.3224054062728554e-179,1526.0914549438714
31,2,22000,13507,13474.0,13327.0,13252.0,12160.770833333334,6.672308822575452e-06,1546.4842524372766
32,1,22000,13419,13413.5,13320.0,13151.75,12027.1875,0.0,1557.1730290300602
32,2,22000,13551,13529.0,13393.0,13261.5,12176.541666666666,9.364053148165208e-286,1549.4221702682617
35,4,22000,19326,16510.0,13609.666666666666,13476.375,12402.104166666666,2.734467171716153e-137,1528.1145814989409
32,3,22000,13760,13738.0,13613.0,13494.0,12423.541666666666,1.7242829243163665e-128,1487.4869112663437
33,0,22000,13617,13611.5,13481.0,13338.625,12124.0625,4.3920521745459896e-213,1511.261936956456
33,3,22000,14387,14002.0,13536.333333333334,13400.625,12326.9375,2.056425896760939e-41,1509.5186680663696
36,4,22000,17148,15382.5,13569.333333333334,13386.75,12399.979166666666,7.742329476149585e-223,1524.654214263239
33,1,22000,13694,13683.0,13569.0,13370.125,12259.708333333334,5.024922582405008e-278,1514.950193362617
33,2,22000,13562,13529.0,13393.0,13278.0,12151.541666666666,9.076885863865216e-132,1542.4997891206342
37,4,22000,13485,13468.5,13334.333333333334,13240.875,12199.166666666666,6.326648112890944e-80,1528.667288759504
34,0,22000,19722,16603.5,13397.0,13224.5,12133.916666666666,5.414581660459476e-280,1541.769887102331
34,3,22000,13485,13463.0,13338.0,13213.375,11933.833333333334,1.3798391521174766e-67,1552.9046207370602
34,1,22000,13661,13639.0,13473.333333333334,13373.0,12310.4375,2.913809077545212e-55,1522.6515242650426
34,2,22000,13573,13567.5,13393.0,13293.25,12342.479166666666,1.3807327095480537e-218,1531.6751710067344
38,4,22000,13551,13545.5,13418.666666666666,13256.0,12151.8125,8.725307659306552e-91,1546.492427060026
35,3,22000,13650,13644.5,13536.333333333334,13393.75,12163.041666666666,9.233709045934e-136,1527.8265492112089
35,0,22000,13683,13677.5,13510.333333333334,13411.5,12366.75,7.085507929703963e-226,1507.409227849556
35,1,22000,13650,13622.5,13462.666666666666,13363.375,12268.854166666666,1.0545180621560095e-09,1520.0470792697884
35,2,22000,13551,13545.5,13437.0,13295.875,12237.916666666666,5.7624361864404075e-126,1542.6438052645008
36,3,22000,13595,13584.0,13477.333333333334,13334.5,12255.416666666666,5.023837334203945e-291,1531.6588217612361
36,0,22000,13650,13633.5,13529.0,13406.125,12230.125,2.9054370260990046e-94,1517.1377726184257
39,4,22000,13573,13556.5,13393.0,13298.75,12204.729166666666,1.4655284841313677e-209,1527.043512145036
36,1,22000,19326,16526.5,13646.333333333334,13501.0,12365.020833333334,1.0091499468436058e-05,1494.8372535341948
36,2,22000,13485,13479.5,13327.0,13201.125,12046.854166666666,2.0413677201716315e-117,1534.913383059575
37,0,22000,13606,13595.0,13422.333333333334,13295.875,12270.4375,4.8602862886249986e-24,1537.4565183842108
37,3,22000,13694,13666.5,13525.0,13401.75,12339.229166666666,2.0413677201716315e-117,1531.4611904466226
40,4,22000,18380,15938.0,13386.0,13248.0,12249.729166666666,2.2382572353907487e-111,1550.394664026299
37,1,22000,13584,13578.5,13411.333333333334,13297.5,12194.229166666666,3.5850289070527477e-122,1549.8722146215819
37,2,22000,13672,13633.5,13528.666666666666,13418.375,12300.770833333334,1.108604368637171e-274,1514.7362128025054
38,1,22000,21867,17648.5,13323.666666666666,13179.25,12047.104166666666,1.3884393567654096e-137,1554.993624397001
38,0,22000,13507,13501.5,13352.666666666666,13252.0,12205.604166666666,5.184761579391163e-249,1535.705074871375
41,4,22000,13584,13562.0,13371.0,13289.0,12170.083333333334,8.255393174891348e-65,1511.183797917461
38,3,22000,13562,13545.5,13415.0,13280.75,12187.229166666666,2.0269869776279449e-181,1530.818082212941
38,2,22000,13705,13694.0,13572.666666666666,13393.625,12219.416666666666,2.952279078385232e-244,1496.6627487746507
39,0,22000,13540,13512.5,13382.0,13260.125,12182.1875,5.44118426532144e-48,1527.138000429529
39,1,22000,13463,13457.5,13308.666666666666,13177.75,12109.604166666666,3.0431781747281857e-79,1543.48863212417
42,4,22000,13606,13595.0,13444.333333333334,13320.625,12219.166666666666,4.6137206194419056e-57,1542.7219443034955
39,3,22000,17995,15833.5,13565.666666666666,13455.5,12452.0,1.0178845047870979e-53,1516.9814945404357
39,2,22000,13617,13589.5,13419.0,13337.25,12212.729166666666,3.430492746103135e-125,1522.0865550703563
43,4,22000,13595,13573.0,13448.333333333334,13323.625,12221.625,5.76915896910997e-269,1526.9158452466684
40,1,22000,13507,13496.0,13319.666666666666,13227.125,12145.833333333334,1.413470156803816e-180,1538.2972579325058
40,0,22000,18963,16246.0,13474.0,13311.375,12219.645833333334,5.2895596327968e-206,1539.212049208421
40,3,22000,13540,13507.0,13327.0,13242.375,12116.020833333334,9.92375430426255e-165,1549.3481185406415
40,2,22000,13364,13358.5,13242.666666666666,13097.875,12036.9375,2.0692431034102163e-111,1568.1375759764517
41,0,22000,13562,13556.5,13433.333333333334,13283.75,12217.583333333334,1.0999864960070734e-194,1557.635335317504
44,4,22000,13826,13815.0,13642.333333333334,13550.25,12404.041666666666,4.750791505207875e-213,1466.3396878863878
41,3,22000,13430,13402.5,13283.333333333334,13133.875,12043.354166666666,1.2378885579435183e-220,1557.251168069055
41,1,22000,13419,13408.0,13257.666666666666,13172.375,12117.125,3.716458553867354e-229,1564.1653745939332
41,2,22000,13551,13523.5,13400.333333333334,13254.625,12213.395833333334,0.007000495391126424,1536.7061798090342
45,4,22000,13496,13479.5,13352.666666666666,13232.625,12168.020833333334,6.505094938177845e-117,1561.0134762028363
42,0,22000,13441,13430.0,13283.0,13172.25,12132.8125,7.414540054384053e-72,1557.3829222787974
42,1,22000,13815,13782.0,13583.666666666666,13434.875,12256.729166666666,1.3937904692034473e-135,1504.261416769834
42,2,22000,13595,13589.5,13429.666666666666,13272.5,12141.895833333334,1.1313288216033657e-219,1527.9006009388293
42,3,22000,13584,13573.0,13415.333333333334,13319.375,12194.125,3.870941304125083e-117,1515.2545748958476
43,0,22000,13639,13628.0,13474.0,13378.5,12152.916666666666,0.003684471258487591,1531.8069252164769
43,3,22000,13430,13419.0,13286.666666666666,13161.125,12080.541666666666,6.1519354820283254e-40,1561.8705649966294
46,4,22000,13540,13523.5,13389.333333333334,13298.625,12184.270833333334,1.3037473493312367e-37,1541.5191207398482
43,1,22000,13496,13463.0,13349.0,13250.625,12223.5,1.4153448950541528e-134,1541.074810374126
43,2,22000,13617,13611.5,13484.666666666666,13359.125,12240.083333333334,7.927229299742264e-99,1519.1854230417425
44,0,22000,13716,13683.0,13554.333333333334,13432.125,12198.979166666666,1.111803410029086e-227,1499.654281776383
44,3,22000,13529,13490.5,13352.666666666666,13260.125,12180.208333333334,4.573456632761052e-291,1542.7219443034953
44,1,22000,13628,13606.0,13473.666666666666,13364.625,12364.416666666666,1.7911416521896271e-50,1518.3201596252002
47,4,22000,13397,13386.0,13268.333333333334,13108.875,11959.875,1.2779224566267852e-72,1574.652432560728
44,2,22000,13617,13600.5,13488.333333333334,13350.875,12193.666666666666,3.4889569083612227e-228,1546.4102007096565
45,0,22000,13628,13622.5,13477.333333333334,13367.375,12289.3125,4.364847135059432e-143,1508.114125876734
48,4,22000,20459,17021.5,13492.333333333334,13362.125,12279.666666666666,1.5233399070760395e-282,1540.5384523590617
45,3,22000,13595,13589.5,13484.666666666666,13355.125,12215.208333333334,6.539716670465224e-234,1520.18700810228
45,1,22000,13595,13567.5,13426.0,13315.375,12154.0625,4.851187559268492e-131,1525.8611251382613
45,2,22000,13672,13655.5,13492.0,13379.75,12197.645833333334,1.7651660155174833e-90,1516.0789651986443
49,4,22000,13595,13578.5,13466.666666666666,13323.5,12210.9375,1.1518123493383759e-191,1548.367450159855
46,0,22000,13573,13567.5,13455.333333333334,13362.0,12231.729166666666,9.478091412835264e-56,1518.938743990634
46,1,22000,13474,13468.5,13330.666666666666,13195.625,11996.375,5.842518454891809e-124,1559.1588896598805
46,3,22000,13474,13468.5,13316.0,13162.5,12101.4375,1.0106258926406943e-124,1550.2833463734291
46,2,22000,16301,14893.0,13415.333333333334,13290.5,12276.895833333334,1.1600850200470418e-120,1532.5036486209053
47,3,22000,13661,13628.0,13536.333333333334,13351.25,12263.708333333334,3.34472552138601e-51,1516.1693661717627
50,4,22000,13529,13501.5,13375.0,13272.875,12210.854166666666,8.166911457063456e-144,1549.4880473731328
47,0,22000,13606,13595.0,13466.666666666666,13341.375,12196.0,6.868193529963747e-177,1513.9776996045796
47,1,22000,13551,13534.5,13415.0,13281.0,12322.958333333334,1.1455223481987055e-272,1517.8962858163509
47,2,22000,13782,13765.5,13609.666666666666,13427.0,12375.770833333334,1.558245561587086e-286,1466.042453154799
51,4,22000,13650,13644.5,13484.666666666666,13374.375,12303.520833333334,1.0534198446828646e-155,1513.1905752270325
48,3,22000,13870,13793.0,13613.333333333334,13509.25,12440.5625,7.080922459818144e-75,1487.9230470093166
48,1,22000,13628,13617.0,13514.0,13403.25,12245.5,2.0729366755710822e-116,1522.9890844121478
48,0,22000,13496,13479.5,13341.666666666666,13232.625,12032.833333333334,1.7780260192180636e-126,1549.6320635169989
48,2,22000,13661,13650.0,13528.666666666666,13411.375,12409.791666666666,2.8862906462858355e-209,1527.604394028348
49,0,22000,13617,13595.0,13451.666666666666,13318.125,12290.875,6.453282364774632e-42,1521.2703393903087
49,3,22000,13672,13650.0,13521.333333333334,13392.25,12353.1875,1.0910148039579246e-124,1517.1377726184255
49,1,22000,13562,13551.0,13433.333333333334,13322.0,12209.270833333334,6.541403538283621e-36,1528.782693723748
49,2,22000,13650,13617.0,13481.0,13358.0,12345.916666666666,7.864089537159176e-24,1520.9741324798276
52,4,22000,13815,13809.5,13690.333333333334,13516.375,12495.229166666666,8.254646798237034e-177,1484.1997902092464
50,0,22000,13540,13529.0,13352.333333333334,13260.0,12204.479166666666,3.2782591201909596e-279,1526.858142764546
50,1,22000,13650,13584.0,13452.0,13362.125,12121.041666666666,5.697545615766535e-45,1505.024017279134
53,4,22000,13595,13556.5,13433.333333333334,13300.0,12273.354166666666,1.0696099789001448e-154,1529.004848906609
50,3,22000,13540,13529.0,13385.666666666666,13230.0,12253.770833333334,0.06571962636722559,1543.6408228907853
50,2,22000,16664,15135.0,13485.0,13375.75,12217.75,1.7911416521896271e-50,1551.371245095711
51,0,22000,19622,16581.0,13430.0,13283.75,12088.583333333334,4.17152718339634e-185,1531.5765954108667
54,4,22000,13628,13595.0,13466.333333333334,13337.125,12063.729166666666,0.0,1488.817401728359
51,3,22000,13617,13595.0,13429.666666666666,13313.75,12242.958333333334,7.32059032359238e-151,1509.2883382607595
51,2,22000,13551,13545.5,13400.333333333334,13289.0,12186.5625,6.940005978329506e-230,1524.794143095731
51,1,22000,18369,15888.5,13294.333333333334,13179.125,12200.354166666666,1.985369215557981e-80,1543.422755019299
52,3,22000,21174,17439.5,13598.666666666666,13475.0,12340.208333333334,6.343681307366618e-38,1491.6812678317235
52,0,22000,13584,13562.0,13444.333333333334,13275.5,12302.375,3.746297521173638e-304,1527.9583034209509
55,4,22000,13474,13452.0,13301.666666666666,13228.75,12096.604166666666,0.0,1544.230796076597
52,1,22000,13573,13562.0,13448.0,13310.0,12212.5625,3.764769725635228e-72,1540.686555814302
52,2,22000,13540,13529.0,13419.0,13297.5,12284.979166666666,7.490078949578887e-69,1544.6751064423192
53,3,22000,15850,14783.0,13617.0,13463.875,12315.583333333334,3.0838703902673866e-85,1508.7822381015408
53,0,22000,13606,13600.5,13495.666666666666,13345.5,12312.1875,1.0660476548870656e-45,1531.959115983092
56,4,22000,13474,13463.0,13330.666666666666,13227.125,12012.395833333334,4.17152718339634e-185,1548.3592755371058
53,1,22000,13760,13754.5,13616.666666666666,13506.375,12315.9375,8.697437656169935e-244,1493.6303426591726
57,4,22000,13518,13507.0,13411.333333333334,13250.5,12204.916666666666,3.4084571783974535e-154,1529.8701123231515
54,0,22000,13683,13672.0,13503.0,13379.75,12325.229166666666,4.570496866448218e-140,1505.2379978392457
53,2,22000,13551,13540.0,13404.0,13315.125,12124.708333333334,7.523650130632192e-32,1522.7010521244156
54,1,22000,13804,13771.0,13631.666666666666,13479.25,12443.604166666666,1.597372128718586e-121,1472.068038948233
54,3,22000,20415,16983.0,13510.666666666666,13331.875,12250.104166666666,6.71219204371541e-266,1530.5382245479582
54,2,22000,20008,17428.5,13756.333333333334,13612.5,12508.5625,3.414541230350985e-159,1511.2455877109578
55,0,22000,18820,16163.5,13367.666666666666,13227.375,12115.5625,1.2327617531652565e-143,1549.504396618631
55,1,22000,13595,13584.0,13462.666666666666,13305.5,12133.145833333334,3.0208945055622014e-155,1521.1099740009445
55,3,22000,13518,13507.0,13338.0,13210.625,12184.5,2.482575682772197e-292,1530.5504864820819
58,4,22000,13474,13463.0,13338.0,13232.75,12138.729166666666,1.7304308479351284e-207,1556.8232069488313
55,2,22000,13804,13793.0,13649.666666666666,13482.875,12429.583333333334,2.718044307053802e-167,1495.6739057711152
56,0,22000,17665,15514.5,13272.333333333334,13176.625,12211.145833333334,6.180675124963521e-06,1571.8462689394858
56,1,22000,13474,13463.0,13294.0,13191.375,12107.791666666666,1.7118116305625737e-92,1567.1814314639128
59,4,22000,13650,13633.5,13477.666666666666,13380.0,12266.145833333334,5.81156377538876e-15,1521.1263232464428
56,3,22000,13661,13655.5,13492.0,13339.875,12244.833333333334,6.986856690500008e-181,1517.421717594783
56,2,22000,19832,16774.0,13657.333333333334,13499.5,12282.895833333334,1.3118732921240922e-107,1519.7753962275544
57,3,22000,13562,13556.5,13407.666666666666,13298.625,12284.916666666666,4.9760173397198316e-198,1527.8965136274546
57,1,22000,13419,13386.0,13253.666666666666,13179.0,12189.604166666666,1.088089845561398e-158,1547.1768885303313
57,0,22000,13529,13501.5,13352.666666666666,13223.0,12205.916666666666,2.3625300714198913e-183,1541.6590495723397
57,2,22000,13683,13661.0,13547.0,13371.625,12257.645833333334,3.6121700271092207e-41,1508.3403683709696
60,4,22000,13628,13595.0,13437.0,13278.25,12130.5,5.996581526450373e-164,1532.701279935519
58,0,22000,13518,13512.5,13360.333333333334,13235.5,12237.479166666666,7.523650130632192e-32,1552.4218778927432
58,3,22000,21713,18424.0,13723.333333333334,13567.125,12425.229166666666,3.0670304058545847e-54,1433.9078056364283
58,1,22000,20118,16856.5,13448.333333333334,13307.0,12156.125,2.0413677201716315e-117,1536.6939178749108
61,4,22000,13650,13644.5,13525.0,13404.75,12259.979166666666,1.37738054566857e-62,1528.1763712924378
58,2,22000,20778,17203.0,13492.333333333334,13364.875,12327.333333333334,4.549225663634574e-182,1519.173161107619
59,3,22000,13529,13523.5,13374.666666666666,13225.875,12245.041666666666,1.0308545906123853e-86,1538.5771155974887
59,0,22000,13529,13523.5,13382.333333333334,13234.25,12139.416666666666,1.7748579207984288e-121,1544.329371672465
62,4,22000,13430,13375.0,13254.0,13144.875,12033.75,5.0025508795119654e-129,1563.12291641965
59,1,22000,13650,13628.0,13517.666666666666,13391.0,12292.9375,5.832108217199242e-119,1529.9073782484004
59,2,22000,13573,13556.5,13448.0,13282.125,12231.520833333334,2.0057202657402327e-160,1547.4812700635616
63,4,22000,13430,13408.0,13276.0,13161.25,12055.9375,7.080282267994078e-187,1563.266932563516
60,3,22000,21460,17527.5,13514.333333333334,13342.75,12239.833333333334,9.755211552880478e-161,1534.86433532308
60,0,22000,19579,16625.5,13613.333333333334,13464.0,12396.104166666666,3.4889569083612227e-228,1520.9741324798274
60,1,22000,13419,13391.5,13290.333333333334,13176.25,12089.229166666666,4.130554162172776e-217,1539.6604468855176
60,2,22000,13617,13611.5,13433.333333333334,13330.375,12198.354166666666,2.386355009837825e-73,1518.9964464727561
61,0,22000,13595,13584.0,13433.333333333334,13320.625,12139.333333333334,3.546939388282391e-81,1518.3283342479494
61,3,22000,13584,13556.5,13418.666666666666,13279.5,12162.520833333334,4.0132158818412073e-112,1534.5967395922207
64,4,22000,13474,13452.0,13301.333333333334,13190.125,12162.833333333334,2.278980848753933e-76,1552.4959296203635
61,1,22000,13606,13600.5,13466.666666666666,13369.0,12172.354166666666,8.771553465123886e-22,1531.815099839226
61,2,22000,13254,13221.0,13085.333333333334,12967.375,11892.604166666666,1.2787500147556207e-223,1561.7458188562905
62,0,22000,13595,13573.0,13448.0,13322.125,12317.479166666666,4.747716974546548e-62,1514.8184391528746
65,4,22000,13573,13556.5,13378.0,13242.375,12189.854166666666,1.065180113479488e-77,1528.9389718017378
62,3,22000,13441,13430.0,13331.0,13188.875,12194.895833333334,9.451787503681026e-210,1551.1695264697225
62,1,22000,13650,13644.5,13547.0,13390.75,12300.208333333334,1.1373250778075003e-150,1519.0868474458748
62,2,22000,13782,13754.5,13572.666666666666,13474.75,12198.75,4.0128530438055777e-224,1493.5644655543015
63,0,22000,13606,13589.5,13448.0,13306.875,12195.8125,1.2052994483996574e-37,1525.0285602127158
66,4,22000,13551,13534.5,13378.666666666666,13276.875,12240.895833333334,1.8387272903248086e-85,1534.9052084368254
63,3,22000,13463,13446.5,13338.0,13206.625,12114.6875,3.267493810640321e-204,1575.002254641957
63,1,22000,16851,15195.5,13452.0,13307.125,12237.354166666666,1.224495408422437e-192,1540.4148727720683
63,2,22000,13551,13540.0,13389.333333333334,13290.375,12217.104166666666,1.0003430850128833e-239,1522.832806334158
64,0,22000,21350,17494.5,13510.666666666666,13378.875,12396.604166666666,0.034589277035381887,1512.1481170527495
67,4,22000,13639,13617.0,13499.666666666666,13342.875,12416.270833333334,1.0392251465938641e-49,1516.292945758756
64,3,22000,13628,13595.0,13477.333333333334,13360.5,12217.583333333334,1.0823249562076171e-49,1510.982079291473
64,1,22000,20052,16807.0,13437.333333333334,13312.875,12129.541666666666,4.146365446646303e-37,1527.9542161095767
64,2,22000,13749,13738.0,13616.666666666666,13473.25,12270.0625,1.2592758056981993e-224,1504.4136075364493
65,3,22000,19546,16515.5,13415.333333333334,13291.875,12203.354166666666,1.2434317522047664e-191,1534.3046199931136
65,0,22000,14222,13958.0,13591.333333333334,13454.125,12249.4375,5.842518454891809e-124,1523.7021570620745
68,4,22000,13639,13633.5,13488.333333333334,13356.625,12187.3125,3.707435679227352e-73,1498.4019303533628
65,1,22000,20855,17208.5,13477.666666666666,13322.5,12235.270833333334,3.751605561107792e-146,1535.5855825957565
65,2,22000,13199,13188.0,13059.333333333334,12909.75,11820.770833333334,5.3285781409563795e-130,1590.3803925785605
69,4,22000,13144,13133.0,12986.333333333334,12853.375,11775.979166666666,1.2663045335010228e-143,1593.5609021492792
66,1,22000,20030,16801.5,13430.0,13329.25,12259.5,1.3830488791456502e-218,1534.8025455295835
66,0,22000,20382,16988.5,13470.333333333334,13351.0,12181.354166666666,8.732414030888701e-59,1535.78321391037
66,3,22000,13914,13743.5,13499.666666666666,13346.875,12218.729166666666,3.046543685367694e-281,1533.6737736935565
66,2,22000,17412,15338.5,13136.666666666666,13010.25,11981.541666666666,4.632908136345383e-134,1586.531770783035
67,3,22000,20536,17115.0,13617.0,13466.5,12478.0625,3.165272364834489e-303,1512.630859897066
67,1,22000,13650,13617.0,13506.666666666666,13359.125,12326.604166666666,9.833534890691708e-236,1527.6580091990952
70,4,22000,13672,13666.5,13536.0,13381.25,12191.208333333334,2.6639618842557627e-217,1517.9621629212224
67,0,22000,14409,13930.5,13404.333333333334,13220.375,12130.208333333334,1.8596838512324132e-269,1543.4186677079244
67,2,22000,13496,13474.0,13330.666666666666,13234.125,12178.354166666666,1.0910148039579246e-124,1527.8183745884596
68,0,22000,21834,17692.5,13503.333333333334,13312.5,12160.5,8.021673225976946e-172,1535.4701776315123
71,4,22000,13606,13589.5,13451.666666666666,13324.875,12334.8125,7.45525068402293e-103,1501.681495642827
68,3,22000,13408,13397.0,13279.333333333334,13173.625,12127.083333333334,5.454426605220304e-204,1567.6600869968552
68,1,22000,19755,16730.0,13628.0,13481.75,12399.979166666666,1.4858834592621887e-104,1496.9344318168846
68,2,22000,13496,13474.0,13345.333333333334,13239.5,12147.895833333334,3.871687755786741e-112,1532.7712443517648
69,3,22000,17841,15718.0,13554.666666666666,13367.625,12376.145833333334,2.583464178746821e-219,1530.9923562126528
72,4,22000,13562,13556.5,13393.333333333334,13283.625,12192.770833333334,3.4419561423501176e-234,1520.9082553749563
69,0,22000,13650,13633.5,13425.666666666666,13345.25,12276.395833333334,1.833957358004246e-112,1504.0392615869725
69,1,22000,21482,18066.5,13679.333333333334,13541.0,12475.625,6.5706955788553e-07,1501.4016379778438
69,2,22000,13463,13457.5,13294.333333333334,13213.875,12136.270833333334,1.2618766822348522e-217,1565.5506467800415
73,4,22000,15355,14414.5,13411.666666666666,13257.5,12158.166666666666,2.499269956464966e-65,1531.7369608002311
70,3,22000,13606,13584.0,13418.666666666666,13313.875,12283.791666666666,2.4876485518942334e-99,1522.1687814207257
70,0,22000,13639,13622.5,13495.666666666666,13341.25,12190.979166666666,1.2026146288604434e-227,1521.0400095846985
70,1,22000,19095,16323.0,13407.666666666666,13271.125,12225.395833333334,1.355176912516607e-110,1540.6165913980565
70,2,22000,21944,17736.5,13499.666666666666,13359.25,12288.833333333334,2.6663746077250473e-170,1533.9245400560396
71,3,22000,13496,13479.5,13327.333333333334,13199.75,12157.5625,2.4492534016571932e-298,1534.8066328409582
74,4,22000,13650,13644.5,13539.666666666666,13403.5,12121.75,1.3660574535010485e-185,1512.3248316876118
71,0,22000,13452,13446.5,13341.666666666666,13197.0,12123.770833333334,3.61147360981294e-46,1548.0916798062462
71,1,22000,17060,15245.0,13364.0,13208.25,12098.645833333334,1.765006425455925e-202,1557.1648544073112
71,2,22000,13650,13644.5,13488.333333333334,13324.875,12244.354166666666,1.7663091032512582e-241,1526.8622300759207
72,0,22000,13650,13606.0,13448.0,13363.375,12352.270833333334,4.617478287867845e-25,1487.774943554076
72,3,22000,13485,13479.5,13341.666666666666,13161.25,12081.8125,4.136862860933119e-224,1563.8609930607026
75,4,22000,13628,13606.0,13451.666666666666,13304.25,12211.416666666666,3.687889158627151e-142,1519.973027542168
72,1,22000,14805,14200.0,13532.666666666666,13333.125,12183.020833333334,2.762325761403837e-134,1538.9199296093143
72,2,22000,13441,13419.0,13261.0,13161.125,12116.020833333334,1.42286096722129e-142,1548.3015730549837
76,4,22000,13727,13710.5,13594.666666666666,13481.5,12210.854166666666,2.2688211938615954e-105,1495.5339769386235
73,0,22000,13584,13556.5,13429.666666666666,13298.75,12292.458333333334,4.492872603146633e-136,1529.7138342451613
73,2,22000,13562,13540.0,13385.666666666666,13210.75,12195.145833333334,3.476666554768037e-124,1542.454348572636
73,1,22000,13518,13490.5,13334.666666666666,13247.875,12019.958333333334,8.891331206302974e-16,1523.6158434003307
73,3,22000,13507,13479.5,13334.333333333334,13223.0,12200.5625,1.6216209932739806e-132,1561.2356313856976
74,0,22000,19491,16532.0,13437.0,13302.75,12317.958333333334,1.202723368035487e-115,1535.7132494941243
77,4,22000,13859,13727.0,13521.666666666666,13370.625,12267.729166666666,6.0285216834269265e-273,1521.5064031835172
74,1,22000,13595,13584.0,13411.666666666666,13290.625,12202.25,3.47958883347569e-270,1530.6449747665752
74,2,22000,13463,13446.5,13268.333333333334,13129.625,12129.5625,2.825190702322931e-62,1562.8267095091687
74,3,22000,13529,13523.5,13426.0,13290.5,12065.8125,3.825466116143678e-222,1531.1061145006734
75,0,22000,13551,13545.5,13418.666666666666,13291.875,12334.625,3.075589998874886e-127,1550.411013271797
78,4,22000,21625,17560.5,13386.0,13245.375,12310.604166666666,2.9002600993548278e-89,1545.7916163442226
75,1,22000,13551,13518.0,13385.666666666666,13245.125,12028.5,1.5853750205984754e-97,1556.192360649274
75,3,22000,13562,13545.5,13433.333333333334,13278.125,12198.5,2.172008708399002e-264,1544.4611258822074
75,2,22000,16730,15102.0,13345.666666666666,13238.5,12153.875,8.867457407124457e-58,1539.5577839782752
76,0,22000,18468,15993.0,13422.666666666666,13274.0,12181.770833333334,0.0010689177682080562,1558.363590659584
79,4,22000,13485,13452.0,13319.666666666666,13206.625,12136.166666666666,4.5717760936199633e-128,1540.5588889159342
76,1,22000,13485,13479.5,13334.333333333334,13204.0,12161.354166666666,1.0801223087465276e-234,1547.6416354529258
76,3,22000,13705,13683.0,13576.333333333334,13423.875,12336.020833333334,1.0961161550193129e-82,1496.7286258795218
76,2,22000,19579,16554.0,13422.666666666666,13322.25,12233.604166666666,9.239688619242125e-287,1550.336961544177
77,0,22000,13650,13639.0,13525.0,13333.0,12155.875,1.356404282608193e-63,1523.3855135947204
80,4,22000,16257,14871.0,13411.666666666666,13255.0,12252.1875,5.328578140948594e-130,1517.0019310973087
77,1,22000,13650,13617.0,13440.666666666666,13358.125,12321.208333333334,7.311307714268257e-27,1505.4683276448561
77,3,22000,13639,13628.0,13496.0,13370.375,12177.1875,1.1727736510490672e-148,1528.5110106815139
77,2,22000,13606,13600.5,13488.333333333334,13333.0,12241.145833333334,8.300720633048055e-96,1538.9473742355901
78,0,22000,19084,16268.0,13389.666666666666,13222.0,12156.645833333334,3.779279330254999e-70,1549.4962219958818
78,3,22000,19920,16724.5,13430.0,13311.125,12174.6875,4.424450206796742e-137,1542.0432168207885
81,4,22000,13683,13672.0,13536.0,13410.0,12228.979166666666,1.3128508055450118e-258,1505.2257359051223
78,1,22000,19480,16576.0,13565.666666666666,13419.75,12418.770833333334,3.6307097418500523e-155,1526.841793519048
78,2,22000,13474,13463.0,13334.333333333334,13201.0,12141.916666666666,4.054102287696335e-109,1548.1657315338668
79,0,22000,13639,13633.5,13492.333333333334,13381.25,12285.333333333334,2.5906298531699724e-65,1536.5539890424193
82,4,22000,13331,13325.5,13187.666666666666,13058.0,12083.9375,5.444707872130216e-199,1576.8236625710385
79,1,22000,14794,14123.0,13323.666666666666,13210.875,12056.229166666666,2.7202580321826884e-135,1561.7965132690092
79,3,22000,13584,13556.5,13371.0,13246.5,12133.458333333334,1.9796647878586992e-119,1538.5153258039923
79,2,22000,13683,13661.0,13459.0,13368.875,12138.25,7.548760166676694e-149,1496.2802282024252
83,4,22000,13474,13463.0,13356.666666666666,13230.25,12215.583333333334,5.456061245999788e-204,1542.7837340969918
80,0,22000,13474,13468.5,13327.0,13185.875,12092.895833333334,1.528221285898942e-129,1552.3600880992465
80,1,22000,13507,13485.0,13378.333333333334,13256.125,12197.895833333334,4.7392574613103204e-57,1547.5226233001852
80,2,22000,13738,13716.0,13565.333333333334,13444.375,12465.520833333334,3.892648665407384e-214,1506.0623881420424
80,3,22000,13507,13496.0,13371.0,13226.0,12116.020833333334,1.0790280817331388e-153,1534.5431244214733
81,3,22000,13573,13556.5,13433.333333333334,13293.25,12106.833333333334,2.678830956524763e-136,1544.2471453220955
81,0,22000,13034,13028.5,12883.333333333334,12667.625,11508.583333333334,6.363813477799666e-233,1612.7963166270356
84,4,22000,13430,13397.0,13268.333333333334,13135.0,12136.229166666666,2.2735071596249982e-98,1544.308935115592
81,1,22000,13771,13743.5,13576.666666666666,13429.75,12396.5625,3.077894767562525e-278,1488.7410480978258
81,2,22000,13540,13534.5,13374.666666666666,13245.0,12174.6875,2.812596053905268e-91,1533.8382263942954
82,0,22000,13562,13556.5,13437.0,13308.25,12157.6875,1.8767458323155337e-198,1522.577472537422
82,3,22000,13408,13397.0,13279.333333333334,13173.5,11990.458333333334,4.641177817412849e-139,1538.4330994536224
82,1,22000,13452,13413.5,13290.666666666666,13169.625,11992.5,6.654420682429223e-40,1561.1120517987042
85,4,22000,13804,13765.5,13613.333333333334,13457.25,12465.583333333334,3.336692111304617e-73,1488.0688485616447
82,2,22000,13529,13518.0,13404.0,13267.125,12195.291666666666,1.0774999713717653e-78,1538.5689409747395
83,0,22000,13562,13556.5,13404.0,13294.5,12247.354166666666,1.6558898827270536e-50,1512.7912252864307
86,4,22000,13485,13474.0,13338.333333333334,13203.0,12081.708333333334,1.2392956271516342e-74,1542.503876432009
83,1,22000,20679,17120.5,13536.333333333334,13312.75,12173.145833333334,7.570543227355523e-102,1529.013023529358
83,3,22000,13584,13551.0,13419.0,13327.625,12223.020833333334,7.283237763646123e-29,1528.172283981063
83,2,22000,14508,14062.5,13532.666666666666,13389.625,12312.395833333334,5.392961306597729e-20,1525.865212449636
84,0,22000,17654,15668.5,13639.0,13472.0,12312.25,6.234333592320994e-232,1506.0128602826696
87,4,22000,13474,13424.5,13279.333333333334,13180.375,12024.958333333334,8.683944046251614e-140,1529.98960459877
84,1,22000,13485,13468.5,13345.666666666666,13209.625,12093.645833333334,2.6646490320021297e-19,1556.1964479606481
84,3,22000,13562,13556.5,13404.0,13251.875,12115.5625,1.2813911126108895e-216,1542.273546626399
84,2,22000,13980,13958.0,13782.0,13625.0,12638.125,7.60591009845085e-68,1435.3888401888344
85,0,22000,18314,15943.5,13514.333333333334,13345.625,12248.5,1.8781309803172528e-237,1536.6157788359158
88,4,22000,13639,13633.5,13506.666666666666,13356.5,12310.791666666666,1.220422272813023e-75,1500.4909340133036
85,3,22000,13672,13655.5,13514.0,13383.875,12216.375,9.6066484819221e-162,1508.1677410474813
85,1,22000,15641,14689.5,13686.666666666666,13522.875,12383.875,5.692390069998701e-92,1506.3049798817763
85,2,22000,13727,13716.0,13565.333333333334,13452.625,12284.5,4.537029407677028e-216,1503.4988162605339
89,4,22000,13562,13545.5,13418.666666666666,13311.125,12193.25,2.078909867327337e-77,1542.2653720036499
86,3,22000,13584,13567.5,13448.0,13327.625,12195.395833333334,9.877568912029083e-207,1540.7606075419226
86,1,22000,13672,13655.5,13473.666666666666,13345.5,12239.083333333334,1.760721316002404e-46,1510.9121148752272
86,0,22000,13573,13556.5,13444.333333333334,13301.625,12212.333333333334,4.712951821709589e-138,1523.969752792934
86,2,22000,13661,13644.5,13528.666666666666,13373.0,12318.4375,9.315354134683207e-239,1488.6115957909963
87,3,22000,13518,13479.5,13345.333333333334,13195.625,12129.604166666666,5.753542169848209e-125,1536.6403027041633
87,0,22000,20448,17291.0,13723.333333333334,13568.5,12434.854166666666,2.546426460518805e-173,1513.637698822324
90,4,22000,13815,13804.0,13701.333333333334,13533.0,12406.0,6.166907594112106e-196,1458.1737487936057
87,1,22000,13749,13738.0,13558.0,13434.75,12370.229166666666,1.6380169251010448e-200,1515.0942095064834
87,2,22000,13661,13611.5,13448.0,13348.25,12176.145833333334,1.3598283392163384e-107,1527.6084813397226
88,1,22000,13672,13661.0,13536.0,13391.0,12289.9375,5.6244322130847545e-202,1503.4329391556626
88,0,22000,13650,13606.0,13488.333333333334,13379.75,12224.1875,4.834224548025385e-205,1529.0171108407324
88,3,22000,13518,13501.5,13345.333333333334,13196.875,12092.479166666666,1.6130714051237815e-201,1545.5776357841107
91,4,22000,13562,13540.0,13415.333333333334,13294.625,12159.083333333334,9.248056912214747e-240,1525.5031284342833
88,2,22000,13485,13474.0,13360.0,13246.375,12137.979166666666,5.168961423615378e-120,1533.7723492894243
89,0,22000,13584,13578.5,13433.666666666666,13282.375,12154.083333333334,4.2668996084314165e-220,1510.3634949260393
92,4,22000,13606,13589.5,13418.666666666666,13300.0,12225.3125,3.194312686521029e-232,1529.923727493899
89,3,22000,13408,13375.0,13217.0,13131.125,12124.3125,1.0969251527405993e-121,1552.1461075391346
89,1,22000,21746,17665.0,13496.0,13353.875,12238.604166666666,1.1577241085131585e-305,1513.355027927771
89,2,22000,17621,15569.5,13452.0,13309.75,12251.166666666666,8.406455392913809e-137,1537.2961529948464
90,0,22000,13496,13485.0,13356.333333333334,13252.125,12124.541666666666,2.0102795314819203e-118,1557.9397168507348
93,4,22000,13496,13474.0,13308.666666666666,13212.125,12137.583333333334,6.904596274337327e-108,1550.444191885672
90,3,22000,13496,13474.0,13323.333333333334,13195.5,12160.4375,1.7451167734606848e-18,1540.822397335419
90,1,22000,13507,13501.5,13385.666666666666,13263.0,12278.520833333334,1.6934826219307933e-171,1547.460833506689
90,2,22000,13870,13864.5,13741.666666666666,13553.5,12492.020833333334,1.391944281525305e-181,1461.7495209935514
91,3,22000,14618,14035.0,13360.333333333334,13227.5,12205.645833333334,1.1782524302192032e-114,1556.1264835444026
91,0,22000,13496,13479.5,13338.333333333334,13242.5,12206.0,8.005863430454006e-67,1527.970565355075
94,4,22000,13881,13848.0,13705.0,13541.125,12429.625,9.335516927903541e-157,1468.920227868511
91,2,22000,17159,15333.0,13463.0,13283.75,12142.875,2.1276527820852717e-201,1541.4532436349768
91,1,22000,13760,13743.5,13609.333333333334,13467.75,12301.8125,1.3385062880619948e-57,1527.0819446236308
92,0,22000,13518,13501.5,13374.666666666666,13206.625,12109.6875,1.2526039433374238e-115,1538.5153258039918
95,4,22000,13661,13650.0,13473.666666666666,13360.625,12324.333333333334,9.020662251638441e-62,1515.1269079974795
92,3,22000,13496,13463.0,13327.0,13208.125,12005.791666666666,2.7051590155118775e-216,1532.7957682200124
92,1,22000,13452,13441.0,13334.666666666666,13164.0,12144.645833333334,1.3597053960560595e-219,1555.3557084123534
92,2,22000,13551,13540.0,13404.0,13300.375,12199.25,5.494661256823355e-128,1536.6280407700394
93,0,22000,13496,13490.5,13393.0,13261.5,12189.541666666666,7.28135959494344e-227,1554.1651467828294
93,1,22000,13716,13710.5,13580.333333333334,13406.5,12343.625,1.0978161696509443e-272,1474.2515308926668
96,4,22000,13628,13589.5,13481.333333333334,13374.375,12217.541666666666,1.0446617039186156e-278,1520.1374802429068
93,3,22000,20107,16801.5,13430.0,13301.5,12245.041666666666,1.0456078435107033e-231,1538.7333936754785
93,2,22000,13507,13490.5,13404.0,13254.75,12119.0,1.72232520876282e-274,1558.2236618270924
94,0,22000,13617,13611.5,13514.333333333334,13380.0,12212.958333333334,5.936712737021799e-274,1515.91859980928
97,4,22000,13683,13661.0,13503.0,13390.75,12272.5,1.2570320198104816e-219,1510.363494926039
94,1,22000,13595,13573.0,13437.0,13312.375,12256.104166666666,3.237318503530105e-126,1539.5659586010242
94,2,22000,13672,13644.5,13536.0,13407.25,12371.0625,1.5018459798463679e-137,1520.8301163359613
94,3,22000,13650,13628.0,13477.333333333334,13352.375,12330.5,4.3689411437714555e-282,1514.954280673992
95,0,22000,13738,13716.0,13587.333333333334,13426.625,12331.958333333334,1.6437646307032262e-126,1497.3553848677052
98,4,22000,21306,17478.0,13554.666666666666,13407.5,12323.125,4.20309464345859e-209,1523.961578170185
95,1,22000,13573,13556.5,13393.0,13297.375,12110.041666666666,7.474070442038529e-147,1515.634654832922
95,3,22000,13573,13556.5,13418.666666666666,13275.5,12124.0625,1.7638641807654242e-51,1544.522915675704
95,2,22000,13661,13644.5,13514.0,13331.75,12161.604166666666,1.873401834285612e-193,1522.86141751378
96,0,22000,13727,13688.5,13532.333333333334,13446.125,12352.833333333334,3.2112431570544245e-163,1468.8869105223978
99,4,22000,13562,13534.5,13400.333333333334,13293.125,12431.166666666666,6.695896081641158e-110,1531.9591159830923
96,1,22000,13474,13468.5,13334.666666666666,13226.25,12105.520833333334,8.128935974706946e-178,1557.2593426918042
96,3,22000,13848,13831.5,13697.333333333334,13595.75,12482.229166666666,9.93107861435687e-204,1497.1786702328423
96,2,22000,18754,16070.0,13243.0,13129.75,12100.729166666666,7.842986925131286e-66,1568.5544417158974
97,3,22000,13529,13523.5,13382.0,13275.25,12131.395833333334,9.44567066810688e-59,1522.7791911634106
97,1,22000,13837,13820.5,13664.666666666666,13501.25,12519.6875,0.0,1461.4037862236974
97,0,22000,13628,13622.5,13517.666666666666,13377.0,12355.4375,1.166264074127032e-229,1522.9890844121478
97,2,22000,13507,13496.0,13382.0,13247.875,12175.145833333334,2.780437553104216e-90,1546.406113398282
98,3,22000,13529,13512.5,13378.333333333334,13254.625,12129.083333333334,1.914672045679847e-163,1520.0552538925378
98,0,22000,13683,13650.0,13525.0,13389.375,12206.5,1.80184e-318,1516.1571042376393
98,1,22000,13584,13573.0,13408.0,13290.625,12273.75,4.074910250605045e-223,1522.2387458369717
98,2,22000,13661,13655.5,13503.0,13357.75,12338.520833333334,2.6908377083438136e-99,1518.3201596252002
99,0,22000,13606,13584.0,13477.666666666666,13363.375,12200.104166666666,5.758879443830191e-264,1534.6503547629682
99,3,22000,13639,13617.0,13484.666666666666,13328.875,12250.791666666666,2.386355009837825e-73,1526.9117579352937
99,1,22000,13540,13518.0,13396.666666666666,13267.125,12026.895833333334,1.555890844358883e-101,1525.787073410641
99,2,22000,13672,13655.5,13496.0,13375.875,12215.083333333334,4.835030733626211e-22,1495.542151561373
