0.0,0.0,0.0,0.0,0.0,0.0,0.0,0.0,0.0,0.0,0.0,0.0,0.0,0.0,0.0,0.0,0.0,0.0,0.0,0.0,0.0,0.0,0.0,0.0,0.0,0.0,0.0,0.0,0.0,0.0,0.0,0.0,0.0,0.0,0.0,0.0,0.01,0.01,0.01,0.01,0.01,0.01,0.01,0.02,0.02,0.02,0.02,0.02,0.03,0.03,0.03,0.03,0.03,0.03,0.03,0.03,0.03,0.03,0.03,0.03,0.03,0.04,0.03,0.04,0.03,0.04,0.04,0.04,0.04,0.04,0.04,0.05,0.04,0.04,0.04,0.04,0.05000000000000001,0.07,0.08,0.08,0.08,0.08,0.07,0.09,0.09,0.08000000000000002,0.08000000000000002,0.08000000000000002,0.08000000000000002,0.08000000000000002,0.09000000000000001,0.11,0.11,0.11,0.13,0.13,0.13,0.13,0.13,0.12000000000000002,0.13,0.13,0.14,0.16,0.16,0.16,0.16,0.18,0.17,0.17,0.19,0.2,0.19,0.2,0.21000000000000002,0.2,0.2,0.2,0.2,0.2,0.22000000000000003,0.22000000000000003,0.23,0.23,0.23,0.23,0.22,0.23,0.22,0.23,0.22,0.22,0.22,0.22,0.22,0.22,0.22,0.22,0.22,0.22,0.22,0.22,0.22,0.24000000000000002,0.23,0.23,0.26,0.26,0.26,0.26,0.24999999999999997,0.29,0.27,0.27,0.31,0.31,0.31,0.29000000000000004,0.29000000000000004,0.31,0.31,0.35,0.33,0.36,0.36,0.35000000000000003,0.38,0.39,0.39,0.37,0.39,0.43,0.43,0.47,0.45,0.49,0.5,0.47000000000000003,0.49000000000000005,0.54,0.52,0.52,0.5599999999999999,0.5399999999999999,0.58,0.61,0.61,0.61,0.61,0.61,0.58,0.58,0.65,0.6799999999999999,0.6799999999999999,0.6799999999999999,0.6299999999999999,0.6299999999999999,0.6499999999999999,0.73,0.6799999999999999,0.7,0.78,0.8,0.8,0.7599999999999999,0.83,0.83,0.7799999999999999,0.86,0.8099999999999999,0.88,0.84,0.87,0.87,0.97,0.97,0.9,0.9,0.9,0.9,1.0,1.0,1.0,1.03,0.9800000000000001,1.06,1.06,1.01,1.0899999999999999,1.0399999999999998,1.0399999999999998,1.1199999999999999,1.0399999999999998,1.0699999999999998,1.0699999999999998,1.0699999999999998,1.0699999999999998,1.0699999999999998,1.0699999999999998,1.15,1.15,1.15,1.0999999999999999,1.0999999999999999,1.0999999999999999,1.0999999999999999,1.0999999999999999,1.21,1.21,1.21,1.14,1.24,1.24,1.17,1.17,1.28,1.28,1.17,1.17,1.3099999999999998,1.2099999999999997,1.2399999999999998,1.2399999999999998,1.2399999999999998,1.2399999999999998,1.2799999999999998,1.38,1.38,1.38,1.38,1.38,1.38,1.38,1.38,1.3099999999999998,1.42,1.42,1.42,1.42,1.3499999999999999,1.42,1.42,1.42,1.38,1.46,1.42,1.4499999999999997,1.4499999999999997,1.5299999999999998,1.4899999999999998,1.5599999999999998,1.4899999999999998,1.5599999999999998,1.5599999999999998,1.5599999999999998,1.5299999999999998,1.5899999999999999,1.5899999999999999,1.5699999999999998,1.5699999999999998,1.5699999999999998,1.63,1.5999999999999999,1.67,1.67,1.67,1.67,1.67,1.64,1.64,1.71,1.75,1.75,1.68,1.68,1.7899999999999998,1.7899999999999998,1.7899999999999998,1.72,1.73,1.8299999999999998,1.8299999999999998,1.8299999999999998,1.77,1.8699999999999999,1.8699999999999999,1.8699999999999999,1.8099999999999998,1.91,1.95,1.95,1.95,1.89,1.9999999999999998,1.9999999999999998,1.9400000000000002,1.9400000000000002,1.9400000000000002,1.9400000000000002,2.04,2.04,2.04,2.04,1.9800000000000002,2.08,2.08,2.12,2.0700000000000003,2.0700000000000003,2.17,2.17,2.17,2.1100000000000003,2.1100000000000003,2.1100000000000003,2.16,2.3,2.3,2.3,2.2,2.2,2.35,2.25,2.25,2.25,2.25,2.3899999999999997,2.3899999999999997,2.4299999999999997,2.4299999999999997,2.4299999999999997,2.4299999999999997,2.4299999999999997,2.34,2.34,2.34,2.34,2.39,2.39,2.53,2.53,2.53,2.53,2.44,2.44,2.57,2.4899999999999998,2.4899999999999998,2.4899999999999998,2.4899999999999998,2.4899999999999998,2.6199999999999997,2.6199999999999997,2.54,2.54,2.6699999999999995,2.6699999999999995,2.6699999999999995,2.59,2.7199999999999998,2.69,2.82,2.82,2.82,2.82,2.7399999999999998,2.7399999999999998,2.7399999999999998,2.7399999999999998,2.75,2.8699999999999997,2.8699999999999997,2.8,2.9199999999999995,2.85,2.9,3.0199999999999996,2.95,2.95,3.07,3.01,3.01,3.1199999999999997,3.06,3.06,3.06,3.06,3.1699999999999995,3.1699999999999995,3.1699999999999995,3.12,3.2299999999999995,3.28,3.22,3.22,3.22,3.3299999999999996,3.28,3.4399999999999995,3.4399999999999995,3.39,3.39,3.39,3.4899999999999998,3.4899999999999998,3.4899999999999998,3.4899999999999998,3.4899999999999998,3.4899999999999998,3.4899999999999998,3.45,3.45,3.54,3.54,3.54,3.54,3.54,3.5,3.5,3.6,3.56,3.56,3.56,3.56,3.65,3.65,3.65,3.62,3.62,3.62,3.62,3.71,3.68,3.77,3.82,3.7399999999999998,3.82,3.8800000000000003,3.7900000000000005,3.8800000000000003,3.8800000000000003,3.94,3.85,3.94,3.85,3.85,4.0,4.0,4.0,3.9100000000000006,3.9100000000000006,4.06,3.97,3.97,3.97,3.97,4.030000000000001,4.030000000000001,4.17,4.28,4.210000000000001,4.210000000000001,4.210000000000001,4.210000000000001,4.210000000000001,4.210000000000001,4.34,4.3999999999999995,4.3999999999999995,4.3999999999999995,4.340000000000001,4.340000000000001,4.340000000000001,4.47,4.47,4.47,4.47,4.47,4.400000000000001,4.400000000000001,4.53,4.53,4.470000000000001,4.59,4.59,4.530000000000001,4.6499999999999995,4.6499999999999995,4.6499999999999995,4.590000000000001,4.590000000000001,4.590000000000001,4.590000000000001,4.71,4.650000000000001,4.650000000000001,4.650000000000001,4.7700000000000005,4.720000000000001,4.83,4.780000000000001,4.780000000000001,4.96,4.910000000000001,5.0200000000000005,5.0200000000000005,5.09,5.15,5.110000000000001,5.22,5.22,5.22,5.28,5.28,5.240000000000001,5.240000000000001,5.240000000000001,5.240000000000001,5.310000000000001,5.4,5.4,5.4,5.4,5.380000000000001,5.380000000000001,5.450000000000001,5.450000000000001,5.470000000000001,5.520000000000001,5.520000000000001,5.540000000000001,5.540000000000001,5.540000000000001,5.660000000000001,5.660000000000001,5.610000000000001,5.610000000000001,5.610000000000001,5.610000000000001,5.730000000000001,5.6800000000000015,5.800000000000001,5.800000000000001,5.870000000000001,5.820000000000001,5.820000000000001,5.8900000000000015,5.8900000000000015,6.010000000000001,5.960000000000001,5.960000000000001,6.080000000000001,6.150000000000001,6.150000000000001,6.030000000000001,6.030000000000001,6.030000000000001,6.220000000000001,6.220000000000001,6.220000000000001,6.220000000000001,6.220000000000001,6.220000000000001,6.220000000000001,6.1000000000000005,6.1000000000000005,6.300000000000001,6.370000000000001,6.370000000000001,6.370000000000001,6.24,6.440000000000001,6.440000000000001,6.440000000000001,6.440000000000001,6.450000000000001,6.450000000000001,6.450000000000001,6.3100000000000005,6.3100000000000005,6.3100000000000005,6.520000000000001,6.38,6.38,6.590000000000001,6.46,6.46,6.46,6.53,6.740000000000001,6.61,6.820000000000001,6.680000000000001,6.680000000000001,6.680000000000001,6.900000000000001,6.680000000000001,6.680000000000001,6.680000000000001,6.680000000000001,6.970000000000001,6.76,7.050000000000001,6.84,6.84,7.130000000000001,7.130000000000001,6.84,6.84,7.210000000000001,7.210000000000001,7.290000000000001,7.290000000000001,6.92,7.370000000000001,7.0,7.440000000000001,7.520000000000001,7.520000000000001,7.520000000000001,7.08,7.600000000000001,7.600000000000001,7.600000000000001,7.600000000000001,7.16,7.6800000000000015,7.24,7.24,7.24,7.24,7.760000000000002,7.760000000000002,7.32,7.32,7.4,7.840000000000002,7.840000000000002,7.920000000000002,7.48,7.48,7.920000000000002,7.920000000000002,8.000000000000002,7.5600000000000005,8.08,8.08,7.640000000000001,8.170000000000002,7.73,7.73,8.250000000000002,7.8100000000000005,8.250000000000002,8.330000000000002,8.330000000000002,8.330000000000002,7.98,7.98,7.98,7.98,7.98,7.98,7.98,7.98,8.06,8.06,8.49,8.580000000000002,8.580000000000002,8.580000000000002,8.580000000000002,8.580000000000002,8.580000000000002,8.580000000000002,8.660000000000002,8.32,8.32,8.32,8.32,8.32,8.750000000000002,8.4,8.4,8.49,8.920000000000002,8.920000000000002,8.58,8.67,9.090000000000002,8.76,8.76,9.100000000000001,9.190000000000001,8.93,9.280000000000001,9.280000000000001,9.02,9.02,9.11,9.450000000000001,9.2,9.29,9.63,9.29,9.72,9.38,9.47,9.9,9.56,9.990000000000002,9.65,10.080000000000002,10.080000000000002,10.080000000000002,9.74,9.74,9.74,9.74,9.74,10.170000000000002,9.83,9.83,10.170000000000002,9.92,10.260000000000002,10.260000000000002,10.260000000000002,10.01,10.01,10.02,10.260000000000002,10.260000000000002,10.260000000000002,10.260000000000002,10.260000000000002,10.350000000000001,10.2,10.2,10.2,10.2,10.2,10.440000000000001,10.29,10.29,10.530000000000001,10.530000000000001,10.530000000000001,10.530000000000001,10.29,10.620000000000001,10.620000000000001,10.620000000000001,10.389999999999999,10.389999999999999,10.479999999999999,10.479999999999999,10.479999999999999,10.479999999999999,10.810000000000002,10.810000000000002,10.579999999999998,10.579999999999998,10.900000000000002,10.68,10.990000000000002,10.990000000000002,10.78,10.78,11.090000000000002,11.090000000000002,11.090000000000002,11.090000000000002,10.879999999999999,10.879999999999999,10.879999999999999,10.879999999999999,11.190000000000001,10.969999999999999,11.280000000000003,11.069999999999999,11.280000000000003,11.280000000000003,11.280000000000003,11.169999999999998,11.370000000000003,11.370000000000003,11.370000000000003,11.26,11.470000000000002,11.470000000000002,11.470000000000002,11.470000000000002,11.470000000000002,11.470000000000002,11.470000000000002,11.36,11.570000000000002,11.459999999999999,11.459999999999999,11.459999999999999,11.670000000000002,11.670000000000002,11.670000000000002,11.559999999999999,11.659999999999998,11.659999999999998,11.659999999999998,11.76,11.960000000000003,11.86,11.86,11.959999999999999,11.959999999999999,11.959999999999999,11.959999999999999,12.160000000000002,12.160000000000002,12.160000000000002,12.160000000000002,12.160000000000002,12.160000000000002,12.160000000000002,12.059999999999999,12.059999999999999,12.059999999999999,12.059999999999999,12.059999999999999,12.059999999999999,12.260000000000002,12.260000000000002,12.059999999999999,12.360000000000003,12.17,12.460000000000003,12.460000000000003,12.460000000000003,12.460000000000003,12.460000000000003,12.460000000000003,12.27,12.27,12.27,12.27,12.560000000000002,12.560000000000002,12.560000000000002,12.560000000000002,12.37,12.660000000000002,12.479999999999999,12.479999999999999,12.479999999999999,12.479999999999999,12.479999999999999,12.870000000000003,12.870000000000003,12.870000000000003,12.870000000000003,12.870000000000003,12.870000000000003,12.870000000000003,12.870000000000003,12.68,12.68,12.68,12.68,12.68,12.68,12.68,12.68,12.68,12.68,12.68,12.68,12.68,12.68,12.68,12.970000000000002,12.970000000000002,12.78,12.78,12.79,12.79,12.79,13.080000000000002,12.79,13.080000000000002,12.9,13.180000000000003,12.9,13.290000000000003,13.290000000000003,13.290000000000003,13.290000000000003,13.300000000000002,13.300000000000002,13.11,13.300000000000002,13.209999999999999,13.209999999999999,13.209999999999999,13.209999999999999,13.209999999999999,13.209999999999999,13.410000000000004,13.410000000000004,13.410000000000004,13.410000000000004,13.410000000000004,13.410000000000004,13.410000000000004,13.410000000000004,13.410000000000004,13.410000000000004,13.410000000000004,13.410000000000004,13.410000000000004,13.410000000000004,13.32,13.32,13.32,13.32,13.520000000000003,13.42,13.520000000000003,13.520000000000003,13.520000000000003,13.520000000000003,13.620000000000003,13.639999999999999,13.639999999999999,13.639999999999999,13.639999999999999,13.639999999999999,13.639999999999999,13.639999999999999,13.74,13.830000000000004,13.840000000000003,13.840000000000003,13.840000000000003,13.840000000000003,13.840000000000003,13.85,13.940000000000003,13.940000000000003,13.940000000000003,13.959999999999999,14.040000000000004,14.07,14.150000000000004,14.150000000000004,14.17,14.260000000000003,14.260000000000003,14.260000000000003,14.260000000000003,14.28,14.360000000000005,14.360000000000005,14.389999999999999,14.389999999999999,14.360000000000005,14.5,14.5,14.5,14.470000000000004,14.580000000000005,14.580000000000005,14.72,14.72,14.72,14.72,14.72,14.72,14.690000000000003,14.690000000000003,14.690000000000003,14.690000000000003,14.83,14.83,14.800000000000006,14.800000000000006,14.800000000000006,14.800000000000006,14.800000000000006,14.800000000000006,14.800000000000006,14.800000000000006,14.810000000000004,14.810000000000004,14.810000000000004,14.810000000000004,14.810000000000004,14.940000000000003,14.940000000000003,14.920000000000003,14.920000000000003,15.050000000000002,15.050000000000002,15.160000000000002,15.160000000000002,15.160000000000002,15.140000000000006,15.140000000000006,15.270000000000001,15.38,15.38,15.370000000000006,15.49,15.480000000000006,15.480000000000006,15.610000000000001,15.610000000000001,15.600000000000003,15.600000000000003,15.600000000000003,15.600000000000003,15.72,15.72,15.83,15.83,15.83,15.710000000000006,15.710000000000006,15.710000000000006,15.830000000000007,16.060000000000002,16.060000000000002,16.070000000000007,16.17,16.19000000000001,16.320000000000007,16.400000000000002,16.44000000000001,16.51,16.520000000000003,16.630000000000003,16.630000000000003,16.68000000000001,16.750000000000004,16.750000000000004,16.800000000000008,16.800000000000008,16.860000000000003,16.860000000000003,16.92000000000001,17.04000000000001,17.04000000000001,17.1,17.1,17.16000000000001,17.220000000000002,17.220000000000002,17.220000000000002,17.220000000000002,17.340000000000003,17.35,17.35,17.40000000000001,17.470000000000002,17.470000000000002,17.470000000000002,17.470000000000002,17.52000000000001,17.590000000000003,17.590000000000003,17.590000000000003,17.590000000000003,17.590000000000003,17.640000000000008,17.640000000000008,17.640000000000008,17.640000000000008,17.640000000000008,17.71,17.830000000000002,17.77000000000001,17.950000000000003,18.070000000000004,18.070000000000004,18.02000000000001,18.02000000000001,18.19,18.28000000000001,18.430000000000003,18.430000000000003,18.40000000000001,18.40000000000001,18.55,18.55,18.53000000000001,18.53000000000001,18.67,18.790000000000003,18.790000000000003,18.790000000000003,18.79000000000001,18.92,18.92000000000001,18.92000000000001,18.92000000000001,18.92000000000001,18.92000000000001,18.92000000000001,19.050000000000008,19.050000000000008,19.160000000000004,19.050000000000008,19.050000000000008,19.28,19.28,19.28,19.28,19.28,19.410000000000004,19.410000000000004,19.410000000000004,19.53,19.53,19.300000000000008,19.78,19.57000000000001,19.910000000000004,20.03,20.03,20.160000000000004,20.160000000000004,20.160000000000004,20.160000000000004,19.83000000000001,19.83000000000001,20.28,20.28,19.97000000000001,20.410000000000004,20.410000000000004,20.10000000000001,20.540000000000003,20.540000000000003,20.540000000000003,20.540000000000003,20.540000000000003,20.540000000000003,20.540000000000003,20.24000000000001,20.67,20.67,20.67,20.790000000000003,20.790000000000003,20.51000000000001,20.92,20.92,21.05,20.64000000000001,20.64000000000001,21.180000000000003,20.770000000000014,20.770000000000014,20.770000000000014,20.770000000000014,21.310000000000002,21.44,21.44,21.44,21.44,21.44,21.05000000000001,21.05000000000001,21.05000000000001,21.05000000000001,21.570000000000004,21.570000000000004,21.570000000000004,21.180000000000014,21.700000000000003,21.700000000000003,21.32000000000001,21.32000000000001,21.32000000000001,21.830000000000002,21.46000000000001,21.46000000000001,21.46000000000001,21.600000000000012,22.090000000000003,22.090000000000003,21.740000000000013,21.880000000000013,22.35,22.010000000000012,22.010000000000012,22.010000000000012,22.010000000000012,22.480000000000004,22.480000000000004,22.480000000000004,22.480000000000004,22.480000000000004,22.480000000000004,22.490000000000002,22.490000000000002,22.280000000000012,22.280000000000012,22.280000000000012,22.280000000000012,22.620000000000005,22.620000000000005,22.420000000000012,22.420000000000012,22.880000000000003,22.880000000000003,22.880000000000003,22.55000000000001,23.01,22.690000000000012,22.690000000000012,22.690000000000012,23.150000000000002,22.82000000000001,22.82000000000001,22.82000000000001,23.28,22.96000000000001,23.42,23.42,23.100000000000012,23.550000000000004,23.550000000000004,23.550000000000004,23.69,23.69,23.38000000000001,23.38000000000001,23.38000000000001,23.820000000000004,23.960000000000004,23.960000000000004,23.960000000000004,23.960000000000004,23.960000000000004,23.960000000000004,23.960000000000004,23.66000000000001,23.66000000000001,23.66000000000001,23.66000000000001,23.66000000000001,23.66000000000001,24.1,24.1,24.1,24.1,23.80000000000001,23.80000000000001,24.1,23.940000000000012,23.940000000000012,23.940000000000012,23.940000000000012,23.940000000000012,23.940000000000012,24.240000000000002,24.08000000000001,24.09000000000001,24.09000000000001,24.23000000000001,24.520000000000003,24.23000000000001,24.23000000000001,24.23000000000001,24.370000000000008,24.790000000000003,24.790000000000003,24.790000000000003,24.51000000000001,24.920000000000005,24.920000000000005,24.66000000000001,24.80000000000001,24.80000000000001,24.80000000000001,24.80000000000001,25.070000000000004,25.070000000000004,25.070000000000004,25.070000000000004,24.94000000000001,25.210000000000004,25.210000000000004,25.210000000000004,25.210000000000004,25.210000000000004,25.210000000000004,25.210000000000004,25.210000000000004,25.210000000000004,25.23000000000001,25.23000000000001,25.350000000000005,25.350000000000005,25.350000000000005,25.350000000000005,25.350000000000005,25.350000000000005,25.350000000000005,25.370000000000008,25.370000000000008,25.370000000000008,25.370000000000008,25.490000000000006,25.490000000000006,25.490000000000006,25.490000000000006,25.490000000000006,25.51000000000001,25.51000000000001,25.51000000000001,25.51000000000001,25.51000000000001,25.51000000000001,25.51000000000001,25.490000000000006,25.660000000000007,25.490000000000006,25.490000000000006,25.800000000000008,25.630000000000006,25.95000000000001,25.770000000000007,26.090000000000007,25.910000000000007,26.24000000000001,26.24000000000001,26.060000000000006,26.38000000000001,26.38000000000001,26.38000000000001,26.38000000000001,26.38000000000001,26.390000000000008,26.390000000000008,26.390000000000008,26.53000000000001,26.200000000000006,26.200000000000006,26.53000000000001,26.53000000000001,26.340000000000007,26.340000000000007,26.340000000000007,26.67000000000001,26.67000000000001,26.67000000000001,26.67000000000001,26.490000000000006,26.490000000000006,26.640000000000008,26.640000000000008,26.960000000000008,26.790000000000006,26.790000000000006,26.790000000000006,26.790000000000006,26.94000000000001,27.110000000000007,27.26000000000001,27.26000000000001,27.26000000000001,27.26000000000001,27.26000000000001,27.08000000000001,27.08000000000001,27.560000000000006,27.560000000000006,27.560000000000006,27.560000000000006,27.560000000000006,27.230000000000008,27.230000000000008,27.710000000000008,27.370000000000008,27.370000000000008,27.860000000000007,27.52000000000001,27.52000000000001,27.52000000000001,28.01000000000001,28.01000000000001,27.67000000000001,27.67000000000001,28.160000000000007,28.160000000000007,28.310000000000006,27.97000000000001,27.97000000000001,28.470000000000006,28.470000000000006,28.470000000000006,28.470000000000006,28.12000000000001,28.620000000000005,28.27000000000001,28.27000000000001,28.27000000000001,28.620000000000005,28.620000000000005,28.620000000000005,28.620000000000005,28.620000000000005,28.780000000000005,28.42000000000001,28.570000000000007,28.940000000000005,28.730000000000008,28.730000000000008,28.88000000000001,28.88000000000001,29.100000000000005,29.030000000000012,29.030000000000012,29.030000000000012,29.26,29.26,29.18000000000001,29.18000000000001,29.18000000000001,29.18000000000001,29.41,29.340000000000007,29.340000000000007,29.569999999999997,29.569999999999997,29.569999999999997,29.340000000000007,29.569999999999997,29.569999999999997,29.340000000000007,29.340000000000007,29.73,29.88,29.650000000000002,29.650000000000002,30.039999999999996,30.039999999999996,29.810000000000006,30.2,29.960000000000004,30.2,30.12,30.12,30.360000000000003,30.360000000000003,30.360000000000003,30.360000000000003,30.360000000000003,30.360000000000003,30.360000000000003,30.360000000000003,30.12,30.12,30.12,30.52,30.27,30.27,30.680000000000003,30.420000000000005,30.420000000000005,30.84,30.58000000000001,30.58000000000001,31.000000000000004,30.910000000000007,31.08000000000001,31.33000000000001,31.08000000000001,31.08000000000001,31.500000000000004,31.660000000000007,31.40000000000001,31.40000000000001,31.83000000000001,31.83000000000001,31.83000000000001,31.83000000000001,31.83000000000001,31.83000000000001,31.83000000000001,31.560000000000006,32.000000000000014,32.000000000000014,32.000000000000014,31.720000000000002,32.170000000000016,32.170000000000016,32.170000000000016,31.720000000000002,32.34000000000002,32.34000000000002,32.51000000000001,32.51000000000001,32.51000000000001,31.88,32.680000000000014,32.680000000000014,32.05,32.05,32.05,32.680000000000014,32.209999999999994,32.209999999999994,32.209999999999994,32.680000000000014,32.680000000000014,32.209999999999994,32.209999999999994,32.209999999999994,33.030000000000015,33.030000000000015,32.37,32.37,33.030000000000015,32.529999999999994,33.37000000000002,32.69,33.54000000000002,33.54000000000002,32.849999999999994,32.849999999999994,32.849999999999994,32.849999999999994,33.710000000000015,32.849999999999994,32.849999999999994,33.87000000000002,33.019999999999996,33.019999999999996,33.019999999999996,33.019999999999996,33.019999999999996,33.019999999999996,34.03000000000002,34.03000000000002,33.349999999999994,33.349999999999994,33.349999999999994,34.20000000000002,34.20000000000002,34.20000000000002,33.519999999999996,34.38000000000002,33.67999999999999,34.55000000000001,34.73000000000001,34.73000000000001,34.73000000000001,34.019999999999996,34.91000000000002,34.91000000000002,34.17999999999999,34.17999999999999,34.17999999999999,34.33999999999999,35.26000000000001,34.50999999999999,34.50999999999999,34.50999999999999,35.44000000000001,35.44000000000001,35.44000000000001,34.67999999999999,34.67999999999999,34.67999999999999,34.67999999999999,34.67999999999999,35.62000000000001,34.84999999999999,35.80000000000001,35.80000000000001,35.80000000000001,35.01999999999999,35.01999999999999,35.18999999999999,36.15000000000001,35.35999999999999,35.35999999999999,35.35999999999999,35.35999999999999,36.33000000000001,36.33000000000001,35.35999999999999,35.35999999999999,36.51000000000001,36.51000000000001,35.35999999999999,35.35999999999999,35.35999999999999,36.69000000000001,36.69000000000001,35.529999999999994,35.529999999999994,36.69000000000001,36.69000000000001,36.69000000000001,36.69000000000001,36.69000000000001,36.69000000000001,36.69000000000001,36.69000000000001,35.709999999999994,36.860000000000014,35.879999999999995,35.879999999999995,35.879999999999995,36.04999999999999,36.04999999999999,36.04999999999999,36.04999999999999,37.04000000000001,37.04000000000001,37.04000000000001,37.04000000000001,37.04000000000001,36.23,36.23,36.23,36.23,36.23,36.23,36.23,36.23,36.23,36.23,37.04000000000001,37.04000000000001,36.39999999999999,36.39999999999999,36.39999999999999,36.39999999999999,36.39999999999999,37.210000000000015,37.210000000000015,37.210000000000015,37.210000000000015,37.210000000000015,36.569999999999986,36.569999999999986,36.569999999999986,36.569999999999986,36.569999999999986,37.390000000000015,37.390000000000015,36.73999999999999,37.56000000000002,37.56000000000002,37.56000000000002,37.56000000000002,37.56000000000002,37.740000000000016,36.91999999999999,36.929999999999986,36.929999999999986,37.920000000000016,37.09999999999999,37.09999999999999,37.09999999999999,38.09000000000002,38.09000000000002,38.09000000000002,38.09000000000002,38.09000000000002,38.09000000000002,37.27999999999999,37.27999999999999,37.27999999999999,38.26000000000002,38.26000000000002,37.44999999999999,37.44999999999999,37.44999999999999,37.44999999999999,37.44999999999999,37.44999999999999,37.44999999999999,38.26000000000002,37.62999999999999,37.62999999999999,38.26000000000002,38.26000000000002,38.26000000000002,38.26000000000002,38.26000000000002,38.26000000000002,38.26000000000002,38.26000000000002,38.26000000000002,38.26000000000002,38.26000000000002,38.26000000000002,38.26000000000002,38.26000000000002,38.26000000000002,38.26000000000002,38.26000000000002,38.26000000000002,37.80999999999999,37.80999999999999,37.80999999999999,37.80999999999999,38.43000000000002,38.43000000000002,38.44000000000002,38.44000000000002,38.44000000000002,38.44000000000002,38.44000000000002,38.44000000000002,38.44000000000002,38.44000000000002,38.44000000000002,38.44000000000002,37.97999999999999,38.44000000000002,37.97999999999999,38.44000000000002,37.97999999999999,38.44000000000002,37.97999999999999,38.44000000000002,37.97999999999999,38.44000000000002,37.97999999999999,38.44000000000002,37.97999999999999,38.14999999999999,38.62000000000002,38.62000000000002,38.62000000000002,38.62000000000002,38.62000000000002,38.62000000000002,38.62000000000002,38.62000000000002,38.51999999999999,38.51999999999999,38.800000000000026,38.51999999999999,38.800000000000026,38.51999999999999,38.800000000000026,38.800000000000026,38.800000000000026,38.800000000000026,38.51999999999999,38.51999999999999,38.51999999999999,38.51999999999999,38.51999999999999,38.51999999999999,38.980000000000025,38.51999999999999,38.980000000000025,38.980000000000025,38.980000000000025,38.980000000000025,38.980000000000025,38.980000000000025,38.69999999999999,38.69999999999999,38.69999999999999,38.69999999999999,38.69999999999999,38.69999999999999,38.69999999999999,38.69999999999999,38.69999999999999,38.69999999999999,39.160000000000025,38.69999999999999,39.160000000000025,38.69999999999999,38.69999999999999,38.69999999999999,38.69999999999999,38.69999999999999,38.69999999999999,38.69999999999999,38.69999999999999,38.69999999999999,38.69999999999999,38.87999999999999,38.87999999999999,38.87999999999999,38.87999999999999,38.87999999999999,38.87999999999999,39.520000000000024,39.520000000000024,39.520000000000024,39.520000000000024,39.520000000000024,39.520000000000024,39.520000000000024,39.520000000000024,39.53000000000002,39.05999999999999,39.05999999999999,39.05999999999999,39.05999999999999,39.05999999999999,39.05999999999999,39.05999999999999,39.71000000000002,39.71000000000002,39.89000000000002,39.41999999999999,39.89000000000002,39.89000000000002,39.89000000000002,39.89000000000002,39.89000000000002,39.89000000000002,39.89000000000002,39.59999999999999,39.59999999999999,39.59999999999999,39.59999999999999,39.59999999999999,39.59999999999999,40.07000000000002,40.07000000000002,39.79999999999998,39.79999999999998,39.79999999999998,39.79999999999998,39.79999999999998,40.260000000000026,39.79999999999998,40.260000000000026,40.260000000000026,39.97999999999998,39.97999999999998,39.97999999999998,39.97999999999998,40.440000000000026,39.97999999999998,40.440000000000026,39.97999999999998,40.440000000000026,39.97999999999998,40.440000000000026,40.440000000000026,40.440000000000026,40.15999999999998,40.630000000000024,40.630000000000024,40.630000000000024,40.33999999999999,40.52999999999999,40.52999999999999,40.52999999999999,40.810000000000024,40.810000000000024,40.810000000000024,40.810000000000024,40.810000000000024,40.70999999999999,40.889999999999986,40.889999999999986,40.889999999999986,40.889999999999986,41.17000000000002,41.069999999999986,41.069999999999986,41.36000000000003,41.36000000000003,41.36000000000003,41.249999999999986,41.249999999999986,41.249999999999986,41.249999999999986,41.550000000000026,41.550000000000026,41.429999999999986,41.429999999999986,41.730000000000025,41.730000000000025,41.730000000000025,41.61999999999999,41.92000000000003,41.92000000000003,41.92000000000003,41.92000000000003,41.92000000000003,41.92000000000003,41.92000000000003,41.79999999999999,41.79999999999999,42.11000000000003,42.29000000000003,42.29000000000003,42.29000000000003,42.29000000000003,42.300000000000026,42.300000000000026,42.300000000000026,42.179999999999986,42.179999999999986,42.179999999999986,42.179999999999986,42.179999999999986,42.179999999999986,42.480000000000025,42.480000000000025,42.480000000000025,42.480000000000025,42.480000000000025,42.480000000000025,42.67000000000003,42.67000000000003,42.67000000000003,42.67000000000003,42.54999999999999,42.54999999999999,42.86000000000003,42.72999999999999,43.050000000000026,43.050000000000026,43.050000000000026,43.050000000000026,42.91999999999999,42.91999999999999,43.24000000000003,43.24000000000003,43.10999999999999,43.10999999999999,43.10999999999999,43.10999999999999,43.10999999999999,43.10999999999999,43.43000000000003,43.28999999999999,43.28999999999999,43.28999999999999,43.29999999999999,43.29999999999999,43.620000000000026,43.800000000000026,43.81000000000003,43.81000000000003,43.66999999999999,43.66999999999999,43.66999999999999,43.66999999999999,43.66999999999999,43.66999999999999,43.66999999999999,43.66999999999999,43.66999999999999,43.66999999999999,43.66999999999999,44.00000000000003,44.00000000000003,44.190000000000026,44.190000000000026,44.190000000000026,43.85999999999999,44.38000000000003,44.38000000000003,44.04999999999999,44.04999999999999,44.04999999999999,44.04999999999999,44.58000000000003,44.58000000000003,44.58000000000003,44.58000000000003,44.58000000000003,44.58000000000003,44.58000000000003,44.239999999999995,44.980000000000025,44.61999999999999,44.61999999999999,45.18000000000003,45.18000000000003,44.61999999999999,44.61999999999999,45.38000000000003,45.38000000000003,44.80999999999999,45.58000000000003,45.58000000000003,45.58000000000003,45.58000000000003,45.58000000000003,44.999999999999986,45.78000000000003,45.78000000000003,45.78000000000003,45.18999999999999,45.980000000000025,45.980000000000025,45.980000000000025,45.980000000000025,46.190000000000026,46.190000000000026,46.190000000000026,46.190000000000026,46.190000000000026,46.190000000000026,46.190000000000026,45.579999999999984,45.579999999999984,45.58999999999999,45.58999999999999,45.58999999999999,45.58999999999999,46.39000000000003,46.39000000000003,46.39000000000003,45.77999999999999,45.77999999999999,45.77999999999999,45.77999999999999,46.59000000000003,45.969999999999985,46.80000000000003,46.80000000000003,46.80000000000003,46.16999999999999,46.16999999999999,46.80000000000003,46.80000000000003,46.80000000000003,46.359999999999985,46.359999999999985,47.000000000000036,47.01000000000003,47.01000000000003,47.01000000000003,47.01000000000003,47.01000000000003,47.01000000000003,47.01000000000003,47.01000000000003,46.749999999999986,46.749999999999986,46.749999999999986,46.749999999999986,46.749999999999986,46.749999999999986,46.749999999999986,46.749999999999986,47.210000000000036,46.93999999999999,46.93999999999999,46.93999999999999,47.42000000000004,47.139999999999986,47.139999999999986,47.62000000000003,47.62000000000003,47.329999999999984,47.830000000000034,47.830000000000034,47.52999999999999,47.52999999999999,48.03000000000004,47.719999999999985,47.719999999999985,47.719999999999985,47.719999999999985,47.719999999999985,47.719999999999985,48.24000000000004,47.90999999999998,47.90999999999998,47.90999999999998,48.45000000000003,48.45000000000003,48.45000000000003,48.45000000000003,48.45000000000003,48.45000000000003,48.45000000000003,48.109999999999985,48.66000000000003,48.860000000000035,48.509999999999984,48.509999999999984,48.509999999999984,48.509999999999984,48.509999999999984,48.509999999999984,49.070000000000036,49.070000000000036,48.509999999999984,48.509999999999984,48.509999999999984,49.28000000000004,49.28000000000004,49.28000000000004,48.69999999999998,49.49000000000004,49.09999999999998,49.09999999999998,49.09999999999998,49.09999999999998,49.09999999999998,49.70000000000003,49.70000000000003,49.70000000000003,49.70000000000003,49.70000000000003,49.70000000000003,49.70000000000003,49.70000000000003,49.70000000000003,49.70000000000003,49.91000000000003,49.91000000000003,49.49999999999998,49.91000000000003,49.69999999999998,49.69999999999998,50.12000000000003,50.12000000000003,50.12000000000003,50.12000000000003,50.12000000000003,49.899999999999984,49.899999999999984,49.899999999999984,50.32000000000003,50.32000000000003,50.32000000000003,50.09999999999998,50.10999999999998,50.10999999999998,50.10999999999998,50.52000000000003,50.30999999999998,50.30999999999998,50.30999999999998,50.720000000000034,50.509999999999984,50.509999999999984,50.509999999999984,50.93000000000003,50.93000000000003,50.509999999999984,50.509999999999984,50.509999999999984,50.509999999999984,50.509999999999984,50.509999999999984,51.13000000000003,51.13000000000003,51.13000000000003,51.13000000000003,50.70999999999998,51.330000000000034,51.330000000000034,51.330000000000034,51.330000000000034,51.330000000000034,51.330000000000034,51.540000000000035,51.540000000000035,51.10999999999998,51.10999999999998,51.750000000000036,51.76000000000004,51.76000000000004,51.76000000000004,51.970000000000034,51.970000000000034,51.30999999999998,51.30999999999998,52.180000000000035,51.50999999999998,52.400000000000034,52.400000000000034,51.70999999999998,51.70999999999998,51.70999999999998,51.70999999999998,51.70999999999998,51.70999999999998,52.610000000000035,52.610000000000035,51.90999999999998,51.90999999999998,51.90999999999998,51.90999999999998,51.90999999999998,52.830000000000034,52.830000000000034,52.830000000000034,52.830000000000034,52.830000000000034,52.830000000000034,52.830000000000034,52.830000000000034,52.11999999999998,52.11999999999998,52.11999999999998,52.11999999999998,52.11999999999998,52.11999999999998,52.830000000000034,52.31999999999998,52.51999999999998,53.250000000000036,53.250000000000036,52.72999999999998,52.72999999999998,53.45000000000003,52.93999999999998,53.66000000000003,53.66000000000003,53.13999999999998,53.13999999999998,53.13999999999998,53.87000000000003,53.87000000000003,53.34999999999998,53.56999999999998,53.56999999999998,54.30000000000003,54.30000000000003,54.30000000000003,53.56999999999998,53.56999999999998,53.56999999999998,53.56999999999998,53.56999999999998,54.52000000000003,54.52000000000003,53.77999999999997,53.77999999999997,53.77999999999997,53.77999999999997,53.77999999999997,53.77999999999997,53.77999999999997,53.77999999999997,53.77999999999997,53.77999999999997,53.77999999999997,54.74000000000003,54.74000000000003,54.74000000000003,53.77999999999997,53.77999999999997,53.77999999999997,53.77999999999997,53.77999999999997,53.77999999999997,53.77999999999997,53.77999999999997,53.77999999999997,54.960000000000036,54.960000000000036,53.98999999999997,53.98999999999997,53.98999999999997,53.98999999999997,53.98999999999997,55.180000000000035,53.98999999999997,55.400000000000034,55.400000000000034,55.400000000000034,54.19999999999997,55.610000000000035,55.610000000000035,55.610000000000035,55.610000000000035,55.610000000000035,55.610000000000035,55.610000000000035,55.610000000000035,55.610000000000035,55.610000000000035,55.610000000000035,55.610000000000035,55.610000000000035,54.40999999999997,54.40999999999997,54.40999999999997,54.40999999999997,55.820000000000036,55.820000000000036,55.820000000000036,55.820000000000036,54.82999999999997,55.03999999999997,55.03999999999997,55.03999999999997,56.03000000000004,56.03000000000004,55.03999999999997,55.03999999999997,55.03999999999997,55.03999999999997,56.24000000000004,56.24000000000004,56.24000000000004,56.24000000000004,56.24000000000004,56.24000000000004,56.24000000000004,56.24000000000004,56.24000000000004,56.24000000000004,56.24000000000004,55.03999999999997,55.03999999999997,56.45000000000004,56.45000000000004,56.45000000000004,56.45000000000004,56.45000000000004,55.24999999999997,56.67000000000004,56.67000000000004,56.67000000000004,55.24999999999997,55.24999999999997,55.24999999999997,55.25999999999997,55.25999999999997,56.88000000000004,56.88000000000004,55.46999999999997,55.46999999999997,56.88000000000004,55.46999999999997,55.46999999999997,55.46999999999997,55.46999999999997,55.46999999999997,55.46999999999997,55.46999999999997,55.46999999999997,55.46999999999997,55.46999999999997,57.09000000000003,57.09000000000003,57.09000000000003,57.09000000000003,57.09000000000003,55.67999999999998,55.67999999999998,55.67999999999998,55.67999999999998,55.67999999999998,55.67999999999998,55.67999999999998,57.31000000000003,57.31000000000003,57.31000000000003,57.31000000000003,55.89999999999998,57.52000000000004,57.52000000000004,57.52000000000004,57.52000000000004,57.52000000000004,57.52000000000004,56.119999999999976,56.119999999999976,56.119999999999976,56.339999999999975,56.339999999999975,56.339999999999975,56.339999999999975,56.339999999999975,57.74000000000004,57.74000000000004,57.74000000000004,57.74000000000004,57.74000000000004,56.559999999999974,57.960000000000036,57.960000000000036,57.960000000000036,56.77999999999997,57.960000000000036,57.960000000000036,57.960000000000036,57.960000000000036,57.960000000000036,56.98999999999998,56.98999999999998,56.98999999999998,56.98999999999998,56.98999999999998,56.98999999999998,56.98999999999998,58.180000000000035,57.19999999999999,57.19999999999999,57.19999999999999,58.40000000000005,57.19999999999999,57.19999999999999,58.62000000000005,58.62000000000005,58.62000000000005,58.62000000000005,57.19999999999999,58.840000000000046,57.41999999999999,57.41999999999999,57.41999999999999,59.060000000000045,57.639999999999986,59.060000000000045,59.060000000000045,59.060000000000045,59.060000000000045,57.859999999999985,57.859999999999985,58.079999999999984,58.079999999999984,58.079999999999984,58.079999999999984,59.29000000000005,59.29000000000005,59.29000000000005,59.29000000000005,58.29999999999998,58.29999999999998,58.29999999999998,59.51000000000005,59.51000000000005,59.51000000000005,58.519999999999996,58.519999999999996,58.519999999999996,58.519999999999996,59.51000000000005,59.51000000000005,59.51000000000005,58.739999999999995,59.74000000000004,58.959999999999994,58.959999999999994,58.959999999999994,59.960000000000036,59.960000000000036,59.960000000000036,59.18999999999998,60.180000000000035,60.180000000000035,60.19000000000004,59.18999999999998,59.18999999999998,59.18999999999998,59.18999999999998,59.18999999999998,59.18999999999998,59.18999999999998,59.18999999999998,60.19000000000004,59.41999999999999,59.41999999999999,59.41999999999999,60.19000000000004,60.19000000000004,60.19000000000004,59.639999999999986,59.639999999999986,59.639999999999986,60.19000000000004,60.19000000000004,60.19000000000004,59.859999999999985,59.859999999999985,59.859999999999985,60.430000000000035,59.859999999999985,59.859999999999985,60.66000000000004,59.859999999999985,60.900000000000034,60.079999999999984,60.079999999999984,60.079999999999984,60.079999999999984,60.079999999999984,60.079999999999984,60.079999999999984,60.079999999999984,60.079999999999984,60.079999999999984,60.089999999999975,61.13000000000004,61.36000000000004,60.309999999999974,60.31999999999998,61.36000000000004,60.53999999999998,61.36000000000004,61.36000000000004,61.36000000000004,61.36000000000004,60.76999999999998,60.76999999999998,60.98999999999998,61.59000000000003,61.59000000000003,61.59000000000003,61.219999999999985,61.219999999999985,61.219999999999985,61.219999999999985,61.820000000000036,61.449999999999974,62.05000000000004,62.05000000000004,62.05000000000004,62.05000000000004,62.05000000000004,62.05000000000004,61.67999999999998,61.67999999999998,61.67999999999998,62.28000000000003,62.28000000000003,62.28000000000003,62.28000000000003,61.67999999999998,62.51000000000003,62.51000000000003,61.67999999999998,61.68999999999998,62.74000000000004,62.74000000000004,62.74000000000004,62.74000000000004,62.74000000000004,62.75000000000003,62.75000000000003,61.68999999999998,62.75000000000003,62.75000000000003,61.91999999999997,62.75000000000003,62.75000000000003,62.75000000000003,62.14999999999998,62.14999999999998,62.14999999999998,62.14999999999998,63.00000000000003,62.14999999999998,63.00000000000003,62.14999999999998,62.14999999999998,62.14999999999998,62.38999999999997,63.00000000000003,63.00000000000003,63.00000000000003,62.38999999999997,63.00000000000003,63.00000000000003,63.00000000000003,62.38999999999997,63.24000000000004,63.24000000000004,63.24000000000004,63.24000000000004,63.24000000000004,62.38999999999997,62.38999999999997,62.38999999999997,63.24000000000004,63.24000000000004,63.24000000000004,62.619999999999976,63.24000000000004,63.24000000000004,62.84999999999998,63.079999999999984,63.47000000000003,63.47000000000003,63.47000000000003,63.309999999999974,63.309999999999974,63.309999999999974,63.71000000000002,63.71000000000002,63.53999999999998,63.71000000000002,63.71000000000002,63.71000000000002,63.71000000000002,63.71000000000002,63.53999999999998,63.71000000000002,63.76999999999998,63.76999999999998,63.76999999999998,63.76999999999998,63.76999999999998,63.71000000000002,63.99999999999997,63.99999999999997,63.99999999999997,63.99999999999997,63.99999999999997,63.99999999999997,63.96000000000002,63.96000000000002,63.96000000000002,63.96000000000002,63.99999999999997,63.96000000000002,63.96000000000002,63.96000000000002,63.96000000000002,63.96000000000002,63.99999999999997,63.99999999999997,63.99999999999997,63.99999999999997,63.99999999999997,63.99999999999997,63.99999999999997,63.99999999999997,63.99999999999997,63.99999999999997,63.99999999999997,63.99999999999997,63.99999999999997,63.96000000000002,64.23999999999998,64.23999999999998,64.23999999999998,64.23999999999998,64.23999999999998,64.23999999999998,64.23999999999998,64.23999999999998,64.23999999999998,64.23999999999998,64.23999999999998,64.23999999999998,64.23999999999998,64.23999999999998,64.23999999999998,64.23999999999998,64.47999999999998,64.47999999999998,64.47999999999998,64.20000000000003,64.70999999999998,64.70999999999998,64.70999999999998,64.70999999999998,64.70999999999998,64.70999999999998,64.70999999999998,64.20000000000003,64.20000000000003,64.94999999999999,64.94999999999999,64.94999999999999,64.94999999999999,64.94999999999999,64.45000000000003,65.18999999999998,65.18999999999998,65.18999999999998,65.18999999999998,65.18999999999998,65.18999999999998,65.18999999999998,65.18999999999998,65.18999999999998,65.18999999999998,65.18999999999998,65.18999999999998,65.18999999999998,65.18999999999998,65.18999999999998,65.18999999999998,64.70000000000003,64.70000000000003,64.70000000000003,64.70000000000003,64.70000000000003,64.95000000000003,64.95000000000003,64.95000000000003,65.42999999999998,65.43999999999998,65.43999999999998,65.43999999999998,65.43999999999998,65.43999999999998,65.43999999999998,65.43999999999998,65.43999999999998,65.43999999999998,65.43999999999998,65.43999999999998,65.43999999999998,65.20000000000003,65.67999999999998,65.67999999999998,65.67999999999998,65.67999999999998,65.45000000000003,65.91999999999997,65.91999999999997,65.91999999999997,65.91999999999997,65.91999999999997,65.91999999999997,65.70000000000003,66.16999999999997,66.16999999999997,66.16999999999997,66.16999999999997,66.16999999999997,66.16999999999997,66.16999999999997,66.16999999999997,66.16999999999997,66.16999999999997,66.16999999999997,65.70000000000003,66.40999999999998,66.40999999999998,66.40999999999998,66.40999999999998,66.40999999999998,66.40999999999998,66.40999999999998,66.40999999999998,65.95000000000003,65.95000000000003,66.64999999999998,66.64999999999998,66.64999999999998,66.64999999999998,66.64999999999998,66.20000000000003,66.20000000000003,66.20000000000003,66.20000000000003,66.20000000000003,66.20000000000003,66.20000000000003,66.20000000000003,66.20000000000003,66.20000000000003,66.20000000000003,66.20000000000003,66.20000000000003,66.20000000000003,66.20000000000003,66.20000000000003,66.20000000000003,66.20000000000003,66.20000000000003,66.20000000000003,66.88999999999999,66.88999999999999,66.88999999999999,66.88999999999999,66.88999999999999,66.45000000000003,66.45000000000003,66.45000000000003,66.45000000000003,66.45000000000003,66.45000000000003,66.45000000000003,66.45000000000003,66.45000000000003,66.45000000000003,66.45000000000003,66.45000000000003,66.45000000000003,66.45000000000003,66.45000000000003,66.45000000000003,66.45000000000003,66.45000000000003,66.45000000000003,66.45000000000003,66.45000000000003,67.12999999999998,67.12999999999998,67.12999999999998,67.12999999999998,67.12999999999998,67.12999999999998,67.12999999999998,67.12999999999998,67.12999999999998,67.12999999999998,67.12999999999998,67.12999999999998,67.12999999999998,66.46000000000002,66.46000000000002,66.46000000000002,66.46000000000002,66.46000000000002,66.46000000000002,66.46000000000002,66.46000000000002,66.46000000000002,66.46000000000002,66.46000000000002,67.36999999999998,66.46000000000002,67.36999999999998,66.46000000000002,67.36999999999998,66.46000000000002,66.46000000000002,66.47000000000003,66.47000000000003,66.47000000000003,66.47000000000003,66.47000000000003,66.47000000000003,66.47000000000003,66.47000000000003,66.47000000000003,66.47000000000003,67.60999999999997,67.60999999999997,67.60999999999997,67.60999999999997,67.60999999999997,67.60999999999997,67.60999999999997,67.60999999999997,67.60999999999997,67.60999999999997,67.60999999999997,67.60999999999997,67.60999999999997,67.60999999999997,66.72000000000003,66.72000000000003,66.72000000000003,66.72000000000003,66.72000000000003,66.73000000000003,66.73000000000003,66.73000000000003,66.73000000000003,66.73000000000003,66.73000000000003,66.73000000000003,67.84999999999997,67.84999999999997,67.85999999999997,67.85999999999997,67.85999999999997,67.85999999999997,67.85999999999997,67.85999999999997,67.85999999999997,67.85999999999997,67.85999999999997,67.85999999999997,67.85999999999997,66.98000000000003,66.98000000000003,66.98000000000003,66.98000000000003,66.98000000000003,66.98000000000003,66.98000000000003,66.98000000000003,68.09999999999997,68.09999999999997,68.09999999999997,68.09999999999997,68.09999999999997,68.09999999999997,68.09999999999997,67.23000000000003,67.23000000000003,67.23000000000003,67.23000000000003,67.23000000000003,67.23000000000003,67.23000000000003,67.23000000000003,67.23000000000003,67.23000000000003,67.23000000000003,67.23000000000003,67.23000000000003,67.23000000000003,67.23000000000003,67.23000000000003,68.33999999999996,67.48000000000003,67.48000000000003,67.48000000000003,67.48000000000003,67.48000000000003,67.48000000000003,68.57999999999997,68.57999999999997,68.57999999999997,68.57999999999997,68.57999999999997,68.57999999999997,68.57999999999997,68.57999999999997,68.57999999999997,68.57999999999997,68.57999999999997,68.57999999999997,68.57999999999997,67.74000000000004,67.74000000000004,67.74000000000004,67.74000000000004,67.74000000000004,67.74000000000004,67.74000000000004,67.74000000000004,67.74000000000004,67.74000000000004,67.74000000000004,67.74000000000004,67.74000000000004,68.81999999999998,68.81999999999998,68.00000000000004,68.00000000000004,68.00000000000004,68.00000000000004,68.00000000000004,68.00000000000004,69.05999999999997,69.05999999999997,69.05999999999997,69.05999999999997,69.05999999999997,69.05999999999997,69.05999999999997,68.26000000000003,68.26000000000003,68.26000000000003,68.26000000000003,69.29999999999997,69.29999999999997,69.29999999999997,69.29999999999997,69.29999999999997,69.29999999999997,69.29999999999997,69.29999999999997,69.29999999999997,69.29999999999997,69.29999999999997,69.29999999999997,69.29999999999997,69.29999999999997,69.29999999999997,69.29999999999997,69.29999999999997,69.29999999999997,68.51000000000003,68.51000000000003,68.51000000000003,68.51000000000003,68.51000000000003,68.51000000000003,68.51000000000003,68.51000000000003,68.51000000000003,68.51000000000003,68.51000000000003,69.53999999999996,69.53999999999996,69.54999999999997,69.54999999999997,69.54999999999997,69.54999999999997,69.54999999999997,69.54999999999997,69.54999999999997,69.54999999999997,69.54999999999997,68.76000000000003,68.76000000000003,69.78999999999996,69.78999999999996,69.78999999999996,69.78999999999996,69.78999999999996,69.78999999999996,69.78999999999996,69.78999999999996,69.78999999999996,69.78999999999996,69.01000000000003,69.01000000000003,69.01000000000003,69.01000000000003,70.02999999999996,70.02999999999996,70.02999999999996,70.02999999999996,69.26000000000003,69.26000000000003,69.26000000000003,69.26000000000003,69.26000000000003,69.26000000000003,69.26000000000003,69.26000000000003,69.26000000000003,69.26000000000003,69.26000000000003,69.26000000000003,69.26000000000003,69.26000000000003,69.26000000000003,69.26000000000003,69.26000000000003,69.26000000000003,69.26000000000003,69.26000000000003,69.26000000000003,69.27000000000002,69.27000000000002,70.26999999999995,69.52000000000002,69.52000000000002,69.52000000000002,69.52000000000002,69.52000000000002,70.51999999999995,70.51999999999995,70.51999999999995,70.51999999999995,70.51999999999995,69.77000000000002,69.77000000000002,69.77000000000002,69.77000000000002,69.77000000000002,69.77000000000002,70.76999999999995,70.76999999999995,70.76999999999995,70.76999999999995,70.02000000000002,71.01999999999995,71.01999999999995,71.01999999999995,71.01999999999995,70.27000000000002,70.27000000000002,70.27000000000002,71.26999999999995,71.26999999999995,71.26999999999995,71.26999999999995,71.26999999999995,71.26999999999995,71.26999999999995,71.26999999999995,70.52000000000002,70.52000000000002,70.52000000000002,70.52000000000002,70.52000000000002,70.52000000000002,70.52000000000002,70.52000000000002,71.51999999999995,71.51999999999995,71.51999999999995,71.51999999999995,71.51999999999995,71.51999999999995,71.51999999999995,71.51999999999995,71.51999999999995,70.77000000000002,70.77000000000002,70.77000000000002,70.77000000000002,71.76999999999995,71.76999999999995,71.76999999999995,71.77999999999996,71.03000000000003,71.03000000000003,71.03000000000003,71.03000000000003,71.03000000000003,71.03000000000003,71.03000000000003,71.03000000000003,71.03000000000003,71.03000000000003,71.03000000000003,71.03000000000003,71.03000000000003,71.03000000000003,71.03000000000003,71.03000000000003,71.03000000000003,71.03000000000003,71.03000000000003,71.03000000000003,71.03000000000003,71.03000000000003,71.03000000000003,71.03000000000003,71.03000000000003,72.03999999999995,72.03999999999995,72.03999999999995,72.03999999999995,72.03999999999995,72.03999999999995,72.03999999999995,72.03999999999995,72.03999999999995,72.03999999999995,72.03999999999995,72.03999999999995,72.03999999999995,72.03999999999995,72.03999999999995,72.03999999999995,72.03999999999995,71.30000000000004,71.30000000000004,71.30000000000004,71.30000000000004,71.30000000000004,71.30000000000004,72.03999999999995,71.57000000000004,71.57000000000004,72.03999999999995,72.04999999999994,72.04999999999994,71.84000000000003,71.84000000000003,71.84000000000003,71.84000000000003,72.30999999999995,72.30999999999995,72.30999999999995,72.30999999999995,72.30999999999995,72.30999999999995,72.30999999999995,72.10000000000004,72.11000000000004,72.11000000000004,72.55999999999995,72.37000000000003,72.37000000000003,72.37000000000003,72.81999999999995,72.81999999999995,72.81999999999995,72.81999999999995,72.81999999999995,72.81999999999995,72.81999999999995,72.81999999999995,72.81999999999995,72.81999999999995,72.81999999999995,72.81999999999995,72.81999999999995,72.63000000000004,72.63000000000004,73.07999999999996,72.89000000000003,72.89000000000003,72.89000000000003,72.89000000000003,72.89000000000003,72.89000000000003,72.89000000000003,73.32999999999996,73.32999999999996,73.32999999999996,72.89000000000003,72.89000000000003,72.89000000000003,72.89000000000003,73.32999999999996,73.32999999999996,73.32999999999996,73.32999999999996,73.32999999999996,73.32999999999996,73.32999999999996,73.32999999999996,73.32999999999996,73.32999999999996,73.32999999999996,73.32999999999996,73.32999999999996,73.32999999999996,73.32999999999996,73.32999999999996,73.16000000000003,73.16000000000003,73.16000000000003,73.16000000000003,73.16000000000003,73.57999999999996,73.57999999999996,73.57999999999996,73.44000000000003,73.44000000000003,73.44000000000003,73.44000000000003,73.44000000000003,73.44000000000003,73.44000000000003,73.44000000000003,73.44000000000003,73.57999999999996,73.57999999999996,73.57999999999996,73.71000000000004,73.71000000000004,73.71000000000004,73.71000000000004,73.71000000000004,73.71000000000004,73.71000000000004,73.71000000000004,73.71000000000004,73.71000000000004,73.71000000000004,73.71000000000004,73.71000000000004,73.71000000000004,73.71000000000004,73.71000000000004,73.71000000000004,73.71000000000004,73.71000000000004,73.71000000000004,73.71000000000004,73.71000000000004,73.71000000000004,73.71000000000004,73.71000000000004,73.71000000000004,73.57999999999996,73.57999999999996,73.57999999999996,73.83999999999996,73.99000000000004,73.99000000000004,73.99000000000004,74.09999999999995,73.99000000000004,74.34999999999995,74.34999999999995,74.34999999999995,74.26000000000005,74.26000000000005,74.26000000000005,74.26000000000005,74.26000000000005,74.26000000000005,74.26000000000005,74.26000000000005,74.59999999999995,74.59999999999995,74.59999999999995,74.59999999999995,74.59999999999995,74.59999999999995,74.59999999999995,74.59999999999995,74.59999999999995,74.52000000000005,74.52000000000005,74.52000000000005,74.52000000000005,74.52000000000005,74.52000000000005,74.52000000000005,74.52000000000005,74.52000000000005,74.52000000000005,74.52000000000005,74.52000000000005,74.52000000000005,74.85999999999994,74.85999999999994,74.85999999999994,74.85999999999994,74.85999999999994,74.85999999999994,74.85999999999994,74.85999999999994,74.85999999999994,74.85999999999994,74.85999999999994,74.78000000000004,74.78000000000004,74.78000000000004,74.78000000000004,74.78000000000004,74.78000000000004,74.78000000000004,74.78000000000004,74.79000000000005,74.79000000000005,74.79000000000005,74.79000000000005,74.79000000000005,74.79000000000005,74.79000000000005,74.79000000000005,74.79000000000005,74.79000000000005,74.79000000000005,74.79000000000005,74.79000000000005,74.79000000000005,74.79000000000005,74.79000000000005,75.11999999999995,75.11999999999995,75.11999999999995,75.11999999999995,75.11999999999995,75.06000000000004,75.06000000000004,75.06000000000004,75.06000000000004,75.07000000000005,75.37999999999994,75.33000000000004,75.33000000000004,75.33000000000004,75.33000000000004,75.33000000000004,75.33000000000004,75.63999999999994,75.63999999999994,75.63999999999994,75.63999999999994,75.63999999999994,75.63999999999994,75.63999999999994,75.63999999999994,75.63999999999994,75.63999999999994,75.63999999999994,75.63999999999994,75.63999999999994,75.63999999999994,75.63999999999994,75.63999999999994,75.63999999999994,75.59000000000005,75.59000000000005,75.89999999999995,75.89999999999995,75.89999999999995,75.86000000000004,75.86000000000004,76.15999999999995,76.15999999999995,76.15999999999995,76.15999999999995,76.15999999999995,76.12000000000005,76.12000000000005,76.12000000000005,76.12000000000005,76.41999999999994,76.41999999999994,76.41999999999994,76.41999999999994,76.41999999999994,76.41999999999994,76.38000000000004,76.67999999999994,76.67999999999994,76.67999999999994,76.67999999999994,76.67999999999994,76.67999999999994,76.67999999999994,76.67999999999994,76.67999999999994,76.64000000000004,76.64000000000004,76.64000000000004,76.64000000000004,76.64000000000004,76.64000000000004,76.64000000000004,76.64000000000004,76.94999999999995,76.94999999999995,76.94999999999995,76.94999999999995,76.90000000000003,76.90000000000003,76.90000000000003,76.90000000000003,76.91000000000004,76.91000000000004,76.91000000000004,76.91000000000004,76.91000000000004,76.91000000000004,76.91000000000004,76.91000000000004,76.91000000000004,76.91000000000004,76.91000000000004,76.91000000000004,76.91000000000004,76.91000000000004,77.20999999999994,77.20999999999994,77.20999999999994,77.20999999999994,77.20999999999994,77.18000000000004,77.20999999999994,77.44000000000004,77.46999999999993,77.46999999999993,77.46999999999993,77.46999999999993,77.46999999999993,77.71000000000004,77.73999999999994,77.73999999999994,77.73999999999994,77.73999999999994,77.73999999999994,77.73999999999994,77.73999999999994,77.73999999999994,77.73999999999994,77.73999999999994,77.73999999999994,77.73999999999994,77.97000000000004,77.97000000000004,77.97000000000004,78.00999999999993,78.00999999999993,77.97000000000004,77.97000000000004,77.97000000000004,77.97000000000004,77.97000000000004,77.98000000000005,77.98000000000005,77.98000000000005,77.98000000000005,77.98000000000005,78.26999999999992,78.27999999999993,78.24000000000004,78.25000000000004,78.25000000000004,78.25000000000004,78.25000000000004,78.25000000000004,78.53999999999994,78.53999999999994,78.53999999999994,78.53999999999994,78.53999999999994,78.53999999999994,78.54999999999993,78.54999999999993,78.52000000000004,78.52000000000004,78.52000000000004,78.52000000000004,78.54999999999993,78.54999999999993,78.54999999999993,78.54999999999993,78.54999999999993,78.55999999999993,78.55999999999993,78.55999999999993,78.55999999999993,78.79000000000003,78.79000000000003,78.55999999999993,78.55999999999993,79.05000000000004,79.05000000000004,79.05000000000004,79.05000000000004,79.05000000000004,78.55999999999993,79.32000000000004,78.55999999999993,78.55999999999993,78.55999999999993,78.55999999999993,78.55999999999993,78.55999999999993,78.55999999999993,78.55999999999993,78.55999999999993,78.55999999999993,78.55999999999993,78.55999999999993,78.55999999999993,78.55999999999993,78.55999999999993,78.55999999999993,78.55999999999993,78.55999999999993,78.55999999999993,78.55999999999993,78.55999999999993,78.55999999999993,78.55999999999993,78.55999999999993,78.55999999999993,78.55999999999993,78.55999999999993,78.55999999999993,78.55999999999993,78.55999999999993,78.55999999999993,78.55999999999993,78.55999999999993,78.55999999999993,78.55999999999993,78.55999999999993,78.55999999999993,78.55999999999993,78.55999999999993,78.55999999999993,78.55999999999993,78.55999999999993,78.55999999999993,78.55999999999993,78.55999999999993,78.55999999999993,78.55999999999993,78.55999999999993,78.55999999999993,78.55999999999993,78.55999999999993,78.55999999999993,78.55999999999993,78.55999999999993,78.55999999999993,78.55999999999993,78.55999999999993,78.55999999999993,78.55999999999993,78.55999999999993,78.55999999999993,78.55999999999993,78.55999999999993,78.55999999999993,79.59000000000005,78.55999999999993,78.55999999999993,78.55999999999993,78.55999999999993,78.55999999999993,78.55999999999993,78.55999999999993,78.55999999999993,78.55999999999993,78.55999999999993,78.55999999999993,78.55999999999993,78.55999999999993,78.55999999999993,78.55999999999993,78.55999999999993,78.55999999999993,78.55999999999993,78.55999999999993,78.55999999999993,78.55999999999993,78.55999999999993,78.55999999999993,78.55999999999993,78.55999999999993,78.55999999999993,78.55999999999993,78.55999999999993,78.55999999999993,78.55999999999993,78.55999999999993,78.55999999999993,78.55999999999993,78.55999999999993,78.55999999999993,78.55999999999993,78.55999999999993,78.55999999999993,78.55999999999993,78.55999999999993,78.55999999999993,78.55999999999993,78.55999999999993,78.55999999999993,78.55999999999993,78.55999999999993,78.55999999999993,78.55999999999993,78.55999999999993,78.55999999999993,78.55999999999993,78.55999999999993,78.55999999999993,78.55999999999993,78.55999999999993,78.55999999999993,78.55999999999993,78.55999999999993,78.55999999999993,78.55999999999993,78.55999999999993,78.55999999999993,78.55999999999993,78.55999999999993,78.55999999999993,78.55999999999993,78.55999999999993,78.55999999999993,78.55999999999993,78.55999999999993,78.55999999999993,78.55999999999993,78.55999999999993,78.55999999999993,78.55999999999993,78.55999999999993,78.55999999999993,78.55999999999993,78.55999999999993,78.55999999999993,78.55999999999993,78.55999999999993,78.55999999999993,78.55999999999993,78.55999999999993,78.55999999999993,78.55999999999993,78.55999999999993,78.55999999999993,78.55999999999993,78.55999999999993,78.55999999999993,78.55999999999993,78.55999999999993,78.55999999999993,78.55999999999993,78.55999999999993,78.55999999999993,78.55999999999993,78.55999999999993,78.55999999999993,78.55999999999993,78.55999999999993,78.55999999999993,78.55999999999993,78.55999999999993,78.55999999999993,78.55999999999993,78.55999999999993,78.55999999999993,78.55999999999993,78.55999999999993,78.55999999999993,78.55999999999993,78.55999999999993,78.55999999999993,78.55999999999993,78.55999999999993,78.55999999999993,78.55999999999993,78.55999999999993,78.55999999999993,78.55999999999993,78.55999999999993,78.55999999999993,78.55999999999993,78.56999999999994,78.56999999999994,78.56999999999994,78.56999999999994,78.56999999999994,78.56999999999994,78.56999999999994,78.56999999999994,78.56999999999994,78.56999999999994,78.56999999999994,78.56999999999994,78.56999999999994,78.56999999999994,78.56999999999994,78.56999999999994,78.56999999999994,78.56999999999994,78.56999999999994,78.56999999999994,78.56999999999994,78.56999999999994,78.56999999999994,78.56999999999994,78.57999999999994,78.57999999999994,78.57999999999994,78.57999999999994,78.57999999999994,78.57999999999994,78.57999999999994,78.57999999999994,78.57999999999994,78.57999999999994,78.57999999999994,78.57999999999994,78.57999999999994,78.57999999999994,78.57999999999994,78.57999999999994,78.57999999999994,78.57999999999994,78.57999999999994,78.57999999999994,78.57999999999994,78.57999999999994,78.57999999999994,78.57999999999994,78.57999999999994,78.57999999999994,78.57999999999994,78.57999999999994,78.57999999999994,78.57999999999994,78.57999999999994,78.57999999999994,78.57999999999994,78.57999999999994,78.57999999999994,78.57999999999994,78.57999999999994,78.57999999999994,78.57999999999994,78.57999999999994,78.57999999999994,78.57999999999994,78.57999999999994,78.57999999999994,78.57999999999994,78.57999999999994,78.57999999999994,78.57999999999994,78.57999999999994,78.57999999999994,78.57999999999994,78.57999999999994,78.57999999999994,78.57999999999994,78.57999999999994,78.57999999999994,78.57999999999994,78.57999999999994,78.57999999999994,78.58999999999995,78.58999999999995,78.58999999999995,78.58999999999995,78.58999999999995,78.58999999999995,78.58999999999995,78.58999999999995,78.58999999999995,78.58999999999995,78.58999999999995,78.58999999999995,78.58999999999995,78.58999999999995,78.58999999999995,78.58999999999995,78.58999999999995,78.58999999999995,78.59999999999994,78.59999999999994,78.59999999999994,78.59999999999994,78.59999999999994,78.59999999999994,78.59999999999994,78.59999999999994,78.59999999999994,78.59999999999994,78.59999999999994,78.59999999999994,78.59999999999994,78.59999999999994,78.59999999999994,78.59999999999994,78.59999999999994,78.59999999999994,78.59999999999994,78.59999999999994,78.59999999999994,78.59999999999994,78.59999999999994,78.59999999999994,78.59999999999994,78.59999999999994,78.59999999999994,78.59999999999994,78.59999999999994,78.59999999999994,78.59999999999994,79.86000000000004,78.59999999999994,79.86000000000004,78.59999999999994,79.86000000000004,78.59999999999994,79.86000000000004,78.59999999999994,79.86000000000004,78.59999999999994,79.86000000000004,78.59999999999994,79.86000000000004,78.59999999999994,79.86000000000004,78.59999999999994,79.86000000000004,78.59999999999994,79.86000000000004,78.59999999999994,79.86000000000004,78.59999999999994,79.86000000000004,78.59999999999994,79.86000000000004,78.59999999999994,79.86000000000004,78.59999999999994,78.59999999999994,78.59999999999994,78.59999999999994,78.59999999999994,78.59999999999994,78.59999999999994,78.59999999999994,78.59999999999994,80.14000000000003,78.59999999999994,80.14000000000003,78.59999999999994,78.59999999999994,78.59999999999994,78.59999999999994,78.59999999999994,78.59999999999994,78.59999999999994,78.59999999999994,78.59999999999994,78.59999999999994,78.59999999999994,78.59999999999994,78.59999999999994,78.59999999999994,78.59999999999994,78.59999999999994,78.59999999999994,78.59999999999994,78.59999999999994,78.59999999999994,78.60999999999993,78.60999999999993,78.60999999999993,78.60999999999993,78.60999999999993,78.60999999999993,78.60999999999993,78.60999999999993,78.60999999999993,78.60999999999993,78.60999999999993,78.60999999999993,78.60999999999993,78.60999999999993,78.60999999999993,78.60999999999993,78.60999999999993,78.60999999999993,78.60999999999993,78.60999999999993,78.60999999999993,78.60999999999993,78.60999999999993,78.60999999999993,78.60999999999993,78.60999999999993,78.60999999999993,78.60999999999993,78.60999999999993,78.60999999999993,78.60999999999993,78.60999999999993,78.60999999999993,78.60999999999993,78.60999999999993,78.60999999999993,78.60999999999993,78.60999999999993,78.60999999999993,78.61999999999993,78.61999999999993,78.61999999999993,78.61999999999993,78.61999999999993,78.61999999999993,78.61999999999993,78.61999999999993,78.61999999999993,78.61999999999993,78.61999999999993,78.61999999999993,78.61999999999993,78.61999999999993,78.61999999999993,78.61999999999993,78.61999999999993,78.61999999999993,78.61999999999993,78.61999999999993,78.61999999999993,78.61999999999993,78.61999999999993,78.61999999999993,78.61999999999993,78.61999999999993,78.61999999999993,78.61999999999993,78.61999999999993,78.61999999999993,78.61999999999993,78.61999999999993,78.61999999999993,78.61999999999993,78.61999999999993,78.61999999999993,78.62999999999992,78.62999999999992,78.62999999999992,78.62999999999992,78.62999999999992,78.62999999999992,78.62999999999992,78.62999999999992,78.62999999999992,78.62999999999992,78.62999999999992,78.62999999999992,78.62999999999992,78.62999999999992,78.62999999999992,78.62999999999992,78.62999999999992,78.62999999999992,78.62999999999992,78.62999999999992,78.62999999999992,78.62999999999992,78.62999999999992,78.62999999999992,78.62999999999992,78.62999999999992,78.62999999999992,78.62999999999992,78.62999999999992,78.62999999999992,78.62999999999992,78.62999999999992,78.62999999999992,78.62999999999992,78.62999999999992,78.62999999999992,78.62999999999992,78.62999999999992,78.62999999999992,78.62999999999992,78.62999999999992,78.62999999999992,78.62999999999992,78.63999999999993,78.63999999999993,78.63999999999993,78.63999999999993,78.63999999999993,78.63999999999993,78.63999999999993,78.63999999999993,78.63999999999993,78.63999999999993,78.63999999999993,78.63999999999993,78.63999999999993,78.63999999999993,78.63999999999993,78.63999999999993,78.63999999999993,78.63999999999993,78.63999999999993,78.63999999999993,78.63999999999993,78.63999999999993,78.63999999999993,78.63999999999993,78.63999999999993,78.63999999999993,78.63999999999993,78.63999999999993,78.63999999999993,78.63999999999993,78.63999999999993,78.63999999999993,78.63999999999993,78.63999999999993,78.63999999999993,78.64999999999993,78.64999999999993,78.64999999999993,78.64999999999993,78.64999999999993,78.64999999999993,78.64999999999993,78.64999999999993,78.64999999999993,78.64999999999993,78.64999999999993,78.64999999999993,78.64999999999993,78.64999999999993,78.64999999999993,78.64999999999993,78.64999999999993,80.43000000000004,80.43000000000004,80.43000000000004,78.64999999999993,78.64999999999993,78.64999999999993,78.64999999999993,78.64999999999993,78.64999999999993,78.64999999999993,78.64999999999993,78.64999999999993,78.64999999999993,78.64999999999993,78.64999999999993,78.64999999999993,78.64999999999993,78.64999999999993,78.64999999999993,78.64999999999993,78.64999999999993,78.64999999999993,78.64999999999993,78.64999999999993,78.64999999999993,78.64999999999993,78.64999999999993,78.64999999999993,78.64999999999993,78.64999999999993,78.64999999999993,78.64999999999993,78.64999999999993,78.64999999999993,78.64999999999993,78.64999999999993,78.64999999999993,78.64999999999993,78.64999999999993,78.64999999999993,78.64999999999993,78.64999999999993,78.64999999999993,78.64999999999993,78.64999999999993,78.64999999999993,78.64999999999993,78.64999999999993,78.64999999999993,78.64999999999993,78.64999999999993,78.64999999999993,78.64999999999993,78.64999999999993,78.64999999999993,78.64999999999993,78.65999999999994,78.65999999999994,78.65999999999994,78.65999999999994,78.65999999999994,78.65999999999994,78.65999999999994,78.65999999999994,78.65999999999994,78.65999999999994,78.65999999999994,78.65999999999994,78.65999999999994,78.65999999999994,78.65999999999994,78.65999999999994,78.65999999999994,78.65999999999994,78.65999999999994,78.65999999999994,78.65999999999994,78.65999999999994,78.65999999999994,78.65999999999994,80.71000000000004,78.65999999999994,78.65999999999994,78.65999999999994,78.65999999999994,78.65999999999994,78.65999999999994,78.65999999999994,78.65999999999994,78.65999999999994,78.65999999999994,78.65999999999994,78.65999999999994,81.00000000000004,78.65999999999994,81.00000000000004,78.65999999999994,81.00000000000004,78.65999999999994,81.00000000000004,78.65999999999994,78.65999999999994,78.65999999999994,78.65999999999994,78.65999999999994,78.65999999999994,78.65999999999994,78.65999999999994,78.65999999999994,78.65999999999994,78.65999999999994,78.65999999999994,78.65999999999994,78.65999999999994,78.65999999999994,78.65999999999994,78.65999999999994,78.65999999999994,78.65999999999994,78.65999999999994,78.65999999999994,78.65999999999994,78.65999999999994,78.65999999999994,78.65999999999994,78.65999999999994,78.65999999999994,78.65999999999994,78.65999999999994,78.65999999999994,78.65999999999994,78.65999999999994,78.65999999999994,78.65999999999994,78.65999999999994,78.65999999999994,78.65999999999994,78.65999999999994,78.65999999999994,78.65999999999994,78.65999999999994,78.65999999999994,78.65999999999994,78.65999999999994,78.65999999999994,78.65999999999994,78.65999999999994,78.65999999999994,78.65999999999994,78.65999999999994,78.65999999999994,78.65999999999994,78.65999999999994,78.65999999999994,78.65999999999994,78.65999999999994,78.65999999999994,78.65999999999994,78.65999999999994,78.65999999999994,78.65999999999994,78.65999999999994,78.65999999999994,78.65999999999994,78.65999999999994,78.65999999999994,78.65999999999994,78.65999999999994,78.65999999999994,78.65999999999994,78.65999999999994,78.65999999999994,78.65999999999994,78.65999999999994,78.65999999999994,78.65999999999994,78.65999999999994,78.65999999999994,78.65999999999994,78.65999999999994,78.65999999999994,78.65999999999994,78.65999999999994,78.65999999999994,78.65999999999994,78.65999999999994,78.65999999999994,78.65999999999994,78.65999999999994,78.65999999999994,78.65999999999994,78.65999999999994,78.66999999999993,78.66999999999993,78.66999999999993,78.66999999999993,78.66999999999993,78.66999999999993,78.66999999999993,78.66999999999993,78.66999999999993,78.66999999999993,78.66999999999993,78.66999999999993,78.66999999999993,78.66999999999993,78.66999999999993,78.66999999999993,78.66999999999993,78.66999999999993,78.66999999999993,78.67999999999994,78.67999999999994,78.67999999999994,78.67999999999994,78.67999999999994,78.67999999999994,78.67999999999994,78.67999999999994,78.67999999999994,78.67999999999994,78.67999999999994,78.67999999999994,78.67999999999994,78.67999999999994,78.67999999999994,78.67999999999994,78.67999999999994,78.67999999999994,78.67999999999994,78.67999999999994,78.68999999999994,78.68999999999994,78.68999999999994,78.68999999999994,78.68999999999994,78.68999999999994,78.68999999999994,78.68999999999994,78.68999999999994,78.68999999999994,78.68999999999994,78.68999999999994,78.68999999999994,78.68999999999994,78.68999999999994,78.68999999999994,78.68999999999994,78.68999999999994,78.68999999999994,78.68999999999994,78.68999999999994,78.68999999999994,78.68999999999994,78.68999999999994,78.68999999999994,78.68999999999994,78.68999999999994,78.68999999999994,78.68999999999994,78.68999999999994,78.68999999999994,78.68999999999994,78.68999999999994,78.68999999999994,78.68999999999994,78.68999999999994,78.68999999999994,78.68999999999994,78.68999999999994,78.68999999999994,78.68999999999994,78.68999999999994,78.68999999999994,78.68999999999994,78.68999999999994,78.68999999999994,78.69999999999993,78.69999999999993,78.69999999999993,78.69999999999993,78.69999999999993,78.69999999999993,78.69999999999993,78.69999999999993,78.69999999999993,78.69999999999993,78.69999999999993,78.69999999999993,78.69999999999993,78.69999999999993,78.69999999999993,78.69999999999993,78.70999999999994,78.70999999999994,78.70999999999994,78.70999999999994,78.70999999999994,78.70999999999994,78.70999999999994,78.70999999999994,78.70999999999994,78.70999999999994,78.70999999999994,78.70999999999994,78.70999999999994,78.70999999999994,78.70999999999994,78.70999999999994,78.70999999999994,78.70999999999994,78.70999999999994,78.70999999999994,78.70999999999994,78.70999999999994,78.70999999999994,78.70999999999994,78.70999999999994,78.70999999999994,78.70999999999994,78.70999999999994,78.70999999999994,78.70999999999994,78.70999999999994,78.70999999999994,78.70999999999994,78.70999999999994,78.70999999999994,78.70999999999994,78.70999999999994,78.70999999999994,78.70999999999994,78.70999999999994,78.70999999999994,78.70999999999994,78.70999999999994,78.70999999999994,78.70999999999994,78.70999999999994,78.70999999999994,78.70999999999994,78.70999999999994,78.70999999999994,78.70999999999994,78.70999999999994,78.70999999999994,78.70999999999994,78.70999999999994,78.70999999999994,78.70999999999994,78.70999999999994,78.70999999999994,78.70999999999994,78.70999999999994,78.70999999999994,78.70999999999994,78.70999999999994,78.70999999999994,78.70999999999994,81.28000000000003,78.70999999999994,81.28000000000003,78.70999999999994,81.28000000000003,78.70999999999994,78.70999999999994,78.70999999999994,78.70999999999994,78.70999999999994,78.70999999999994,78.70999999999994,78.70999999999994,78.70999999999994,78.70999999999994,78.70999999999994,78.70999999999994,78.70999999999994,78.70999999999994,78.70999999999994,78.70999999999994,78.70999999999994,78.70999999999994,78.70999999999994,78.70999999999994,78.70999999999994,78.70999999999994,78.70999999999994,78.70999999999994,78.70999999999994,78.70999999999994,78.70999999999994,78.70999999999994,78.70999999999994,78.70999999999994,78.70999999999994,78.70999999999994,78.70999999999994,78.70999999999994,78.70999999999994,78.70999999999994,78.70999999999994,78.70999999999994,78.70999999999994,78.70999999999994,78.70999999999994,78.70999999999994,78.70999999999994,78.70999999999994,78.70999999999994,78.70999999999994,78.70999999999994,78.70999999999994,78.70999999999994,78.70999999999994,78.70999999999994,78.70999999999994,78.70999999999994,78.70999999999994,78.70999999999994,78.70999999999994,78.70999999999994,78.70999999999994,78.71999999999994,78.71999999999994,78.71999999999994,78.71999999999994,78.71999999999994,78.71999999999994,78.71999999999994,78.71999999999994,78.71999999999994,78.71999999999994,78.71999999999994,78.71999999999994,78.71999999999994,78.71999999999994,78.71999999999994,78.71999999999994,78.71999999999994,78.71999999999994,78.71999999999994,78.71999999999994,78.71999999999994,78.71999999999994,78.71999999999994,78.71999999999994,78.71999999999994,78.71999999999994,78.71999999999994,78.71999999999994,78.71999999999994,78.71999999999994,78.71999999999994,78.71999999999994,78.71999999999994,78.71999999999994,78.71999999999994,78.71999999999994,78.71999999999994,78.71999999999994,78.71999999999994,78.71999999999994,78.71999999999994,78.71999999999994,78.71999999999994,78.71999999999994,78.71999999999994,78.71999999999994,78.71999999999994,78.71999999999994,78.71999999999994,78.71999999999994,78.71999999999994,78.71999999999994,78.71999999999994,78.71999999999994,78.71999999999994,78.71999999999994,78.71999999999994,78.71999999999994,78.71999999999994,78.71999999999994,78.71999999999994,78.71999999999994,78.71999999999994,78.71999999999994,78.71999999999994,78.71999999999994,78.71999999999994,78.71999999999994,78.71999999999994,78.71999999999994,78.71999999999994,78.71999999999994,78.71999999999994,78.71999999999994,78.71999999999994,78.71999999999994,78.72999999999995,78.72999999999995,78.72999999999995,78.72999999999995,78.72999999999995,78.72999999999995,78.72999999999995,78.72999999999995,78.72999999999995,78.72999999999995,78.72999999999995,81.55000000000003,78.72999999999995,78.72999999999995,78.72999999999995,78.72999999999995,78.72999999999995,78.73999999999995,78.73999999999995,78.73999999999995,78.73999999999995,78.73999999999995,78.73999999999995,78.73999999999995,78.73999999999995,78.73999999999995,78.73999999999995,78.73999999999995,78.73999999999995,78.73999999999995,78.73999999999995,78.73999999999995,78.73999999999995,78.73999999999995,78.73999999999995,78.73999999999995,78.73999999999995,78.73999999999995,78.73999999999995,78.73999999999995,78.73999999999995,78.73999999999995,78.73999999999995,78.73999999999995,78.73999999999995,78.73999999999995,78.73999999999995,78.73999999999995,78.73999999999995,78.73999999999995,78.73999999999995,78.73999999999995,78.73999999999995,78.73999999999995,78.74999999999996,78.74999999999996,78.74999999999996,78.74999999999996,78.74999999999996,78.74999999999996,78.74999999999996,78.74999999999996,78.74999999999996,78.74999999999996,78.74999999999996,78.74999999999996,78.74999999999996,78.74999999999996,78.74999999999996,78.74999999999996,78.74999999999996,78.74999999999996,78.74999999999996,78.74999999999996,78.74999999999996,78.74999999999996,78.74999999999996,78.74999999999996,78.74999999999996,78.74999999999996,78.74999999999996,78.74999999999996,78.74999999999996,78.74999999999996,78.74999999999996,78.74999999999996,78.74999999999996,78.74999999999996,78.74999999999996,78.74999999999996,78.74999999999996,78.74999999999996,78.74999999999996,78.74999999999996,78.74999999999996,78.74999999999996,78.74999999999996,78.74999999999996,78.74999999999996,78.74999999999996,81.83000000000003,78.74999999999996,81.83000000000003,78.74999999999996,81.83000000000003,78.74999999999996,78.74999999999996,78.74999999999996,78.74999999999996,78.74999999999996,78.74999999999996,78.74999999999996,78.74999999999996,78.74999999999996,78.74999999999996,78.74999999999996,78.74999999999996,78.74999999999996,78.74999999999996,78.74999999999996,78.74999999999996,78.74999999999996,78.74999999999996,78.74999999999996,78.74999999999996,78.74999999999996,78.74999999999996,78.74999999999996,78.74999999999996,78.74999999999996,78.74999999999996,78.74999999999996,78.74999999999996,78.74999999999996,78.74999999999996,78.74999999999996,78.74999999999996,78.74999999999996,78.74999999999996,78.74999999999996,78.74999999999996,78.74999999999996,78.74999999999996,78.74999999999996,78.74999999999996,78.74999999999996,78.74999999999996,78.74999999999996,78.74999999999996,78.74999999999996,78.74999999999996,78.74999999999996,78.74999999999996,78.74999999999996,78.74999999999996,78.74999999999996,78.74999999999996,78.74999999999996,78.74999999999996,78.74999999999996,78.74999999999996,78.74999999999996,78.74999999999996,78.74999999999996,78.74999999999996,78.74999999999996,78.74999999999996,78.74999999999996,78.74999999999996,78.74999999999996,78.74999999999996,78.74999999999996,78.75999999999995,78.75999999999995,78.75999999999995,78.75999999999995,78.75999999999995,78.75999999999995,78.75999999999995,78.75999999999995,78.75999999999995,78.75999999999995,78.75999999999995,78.75999999999995,78.75999999999995,78.75999999999995,78.75999999999995,78.75999999999995,78.75999999999995,78.75999999999995,78.75999999999995,78.75999999999995,78.75999999999995,78.75999999999995,78.75999999999995,78.75999999999995,78.75999999999995,78.75999999999995,78.75999999999995,78.75999999999995,78.75999999999995,78.75999999999995,78.75999999999995,78.75999999999995,78.75999999999995,78.75999999999995,78.76999999999995,78.76999999999995,78.76999999999995,78.76999999999995,78.76999999999995,78.76999999999995,78.76999999999995,78.76999999999995,78.76999999999995,78.76999999999995,78.76999999999995,78.76999999999995,78.76999999999995,78.76999999999995,78.76999999999995,78.76999999999995,78.76999999999995,78.76999999999995,78.76999999999995,78.76999999999995,78.76999999999995,78.76999999999995,78.76999999999995,78.76999999999995,78.76999999999995,78.76999999999995,78.76999999999995,78.76999999999995,78.76999999999995,78.76999999999995,78.76999999999995,78.76999999999995,78.76999999999995,78.76999999999995,78.76999999999995,78.76999999999995,78.76999999999995,78.76999999999995,78.76999999999995,78.76999999999995,78.76999999999995,78.76999999999995,78.76999999999995,78.76999999999995,78.76999999999995,78.76999999999995,78.76999999999995,78.76999999999995,78.76999999999995,78.76999999999995,78.76999999999995,78.76999999999995,78.76999999999995,78.76999999999995,78.76999999999995,78.76999999999995,78.76999999999995,78.76999999999995,78.76999999999995,78.76999999999995,78.77999999999994,78.77999999999994,78.77999999999994,78.77999999999994,78.77999999999994,78.77999999999994,78.77999999999994,78.77999999999994,78.77999999999994,78.77999999999994,78.77999999999994,78.77999999999994,78.77999999999994,78.77999999999994,78.77999999999994,78.77999999999994,78.77999999999994,78.77999999999994,78.77999999999994,78.77999999999994,78.77999999999994,78.77999999999994,78.77999999999994,78.77999999999994,78.77999999999994,78.77999999999994,78.77999999999994,78.77999999999994,78.77999999999994,78.77999999999994,78.77999999999994,78.77999999999994,78.77999999999994,78.77999999999994,78.77999999999994,78.77999999999994,78.77999999999994,78.77999999999994,78.77999999999994,78.77999999999994,78.77999999999994,78.77999999999994,78.77999999999994,78.77999999999994,78.77999999999994,78.77999999999994,78.77999999999994,78.77999999999994,78.77999999999994,78.77999999999994,78.77999999999994,78.77999999999994,78.77999999999994,78.77999999999994,78.77999999999994,78.77999999999994,78.77999999999994,78.77999999999994,78.77999999999994,78.78999999999995,78.78999999999995,78.78999999999995,78.78999999999995,78.78999999999995,78.78999999999995,78.78999999999995,78.78999999999995,78.78999999999995,78.78999999999995,78.78999999999995,78.78999999999995,78.78999999999995,78.78999999999995,78.78999999999995,78.78999999999995,78.78999999999995,78.78999999999995,82.11000000000003,78.78999999999995,82.11000000000003,78.78999999999995,82.11000000000003,78.78999999999995,82.11000000000003,78.78999999999995,82.11000000000003,78.78999999999995,82.11000000000003,78.78999999999995,82.11000000000003,78.78999999999995,82.11000000000003,78.78999999999995,82.11000000000003,78.78999999999995,82.11000000000003,78.78999999999995,82.11000000000003,78.78999999999995,78.78999999999995,78.78999999999995,78.78999999999995,78.78999999999995,78.78999999999995,78.78999999999995,78.78999999999995,78.78999999999995,78.78999999999995,78.78999999999995,78.78999999999995,78.78999999999995,78.78999999999995,78.78999999999995,78.78999999999995,78.78999999999995,78.78999999999995,78.78999999999995,78.78999999999995,78.78999999999995,78.78999999999995,78.78999999999995,78.78999999999995,78.78999999999995,78.78999999999995,78.78999999999995,78.78999999999995,78.78999999999995,78.78999999999995,78.78999999999995,78.78999999999995,78.78999999999995,78.78999999999995,78.78999999999995,78.78999999999995,78.78999999999995,78.78999999999995,78.78999999999995,78.78999999999995,78.78999999999995,78.78999999999995,78.78999999999995,78.78999999999995,78.78999999999995,78.78999999999995,78.78999999999995,78.78999999999995,78.78999999999995,78.78999999999995,78.78999999999995,78.78999999999995,78.78999999999995,78.78999999999995,78.78999999999995,78.78999999999995,78.78999999999995,78.78999999999995,78.78999999999995,78.78999999999995,78.78999999999995,78.78999999999995,78.78999999999995,78.78999999999995,78.78999999999995,78.78999999999995,78.78999999999995,78.78999999999995,78.78999999999995,78.78999999999995,78.78999999999995,78.78999999999995,78.78999999999995,78.78999999999995,78.78999999999995,78.78999999999995,78.78999999999995,78.78999999999995,78.78999999999995,78.78999999999995,78.78999999999995,78.78999999999995,78.78999999999995,78.78999999999995,78.78999999999995,78.79999999999994,78.79999999999994,78.79999999999994,78.79999999999994,78.79999999999994,78.79999999999994,78.79999999999994,78.79999999999994,78.79999999999994,78.79999999999994,78.79999999999994,78.79999999999994,78.79999999999994,78.79999999999994,78.79999999999994,78.79999999999994,78.79999999999994,78.79999999999994,78.80999999999995,78.80999999999995,78.80999999999995,78.80999999999995,78.80999999999995,78.80999999999995,78.80999999999995,78.80999999999995,78.80999999999995,78.80999999999995,82.11000000000003,82.11000000000003,82.11000000000003,82.11000000000003,82.11000000000003,82.11000000000003,82.11000000000003,78.80999999999995,78.80999999999995,78.80999999999995,78.81999999999995,78.81999999999995,78.81999999999995,78.81999999999995,78.81999999999995,78.81999999999995,78.81999999999995,78.81999999999995,78.81999999999995,78.81999999999995,78.81999999999995,78.81999999999995,78.81999999999995,78.81999999999995,78.81999999999995,78.81999999999995,78.81999999999995,78.82999999999996,78.82999999999996,78.82999999999996,78.82999999999996,78.82999999999996,78.82999999999996,78.82999999999996,78.82999999999996,78.82999999999996,78.82999999999996,78.82999999999996,78.82999999999996,78.82999999999996,78.82999999999996,78.82999999999996,78.82999999999996,78.82999999999996,78.82999999999996,78.82999999999996,78.82999999999996,78.82999999999996,78.82999999999996,78.82999999999996,78.82999999999996,78.82999999999996,78.82999999999996,78.82999999999996,78.82999999999996,78.82999999999996,78.82999999999996,78.82999999999996,78.82999999999996,78.82999999999996,78.82999999999996,78.82999999999996,78.82999999999996,78.82999999999996,78.82999999999996,78.82999999999996,78.82999999999996,78.82999999999996,78.82999999999996,78.82999999999996,78.82999999999996,78.82999999999996,78.82999999999996,78.82999999999996,78.82999999999996,78.82999999999996,78.82999999999996,78.82999999999996,78.82999999999996,78.83999999999995,78.83999999999995,78.83999999999995,78.83999999999995,78.83999999999995,78.83999999999995,78.83999999999995,78.83999999999995,78.83999999999995,78.83999999999995,78.83999999999995,78.83999999999995,78.83999999999995,78.83999999999995,78.83999999999995,78.83999999999995,78.83999999999995,78.83999999999995,78.84999999999995,78.84999999999995,78.84999999999995,78.84999999999995,78.84999999999995,78.84999999999995,78.84999999999995,78.84999999999995,78.84999999999995,78.84999999999995,78.84999999999995,78.84999999999995,78.84999999999995,78.84999999999995,78.84999999999995,78.84999999999995,78.84999999999995,78.84999999999995,78.84999999999995,78.84999999999995,78.84999999999995,78.84999999999995,78.84999999999995,78.84999999999995,78.84999999999995,78.84999999999995,78.84999999999995,78.84999999999995,78.84999999999995,78.84999999999995,78.84999999999995,78.84999999999995,78.84999999999995,82.11000000000003,78.84999999999995,82.11000000000003,78.84999999999995,82.11000000000003,78.84999999999995,82.11000000000003,78.84999999999995,78.84999999999995,78.84999999999995,78.84999999999995,78.84999999999995,78.84999999999995,78.84999999999995,78.84999999999995,78.84999999999995,78.84999999999995,78.84999999999995,78.84999999999995,78.84999999999995,78.84999999999995,78.84999999999995,78.84999999999995,78.84999999999995,78.84999999999995,78.84999999999995,78.84999999999995,78.84999999999995,78.84999999999995,78.84999999999995,78.84999999999995,78.84999999999995,78.84999999999995,78.84999999999995,78.84999999999995,78.84999999999995,78.84999999999995,78.84999999999995,78.84999999999995,78.84999999999995,78.84999999999995,78.84999999999995,78.84999999999995,78.84999999999995,78.84999999999995,78.84999999999995,78.84999999999995,78.84999999999995,78.85999999999994,78.85999999999994,78.85999999999994,78.85999999999994,78.85999999999994,78.85999999999994,78.85999999999994,78.85999999999994,78.85999999999994,78.85999999999994,78.85999999999994,78.85999999999994,78.85999999999994,78.85999999999994,78.85999999999994,78.85999999999994,78.85999999999994,78.85999999999994,78.85999999999994,78.85999999999994,78.85999999999994,78.85999999999994,78.85999999999994,78.85999999999994,78.85999999999994,78.85999999999994,78.85999999999994,78.85999999999994,78.85999999999994,78.85999999999994,78.85999999999994,78.85999999999994,78.85999999999994,78.85999999999994,78.85999999999994,78.85999999999994,78.85999999999994,78.85999999999994,78.85999999999994,78.85999999999994,78.85999999999994,78.85999999999994,78.85999999999994,78.85999999999994,78.85999999999994,78.85999999999994,78.85999999999994,78.85999999999994,78.85999999999994,78.85999999999994,78.85999999999994,78.85999999999994,78.85999999999994,78.85999999999994,78.85999999999994,78.85999999999994,78.85999999999994,78.85999999999994,78.85999999999994,78.85999999999994,78.85999999999994,78.85999999999994,78.85999999999994,78.85999999999994,78.85999999999994,78.85999999999994,78.85999999999994,78.85999999999994,78.85999999999994,78.85999999999994,78.85999999999994,78.85999999999994,78.85999999999994,78.85999999999994,78.85999999999994,78.85999999999994,78.85999999999994,78.85999999999994,78.85999999999994,78.85999999999994,78.85999999999994,78.85999999999994,78.85999999999994,78.85999999999994,78.85999999999994,78.85999999999994,78.85999999999994,78.85999999999994,78.85999999999994,78.85999999999994,78.85999999999994,78.85999999999994,78.85999999999994,78.85999999999994,78.85999999999994,78.85999999999994,78.85999999999994,78.85999999999994,78.85999999999994,78.85999999999994,78.85999999999994,78.85999999999994,78.85999999999994,78.85999999999994,78.85999999999994,78.85999999999994,78.85999999999994,78.85999999999994,78.85999999999994,78.85999999999994,78.85999999999994,78.85999999999994,78.85999999999994,78.85999999999994,78.85999999999994,78.85999999999994,78.85999999999994,78.85999999999994,78.85999999999994,78.85999999999994,78.85999999999994,78.85999999999994,78.85999999999994,78.85999999999994,78.85999999999994,78.85999999999994,78.85999999999994,78.85999999999994,78.85999999999994,78.85999999999994,78.85999999999994,78.85999999999994,78.85999999999994,78.85999999999994,78.85999999999994,78.85999999999994,78.85999999999994,78.85999999999994,78.85999999999994,78.85999999999994,78.85999999999994,78.85999999999994,78.85999999999994,78.85999999999994,78.85999999999994,78.85999999999994,78.85999999999994,78.85999999999994,78.85999999999994,78.85999999999994,78.85999999999994,78.85999999999994,78.85999999999994,78.85999999999994,78.85999999999994,78.85999999999994,78.85999999999994,78.85999999999994,78.85999999999994,78.85999999999994,78.85999999999994,78.85999999999994,78.85999999999994,78.85999999999994,78.85999999999994,78.85999999999994,78.85999999999994,78.85999999999994,78.85999999999994,78.85999999999994,78.85999999999994,78.85999999999994,78.85999999999994,78.85999999999994,78.85999999999994,78.85999999999994,78.85999999999994,82.11000000000003,78.85999999999994,82.11000000000003,78.85999999999994,78.85999999999994,78.85999999999994,78.85999999999994,78.85999999999994,78.85999999999994,78.85999999999994,78.85999999999994,78.85999999999994,78.85999999999994,78.85999999999994,78.85999999999994,78.85999999999994,78.85999999999994,78.85999999999994,78.85999999999994,78.85999999999994,78.85999999999994,78.85999999999994,78.85999999999994,78.85999999999994,78.85999999999994,78.85999999999994,78.85999999999994,78.85999999999994,78.85999999999994,78.85999999999994,78.85999999999994,78.85999999999994,78.85999999999994,78.85999999999994,78.85999999999994,78.85999999999994,78.85999999999994,78.85999999999994,78.85999999999994,78.85999999999994,78.85999999999994,78.85999999999994,78.85999999999994,78.85999999999994,78.85999999999994,78.85999999999994,78.85999999999994,78.85999999999994,78.85999999999994,78.85999999999994,78.85999999999994,78.85999999999994,78.85999999999994,78.85999999999994,78.85999999999994,78.85999999999994,78.85999999999994,78.85999999999994,78.85999999999994,78.85999999999994,78.85999999999994,78.85999999999994,78.85999999999994,78.85999999999994,78.85999999999994,78.85999999999994,78.85999999999994,78.85999999999994,78.85999999999994,78.85999999999994,78.85999999999994,78.85999999999994,78.85999999999994,78.86999999999995,78.86999999999995,78.86999999999995,78.86999999999995,78.86999999999995,78.86999999999995,78.86999999999995,78.86999999999995,78.86999999999995,78.86999999999995,78.86999999999995,78.86999999999995,78.86999999999995,78.86999999999995,78.86999999999995,78.86999999999995,78.86999999999995,78.87999999999995,78.87999999999995,78.87999999999995,78.87999999999995,78.87999999999995,78.87999999999995,78.87999999999995,78.87999999999995,78.87999999999995,78.87999999999995,78.87999999999995,78.87999999999995,78.87999999999995,78.87999999999995,78.87999999999995,78.87999999999995,78.87999999999995,82.11000000000003,82.11000000000003,82.11000000000003,82.11000000000003,82.11000000000003,82.11000000000003,82.11000000000003,82.11000000000003,82.11000000000003,82.11000000000003,82.11000000000003,82.11000000000003,82.11000000000003,82.11000000000003,82.11000000000003,82.11000000000003,82.11000000000003,82.11000000000003,82.11000000000003,82.11000000000003,82.11000000000003,82.11000000000003,82.11000000000003,82.11000000000003,82.11000000000003,82.11000000000003,82.11000000000003,82.11000000000003,82.11000000000003,82.11000000000003,82.11000000000003,82.11000000000003,82.11000000000003,82.11000000000003,82.11000000000003,82.11000000000003,82.11000000000003,82.12000000000002,82.12000000000002,82.12000000000002,82.12000000000002,82.12000000000002,82.12000000000002,82.12000000000002,82.12000000000002,82.12000000000002,82.12000000000002,82.12000000000002,82.12000000000002,82.12000000000002,82.13000000000002,82.13000000000002,82.13000000000002,82.13000000000002,82.13000000000002,82.13000000000002,82.13000000000002,82.13000000000002,82.13000000000002,82.13000000000002,82.13000000000002,82.13000000000002,82.13000000000002,82.13000000000002,82.13000000000002,82.13000000000002,82.13000000000002,82.13000000000002,82.13000000000002,82.13000000000002,82.13000000000002,82.13000000000002,82.13000000000002,82.13000000000002,82.13000000000002,82.13000000000002,82.13000000000002,82.13000000000002,82.13000000000002,82.13000000000002,82.13000000000002,82.13000000000002,82.13000000000002,82.13000000000002,82.13000000000002,82.13000000000002,82.13000000000002,82.13000000000002,82.13000000000002,82.13000000000002,82.13000000000002,82.13000000000002,82.13000000000002,82.13000000000002,82.13000000000002,82.13000000000002,82.13000000000002,82.13000000000002,82.13000000000002,82.13000000000002,82.13000000000002,82.13000000000002,82.13000000000002,82.13000000000002,82.13000000000002,82.13000000000002,78.87999999999995,82.13000000000002,78.87999999999995,82.13000000000002,78.87999999999995,82.13000000000002,78.87999999999995,82.13000000000002,78.87999999999995,82.13000000000002,78.87999999999995,82.13000000000002,78.87999999999995,82.13000000000002,78.87999999999995,82.13000000000002,78.87999999999995,82.13000000000002,78.87999999999995,82.13000000000002,78.87999999999995,82.13000000000002,78.87999999999995,82.13000000000002,78.87999999999995,82.14000000000001,78.87999999999995,82.14000000000001,78.87999999999995,82.14000000000001,78.87999999999995,82.14000000000001,78.87999999999995,82.14000000000001,78.87999999999995,82.14000000000001,78.87999999999995,82.14000000000001,78.87999999999995,82.14000000000001,78.87999999999995,82.14000000000001,78.87999999999995,82.14000000000001,78.87999999999995,82.14000000000001,78.87999999999995,82.14000000000001,78.87999999999995,82.14000000000001,78.87999999999995,82.14000000000001,78.87999999999995,82.14000000000001,78.87999999999995,82.14000000000001,78.87999999999995,82.14000000000001,78.87999999999995,82.14000000000001,78.87999999999995,82.14000000000001,82.14000000000001,82.14000000000001,82.14000000000001,82.14000000000001,82.15000000000002,82.15000000000002,82.15000000000002,82.15000000000002,82.15000000000002,82.15000000000002,82.15000000000002,82.15000000000002,82.15000000000002,82.15000000000002,82.15000000000002,82.15000000000002,82.15000000000002,82.15000000000002,82.15000000000002,82.15000000000002,82.15000000000002,82.15000000000002,82.15000000000002,82.15000000000002,82.16000000000003,82.16000000000003,82.16000000000003,82.17000000000002,82.17000000000002,82.17000000000002,82.17000000000002,82.17000000000002,82.17000000000002,82.17000000000002,82.17000000000002,82.17000000000002,82.17000000000002,82.17000000000002,82.17000000000002,82.17000000000002,82.17000000000002,82.17000000000002,82.17000000000002,82.17000000000002,82.17000000000002,82.17000000000002,82.17000000000002,82.17000000000002,82.17000000000002,82.17000000000002,82.18000000000002,82.18000000000002,82.18000000000002,82.18000000000002,82.18000000000002,82.18000000000002,82.18000000000002,82.18000000000002,82.18000000000002,82.18000000000002,82.18000000000002,82.18000000000002,82.18000000000002,82.18000000000002,82.18000000000002,82.18000000000002,82.18000000000002,82.18000000000002,82.18000000000002,82.18000000000002,82.18000000000002,82.18000000000002,82.18000000000002,82.18000000000002,82.18000000000002,82.18000000000002,82.18000000000002,82.18000000000002,82.18000000000002,82.18000000000002,82.18000000000002,82.18000000000002,82.18000000000002,82.18000000000002,82.18000000000002,82.18000000000002,82.18000000000002,82.18000000000002,82.18000000000002,82.18000000000002,82.18000000000002,82.18000000000002,82.18000000000002,82.18000000000002,82.18000000000002,82.18000000000002,82.18000000000002,82.18000000000002,82.18000000000002,82.18000000000002,82.18000000000002,82.18000000000002,82.18000000000002,82.18000000000002,82.18000000000002,82.18000000000002,82.18000000000002,82.19000000000003,82.19000000000003,82.19000000000003,82.19000000000003,82.19000000000003,82.19000000000003,82.19000000000003,82.19000000000003,82.19000000000003,82.19000000000003,82.19000000000003,82.19000000000003,82.19000000000003,82.19000000000003,82.19000000000003,82.19000000000003,82.19000000000003,82.20000000000002,82.20000000000002,82.20000000000002,82.20000000000002,82.20000000000002,82.20000000000002,82.20000000000002,82.20000000000002,82.20000000000002,82.20000000000002,82.20000000000002,82.20000000000002,82.20000000000002,82.20000000000002,82.20000000000002,82.20000000000002,82.20000000000002,82.20000000000002,82.20000000000002,82.20000000000002,82.20000000000002,82.20000000000002,82.20000000000002,82.20000000000002,82.20000000000002,82.20000000000002,82.20000000000002,82.20000000000002,82.20000000000002,82.20000000000002,82.20000000000002,82.20000000000002,82.20000000000002,82.20000000000002,82.20000000000002,82.21000000000002,82.21000000000002,82.21000000000002,82.21000000000002,82.21000000000002,82.21000000000002,82.21000000000002,82.21000000000002,82.21000000000002,82.21000000000002,82.21000000000002,82.21000000000002,82.21000000000002,82.21000000000002,82.21000000000002,78.87999999999995,82.21000000000002,78.87999999999995,82.21000000000002,78.87999999999995,82.21000000000002,78.87999999999995,82.21000000000002,78.87999999999995,82.21000000000002,78.87999999999995,82.21000000000002,78.87999999999995,82.21000000000002,78.87999999999995,82.21000000000002,78.87999999999995,82.21000000000002,78.87999999999995,82.21000000000002,78.87999999999995,82.22000000000003,78.87999999999995,82.22000000000003,78.87999999999995,82.22000000000003,78.87999999999995,82.22000000000003,78.87999999999995,82.22000000000003,78.87999999999995,82.22000000000003,78.87999999999995,82.22000000000003,78.87999999999995,82.22000000000003,78.87999999999995,82.22000000000003,78.87999999999995,82.22000000000003,78.87999999999995,82.22000000000003,82.22000000000003,78.87999999999995,82.22000000000003,78.87999999999995,82.22000000000003,78.87999999999995,82.22000000000003,78.87999999999995,82.22000000000003,78.87999999999995,82.22000000000003,78.87999999999995,82.22000000000003,78.87999999999995,82.22000000000003,78.87999999999995,82.22000000000003,78.87999999999995,82.22000000000003,78.87999999999995,82.22000000000003,78.87999999999995,82.22000000000003,78.87999999999995,82.22000000000003,78.87999999999995,82.22000000000003,78.87999999999995,82.22000000000003,78.87999999999995,82.22000000000003,78.87999999999995,82.22000000000003,78.87999999999995,82.22000000000003,78.87999999999995,82.22000000000003,78.88999999999994,82.22000000000003,78.88999999999994,82.22000000000003,78.88999999999994,82.22000000000003,78.88999999999994,82.22000000000003,78.88999999999994,82.22000000000003,78.88999999999994,82.22000000000003,78.88999999999994,82.22000000000003,78.88999999999994,82.22000000000003,78.88999999999994,82.22000000000003,78.88999999999994,82.22000000000003,78.88999999999994,82.22000000000003,78.88999999999994,82.22000000000003,78.88999999999994,82.22000000000003,78.88999999999994,82.22000000000003,78.88999999999994,82.22000000000003,78.88999999999994,82.22000000000003,78.88999999999994,82.22000000000003,78.88999999999994,82.22000000000003,78.88999999999994,82.22000000000003,78.88999999999994,82.22000000000003,78.88999999999994,82.22000000000003,78.89999999999995,82.22000000000003,78.89999999999995,82.22000000000003,78.89999999999995,82.22000000000003,78.89999999999995,82.22000000000003,78.89999999999995,82.22000000000003,78.89999999999995,82.22000000000003,78.89999999999995,82.22000000000003,78.89999999999995,82.22000000000003,78.89999999999995,82.22000000000003,78.89999999999995,82.22000000000003,78.89999999999995,82.22000000000003,78.89999999999995,82.22000000000003,78.89999999999995,82.22000000000003,78.89999999999995,82.22000000000003,78.89999999999995,82.22000000000003,78.89999999999995,82.22000000000003,78.89999999999995,82.22000000000003,78.90999999999994,82.22000000000003,78.90999999999994,82.22000000000003,78.90999999999994,82.22000000000003,78.90999999999994,82.22000000000003,78.90999999999994,82.22000000000003,78.90999999999994,82.22000000000003,78.90999999999994,82.22000000000003,78.90999999999994,82.22000000000003,78.90999999999994,82.22000000000003,78.90999999999994,82.22000000000003,78.90999999999994,82.22000000000003,78.90999999999994,82.23000000000003,78.90999999999994,82.23000000000003,78.90999999999994,82.23000000000003,78.90999999999994,82.23000000000003,78.90999999999994,82.23000000000003,78.90999999999994,78.90999999999994,78.90999999999994,78.90999999999994,78.90999999999994,78.90999999999994,78.90999999999994,78.90999999999994,78.90999999999994,78.90999999999994,78.90999999999994,78.90999999999994,78.90999999999994,78.90999999999994,78.90999999999994,78.90999999999994,78.90999999999994,78.90999999999994,78.90999999999994,78.90999999999994,78.90999999999994,78.91999999999993,78.91999999999993,78.91999999999993,78.91999999999993,78.91999999999993,78.91999999999993,78.91999999999993,78.91999999999993,78.91999999999993,78.91999999999993,78.91999999999993,78.91999999999993,78.91999999999993,78.91999999999993,78.91999999999993,78.91999999999993,78.91999999999993,78.91999999999993,78.91999999999993,78.91999999999993,78.91999999999993,78.92999999999994,78.92999999999994,78.92999999999994,78.92999999999994,78.92999999999994,78.92999999999994,78.92999999999994,78.92999999999994,78.92999999999994,78.92999999999994,78.92999999999994,78.92999999999994,78.92999999999994,78.92999999999994,78.92999999999994,78.92999999999994,78.92999999999994,78.92999999999994,78.93999999999994,78.93999999999994,78.93999999999994,78.93999999999994,78.93999999999994,78.93999999999994,78.93999999999994,78.93999999999994,78.93999999999994,78.93999999999994,78.93999999999994,78.93999999999994,78.93999999999994,78.93999999999994,78.93999999999994,78.93999999999994,78.93999999999994,78.93999999999994,78.93999999999994,78.93999999999994,78.93999999999994,78.93999999999994,78.93999999999994,78.93999999999994,78.93999999999994,78.93999999999994,78.93999999999994,78.93999999999994,78.93999999999994,78.93999999999994,78.93999999999994,78.93999999999994,78.93999999999994,78.93999999999994,78.93999999999994,78.93999999999994,78.93999999999994,78.93999999999994,78.93999999999994,78.93999999999994,78.93999999999994,78.93999999999994,78.93999999999994,78.93999999999994,78.93999999999994,78.93999999999994,78.93999999999994,78.93999999999994,78.93999999999994,78.93999999999994,78.93999999999994,78.93999999999994,78.93999999999994,78.93999999999994,78.93999999999994,78.93999999999994,78.93999999999994,78.93999999999994,78.93999999999994,78.93999999999994,78.93999999999994,78.93999999999994,78.93999999999994,78.93999999999994,78.93999999999994,78.93999999999994,78.93999999999994,78.93999999999994,78.93999999999994,78.93999999999994,78.93999999999994,78.93999999999994,78.93999999999994,78.93999999999994,78.93999999999994,78.93999999999994,78.93999999999994,78.93999999999994,82.23000000000003,78.93999999999994,82.23000000000003,78.93999999999994,82.23000000000003,78.93999999999994,82.23000000000003,78.93999999999994,82.23000000000003,78.93999999999994,82.23000000000003,78.93999999999994,82.23000000000003,78.93999999999994,82.23000000000003,
82.23000000000003,82.23000000000003,82.23000000000003,78.93999999999994,82.23000000000003,78.93999999999994,82.23000000000003,78.93999999999994,82.23000000000003,78.93999999999994,82.23000000000003,78.93999999999994,82.23000000000003,78.93999999999994,82.23000000000003,78.93999999999994,82.23000000000003,78.93999999999994,82.23000000000003,78.93999999999994,82.23000000000003,78.93999999999994,82.23000000000003,78.93999999999994,82.23000000000003,78.93999999999994,82.23000000000003,78.93999999999994,82.23000000000003,78.93999999999994,82.23000000000003,78.93999999999994,82.23000000000003,78.93999999999994,82.23000000000003,78.93999999999994,82.23000000000003,78.93999999999994,82.23000000000003,78.93999999999994,82.23000000000003,82.23000000000003,82.23000000000003,82.23000000000003,78.93999999999994,82.23000000000003,82.23000000000003,82.23000000000003,82.23000000000003,78.94999999999993,82.23000000000003,78.94999999999993,82.23000000000003,78.94999999999993,82.24000000000002,82.24000000000002,82.24000000000002,82.24000000000002,82.24000000000002,78.95999999999994,82.24000000000002,78.95999999999994,82.24000000000002,82.24000000000002,82.24000000000002,82.24000000000002,82.24000000000002,78.96999999999994,82.24000000000002,78.96999999999994,82.24000000000002,78.96999999999994,82.24000000000002,78.96999999999994,82.24000000000002,78.96999999999994,82.24000000000002,78.96999999999994,82.24000000000002,78.96999999999994,82.24000000000002,78.96999999999994,82.24000000000002,78.96999999999994,82.24000000000002,78.96999999999994,82.24000000000002,78.96999999999994,82.24000000000002,78.96999999999994,82.24000000000002,78.96999999999994,82.24000000000002,82.24000000000002,78.96999999999994,82.24000000000002,78.96999999999994,82.24000000000002,78.96999999999994,82.24000000000002,78.96999999999994,82.24000000000002,78.96999999999994,82.24000000000002,78.96999999999994,82.24000000000002,78.96999999999994,82.24000000000002,78.96999999999994,82.24000000000002,78.96999999999994,82.24000000000002,78.96999999999994,82.24000000000002,82.24000000000002,82.24000000000002,82.24000000000002,82.24000000000002,82.24000000000002,82.24000000000002,82.24000000000002,82.24000000000002,82.24000000000002,82.24000000000002,82.24000000000002,78.98999999999995,82.24000000000002,78.98999999999995,82.24000000000002,82.24000000000002,82.24000000000002,82.24000000000002,82.24000000000002,82.24000000000002,79.00999999999995,82.24000000000002,82.24000000000002,82.24000000000002,82.24000000000002,82.24000000000002,82.24000000000002,82.24000000000002,79.01999999999995,82.24000000000002,79.01999999999995,82.24000000000002,79.01999999999995,82.24000000000002,79.01999999999995,82.24000000000002,82.24000000000002,82.24000000000002,82.24000000000002,82.24000000000002,82.24000000000002,82.24000000000002,79.02999999999994,82.24000000000002,82.24000000000002,82.24000000000002,82.24000000000002,82.24000000000002,82.24000000000002,79.04999999999994,82.24000000000002,79.04999999999994,82.24000000000002,82.24000000000002,82.24000000000002,82.24000000000002,82.24000000000002,82.24000000000002,82.24000000000002,79.05999999999995,82.24000000000002,82.24000000000002,82.24000000000002,82.24000000000002,82.24000000000002,82.24000000000002,82.24000000000002,82.24000000000002,82.24000000000002,82.24000000000002,82.24000000000002,82.24000000000002,82.24000000000002,79.08999999999995,82.24000000000002,82.24000000000002,82.25000000000001,82.25000000000001,82.25000000000001,82.25000000000001,82.25000000000001,82.25000000000001,82.25000000000001,82.25000000000001,82.25000000000001,82.25000000000001,82.25000000000001,82.25000000000001,82.25000000000001,82.25000000000001,82.25000000000001,82.25000000000001,82.25000000000001,82.25000000000001,82.25000000000001,82.25000000000001,79.12999999999995,82.25000000000001,79.12999999999995,82.25000000000001,82.25000000000001,82.25000000000001,82.25000000000001,82.25000000000001,82.25000000000001,82.25000000000001,82.25000000000001,82.25000000000001,79.14999999999995,82.25000000000001,82.25000000000001,82.25000000000001,82.25000000000001,82.25000000000001,82.25000000000001,82.25000000000001,82.25000000000001,82.25000000000001,82.25000000000001,79.15999999999995,82.25000000000001,82.25000000000001,82.25000000000001,82.25000000000001,82.25000000000001,82.25000000000001,82.25000000000001,82.25000000000001,82.25000000000001,82.25000000000001,82.25000000000001,82.25000000000001,82.25000000000001,82.25000000000001,82.25000000000001,82.25000000000001,82.25000000000001,79.18999999999994,82.25000000000001,82.25000000000001,82.25000000000001,82.25000000000001,82.25000000000001,82.26,82.26,82.26,82.26,82.26,82.26,82.26,82.26,82.26,82.26,82.26,82.26,82.26,82.26,82.26,79.21999999999994,82.26,82.26,82.26,82.26,82.26,82.26,82.26,82.27,82.27,82.27,79.23999999999994,82.27,82.27,82.27,82.27,82.27,82.27,82.27,82.27,82.27,82.27,82.27,82.27,79.24999999999994,82.27,82.27,82.27,82.27,82.27,82.27,82.27,82.27,82.27,82.27,82.27,82.27,82.27,79.26999999999994,82.27,79.26999999999994,82.27,79.26999999999994,82.27,79.26999999999994,82.27,82.27,82.27,82.27,82.27,82.27,82.28,82.28,82.28,82.28,82.28,82.28,82.28,82.28,82.28,79.27999999999993,82.28,79.27999999999993,82.28,79.27999999999993,82.28,79.27999999999993,82.28,79.27999999999993,82.28,82.28,82.28,82.28,82.28,82.28,82.28,82.28,82.28,82.28,82.28,82.28,82.28,82.28,79.29999999999993,82.28,82.28,82.28,82.28,82.28,82.28,82.28,82.28,82.28,82.28,82.28,82.28,82.29,82.29,82.29,79.30999999999993,82.29,79.30999999999993,82.29,79.30999999999993,82.29,79.30999999999993,82.29,82.29,82.29,82.29,82.29,82.29,82.29,82.29,82.29,82.29,82.29,82.29,82.29,82.29,82.29,82.30000000000001,79.32999999999994,82.30000000000001,82.30000000000001,82.30000000000001,82.30000000000001,82.30000000000001,82.30000000000001,82.30000000000001,82.30000000000001,82.30000000000001,82.30000000000001,82.30000000000001,82.30000000000001,82.30000000000001,82.30000000000001,82.30000000000001,82.30000000000001,82.30000000000001,79.34999999999994,82.30000000000001,79.34999999999994,82.30000000000001,82.30000000000001,82.30000000000001,82.30000000000001,82.30000000000001,82.30000000000001,82.30000000000001,82.30000000000001,82.30000000000001,82.30000000000001,82.30000000000001,82.30000000000001,82.30000000000001,82.30000000000001,79.36999999999993,82.30000000000001,82.30000000000001,82.30000000000001,82.31000000000002,82.31000000000002,82.31000000000002,82.31000000000002,82.31000000000002,82.31000000000002,82.31000000000002,82.31000000000002,82.31000000000002,79.38999999999993,82.31000000000002,79.38999999999993,82.31000000000002,82.31000000000002,82.31000000000002,82.31000000000002,82.31000000000002,82.31000000000002,82.31000000000002,82.31000000000002,82.31000000000002,82.31000000000002,82.32000000000001,82.32000000000001,79.41999999999993,82.32000000000001,82.32000000000001,82.32000000000001,82.32000000000001,82.32000000000001,82.32000000000001,82.32000000000001,82.32000000000001,82.32000000000001,82.32000000000001,82.32000000000001,79.43999999999994,82.32000000000001,82.32000000000001,82.32000000000001,82.32000000000001,82.32000000000001,82.32000000000001,82.32000000000001,82.32000000000001,82.32000000000001,82.32000000000001,79.45999999999994,82.32000000000001,82.32000000000001,82.32000000000001,82.32000000000001,82.32000000000001,82.32000000000001,82.32000000000001,82.32000000000001,82.32000000000001,82.32000000000001,82.32000000000001,82.32000000000001,79.48999999999994,82.32000000000001,79.48999999999994,82.32000000000001,82.33000000000001,82.33000000000001,82.33000000000001,82.33000000000001,82.33000000000001,82.33000000000001,82.33000000000001,82.33000000000001,82.33000000000001,82.33000000000001,82.33000000000001,82.33000000000001,79.50999999999993,82.33000000000001,82.33000000000001,82.33000000000001,82.33000000000001,82.33000000000001,82.33000000000001,82.33000000000001,82.33000000000001,82.33000000000001,82.33000000000001,82.33000000000001,82.33000000000001,82.33000000000001,79.53999999999994,82.33000000000001,79.53999999999994,82.33000000000001,82.33000000000001,79.53999999999994,82.33000000000001,82.33000000000001,82.33000000000001,82.33000000000001,82.33000000000001,82.33000000000001,82.34000000000002,82.34000000000002,82.34000000000002,82.34000000000002,82.34000000000002,82.34000000000002,82.34000000000002,82.34000000000002,82.34000000000002,82.34000000000002,82.34000000000002,82.34000000000002,82.34000000000002,82.34000000000002,82.34000000000002,82.34000000000002,82.34000000000002,82.34000000000002,79.58999999999993,82.34000000000002,79.58999999999993,82.34000000000002,79.58999999999993,82.34000000000002,82.34000000000002,82.34000000000002,82.34000000000002,82.34000000000002,82.34000000000002,82.34000000000002,82.34000000000002,82.34000000000002,82.34000000000002,82.34000000000002,82.34000000000002,82.34000000000002,82.34000000000002,82.34000000000002,82.34000000000002,82.34000000000002,82.34000000000002,82.34000000000002,82.34000000000002,82.34000000000002,82.34000000000002,82.34000000000002,82.34000000000002,82.34000000000002,82.34000000000002,82.34000000000002,82.34000000000002,82.34000000000002,82.34000000000002,82.34000000000002,82.34000000000002,82.34000000000002,82.34000000000002,82.35000000000001,82.35000000000001,82.35000000000001,82.35000000000001,82.35000000000001,82.35000000000001,82.35000000000001,79.66999999999993,82.35000000000001,79.66999999999993,82.35000000000001,82.35000000000001,82.35000000000001,82.35000000000001,82.35000000000001,82.35000000000001,82.35000000000001,82.35000000000001,82.35000000000001,82.35000000000001,82.35000000000001,82.35000000000001,82.36000000000001,82.36000000000001,82.36000000000001,79.69999999999993,82.36000000000001,79.69999999999993,82.36000000000001,79.69999999999993,82.36000000000001,79.69999999999993,82.36000000000001,79.69999999999993,82.36000000000001,82.36000000000001,82.36000000000001,82.36000000000001,82.36000000000001,82.36000000000001,82.36000000000001,82.36000000000001,82.36000000000001,82.36000000000001,82.36000000000001,82.37000000000002,82.37000000000002,82.37000000000002,82.37000000000002,82.37000000000002,79.72999999999993,82.37000000000002,82.37000000000002,82.37000000000002,82.37000000000002,82.37000000000002,82.37000000000002,82.37000000000002,82.37000000000002,82.37000000000002,82.37000000000002,82.37000000000002,82.37000000000002,82.37000000000002,82.37000000000002,82.37000000000002,79.74999999999993,82.37000000000002,79.74999999999993,82.37000000000002,79.74999999999993,82.37000000000002,79.74999999999993,82.37000000000002,82.37000000000002,82.37000000000002,82.37000000000002,82.37000000000002,82.37000000000002,82.37000000000002,82.37000000000002,82.37000000000002,82.37000000000002,82.37000000000002,82.37000000000002,82.37000000000002,82.37000000000002,82.37000000000002,82.37000000000002,79.76999999999992,82.37000000000002,79.76999999999992,82.37000000000002,79.76999999999992,82.37000000000002,82.37000000000002,82.37000000000002,82.37000000000002,82.37000000000002,82.37000000000002,82.37000000000002,82.37000000000002,82.37000000000002,82.37000000000002,82.37000000000002,82.37000000000002,82.37000000000002,82.37000000000002,82.37000000000002,82.37000000000002,82.37000000000002,82.37000000000002,82.37000000000002,79.79999999999993,82.37000000000002,82.37000000000002,82.37000000000002,82.37000000000002,82.37000000000002,82.37000000000002,82.37000000000002,82.37000000000002,82.37000000000002,82.37000000000002,82.37000000000002,82.37000000000002,82.37000000000002,82.37000000000002,82.37000000000002,82.37000000000002,82.37000000000002,82.37000000000002,79.81999999999992,82.37000000000002,82.37000000000002,82.37000000000002,82.37000000000002,82.37000000000002,82.37000000000002,82.37000000000002,82.37000000000002,82.37000000000002,82.37000000000002,82.37000000000002,82.37000000000002,82.37000000000002,82.37000000000002,82.37000000000002,82.37000000000002,82.37000000000002,79.83999999999992,82.37000000000002,82.37000000000002,82.38000000000001,82.38000000000001,82.38000000000001,82.38000000000001,82.38000000000001,82.38000000000001,82.38000000000001,82.38000000000001,82.38000000000001,82.38000000000001,82.38000000000001,82.38000000000001,82.38000000000001,82.38000000000001,82.38000000000001,82.38000000000001,82.38000000000001,82.39000000000001,82.39000000000001,82.39000000000001,82.39000000000001,82.39000000000001,82.39000000000001,82.39000000000001,82.39000000000001,82.39000000000001,82.39000000000001,82.39000000000001,82.39000000000001,82.39000000000001,79.89999999999992,82.39000000000001,82.39000000000001,82.39000000000001,82.39000000000001,82.40000000000002,82.40000000000002,82.40000000000002,82.40000000000002,82.40000000000002,82.40000000000002,82.40000000000002,82.40000000000002,82.40000000000002,82.40000000000002,82.40000000000002,82.40000000000002,82.40000000000002,79.89999999999992,82.40000000000002,79.89999999999992,82.40000000000002,79.89999999999992,82.40000000000002,82.40000000000002,82.40000000000002,82.41000000000001,82.41000000000001,82.41000000000001,82.41000000000001,82.41000000000001,82.41000000000001,82.41000000000001,82.41000000000001,82.41000000000001,82.41000000000001,82.41000000000001,82.41000000000001,82.41000000000001,82.41000000000001,79.92999999999991,82.41000000000001,82.41000000000001,82.41000000000001,82.41000000000001,82.41000000000001,82.41000000000001,82.41000000000001,82.41000000000001,82.41000000000001,82.41000000000001,82.41000000000001,82.41000000000001,82.41000000000001,82.41000000000001,82.41000000000001,82.41000000000001,82.42000000000002,79.95999999999991,82.42000000000002,82.42000000000002,82.42000000000002,82.42000000000002,82.42000000000002,82.42000000000002,82.42000000000002,82.42000000000002,82.42000000000002,82.42000000000002,82.42000000000002,82.42000000000002,82.42000000000002,82.42000000000002,82.42000000000002,82.42000000000002,82.42000000000002,82.42000000000002,79.98999999999991,82.42000000000002,82.42000000000002,82.42000000000002,82.42000000000002,82.42000000000002,82.42000000000002,82.42000000000002,82.42000000000002,82.42000000000002,82.42000000000002,82.42000000000002,82.42000000000002,82.42000000000002,82.43000000000002,82.43000000000002,82.43000000000002,82.43000000000002,82.43000000000002,82.43000000000002,82.43000000000002,82.43000000000002,82.43000000000002,82.43000000000002,82.43000000000002,82.43000000000002,82.43000000000002,82.43000000000002,82.43000000000002,82.43000000000002,82.43000000000002,82.43000000000002,82.43000000000002,82.43000000000002,82.43000000000002,80.04999999999991,82.43000000000002,82.43000000000002,82.43000000000002,82.43000000000002,82.43000000000002,82.43000000000002,82.43000000000002,82.43000000000002,82.43000000000002,82.43000000000002,82.43000000000002,82.43000000000002,82.43000000000002,82.43000000000002,82.43000000000002,82.43000000000002,82.43000000000002,82.43000000000002,80.07999999999991,82.43000000000002,82.43000000000002,82.43000000000002,82.43000000000002,82.44000000000003,82.44000000000003,82.44000000000003,82.44000000000003,82.44000000000003,82.44000000000003,82.44000000000003,82.44000000000003,82.44000000000003,82.44000000000003,82.44000000000003,82.44000000000003,82.44000000000003,82.44000000000003,82.44000000000003,82.44000000000003,82.45000000000003,82.45000000000003,82.45000000000003,80.10999999999991,82.45000000000003,80.10999999999991,82.45000000000003,80.10999999999991,82.45000000000003,80.10999999999991,82.45000000000003,82.45000000000003,82.45000000000003,82.45000000000003,82.45000000000003,82.45000000000003,82.45000000000003,82.45000000000003,82.45000000000003,82.45000000000003,82.45000000000003,82.46000000000002,82.46000000000002,82.46000000000002,82.46000000000002,82.46000000000002,82.46000000000002,82.46000000000002,82.46000000000002,82.46000000000002,82.46000000000002,82.46000000000002,82.46000000000002,80.13999999999992,82.46000000000002,80.13999999999992,82.46000000000002,80.13999999999992,82.46000000000002,82.46000000000002,82.46000000000002,82.46000000000002,82.46000000000002,82.46000000000002,82.46000000000002,82.46000000000002,82.46000000000002,82.46000000000002,82.46000000000002,82.46000000000002,82.46000000000002,82.46000000000002,82.46000000000002,82.46000000000002,82.46000000000002,82.46000000000002,82.46000000000002,82.46000000000002,82.46000000000002,82.46000000000002,82.46000000000002,82.46000000000002,80.16999999999992,82.46000000000002,82.46000000000002,82.46000000000002,82.46000000000002,82.46000000000002,82.46000000000002,82.46000000000002,82.46000000000002,82.46000000000002,82.46000000000002,82.47000000000003,82.47000000000003,82.47000000000003,82.47000000000003,82.47000000000003,82.47000000000003,82.47000000000003,82.47000000000003,82.47000000000003,82.47000000000003,82.47000000000003,82.47000000000003,82.47000000000003,82.47000000000003,82.47000000000003,80.20999999999992,82.47000000000003,82.47000000000003,82.47000000000003,82.47000000000003,82.47000000000003,82.47000000000003,82.47000000000003,82.47000000000003,82.47000000000003,82.47000000000003,82.47000000000003,82.47000000000003,82.47000000000003,82.48000000000002,82.48000000000002,82.48000000000002,82.48000000000002,82.48000000000002,82.48000000000002,82.48000000000002,82.48000000000002,82.48000000000002,82.48000000000002,82.48000000000002,82.48000000000002,82.48000000000002,82.48000000000002,82.48000000000002,82.48000000000002,82.48000000000002,82.48000000000002,82.48000000000002,82.48000000000002,82.48000000000002,82.48000000000002,82.48000000000002,82.48000000000002,82.48000000000002,82.48000000000002,82.48000000000002,82.48000000000002,82.48000000000002,82.48000000000002,82.48000000000002,82.48000000000002,82.48000000000002,82.48000000000002,82.48000000000002,82.48000000000002,82.48000000000002,82.48000000000002,80.27999999999992,82.48000000000002,82.49000000000002,82.49000000000002,82.49000000000002,82.49000000000002,82.49000000000002,82.49000000000002,82.49000000000002,82.49000000000002,82.49000000000002,82.49000000000002,82.49000000000002,82.49000000000002,82.49000000000002,82.49000000000002,82.49000000000002,82.49000000000002,82.49000000000002,82.49000000000002,82.49000000000002,82.49000000000002,82.49000000000002,82.49000000000002,82.49000000000002,82.49000000000002,80.30999999999992,82.49000000000002,82.49000000000002,82.49000000000002,82.49000000000002,82.49000000000002,82.49000000000002,82.49000000000002,82.49000000000002,82.49000000000002,82.49000000000002,82.49000000000002,82.49000000000002,82.49000000000002,82.49000000000002,82.49000000000002,82.49000000000002,82.49000000000002,82.49000000000002,82.49000000000002,82.49000000000002,82.49000000000002,82.49000000000002,82.49000000000002,82.49000000000002,82.49000000000002,82.49000000000002,80.34999999999992,82.49000000000002,82.49000000000002,82.49000000000002,82.49000000000002,82.49000000000002,82.49000000000002,82.49000000000002,82.49000000000002,82.49000000000002,82.49000000000002,82.49000000000002,82.49000000000002,82.49000000000002,82.49000000000002,82.49000000000002,82.49000000000002,82.49000000000002,82.49000000000002,82.49000000000002,82.49000000000002,82.49000000000002,82.50000000000001,82.50000000000001,82.50000000000001,80.37999999999992,82.50000000000001,82.50000000000001,82.50000000000001,82.50000000000001,82.50000000000001,82.50000000000001,82.50000000000001,82.50000000000001,82.50000000000001,82.50000000000001,82.50000000000001,82.50000000000001,82.50000000000001,82.50000000000001,82.50000000000001,82.50000000000001,82.50000000000001,82.50000000000001,82.50000000000001,82.50000000000001,82.50000000000001,82.50000000000001,82.50000000000001,80.41999999999992,82.50000000000001,80.41999999999992,82.50000000000001,80.41999999999992,82.50000000000001,80.41999999999992,82.50000000000001,80.41999999999992,82.50000000000001,80.41999999999992,82.50000000000001,82.50000000000001,82.50000000000001,82.50000000000001,82.50000000000001,82.50000000000001,82.50000000000001,82.50000000000001,82.50000000000001,82.50000000000001,82.50000000000001,82.50000000000001,82.50000000000001,82.51000000000002,82.51000000000002,82.51000000000002,82.51000000000002,82.51000000000002,82.51000000000002,82.51000000000002,82.51000000000002,82.51000000000002,82.51000000000002,82.51000000000002,82.51000000000002,82.51000000000002,82.51000000000002,82.51000000000002,82.51000000000002,82.51000000000002,82.52000000000002,82.52000000000002,82.52000000000002,82.52000000000002,82.52000000000002,82.52000000000002,82.52000000000002,82.52000000000002,82.52000000000002,82.52000000000002,82.52000000000002,82.52000000000002,82.52000000000002,82.52000000000002,82.52000000000002,82.52000000000002,82.52000000000002,82.52000000000002,82.52000000000002,80.45999999999992,82.52000000000002,82.52000000000002,82.52000000000002,82.52000000000002,82.52000000000002,82.52000000000002,82.52000000000002,82.52000000000002,82.52000000000002,82.52000000000002,82.53000000000003,82.53000000000003,82.54000000000003,82.54000000000003,82.54000000000003,82.54000000000003,82.54000000000003,82.54000000000003,82.54000000000003,82.54000000000003,82.54000000000003,82.54000000000003,82.54000000000003,82.54000000000003,82.54000000000003,82.54000000000003,82.54000000000003,82.54000000000003,82.54000000000003,82.54000000000003,82.54000000000003,82.54000000000003,82.54000000000003,82.54000000000003,82.54000000000003,82.54000000000003,82.54000000000003,82.54000000000003,82.54000000000003,82.54000000000003,82.54000000000003,82.54000000000003,82.54000000000003,82.54000000000003,82.54000000000003,80.48999999999992,82.54000000000003,80.48999999999992,82.55000000000004,82.55000000000004,82.55000000000004,82.55000000000004,82.55000000000004,82.55000000000004,82.55000000000004,82.55000000000004,82.55000000000004,82.55000000000004,82.55000000000004,82.55000000000004,82.55000000000004,82.55000000000004,82.55000000000004,82.55000000000004,82.55000000000004,82.55000000000004,82.55000000000004,82.55000000000004,82.55000000000004,82.55000000000004,80.52999999999992,82.55000000000004,82.55000000000004,82.55000000000004,82.55000000000004,82.55000000000004,82.55000000000004,82.55000000000004,82.55000000000004,82.55000000000004,82.55000000000004,82.55000000000004,82.55000000000004,82.55000000000004,82.55000000000004,82.55000000000004,82.55000000000004,82.55000000000004,82.55000000000004,82.55000000000004,82.55000000000004,82.55000000000004,80.56999999999992,82.55000000000004,80.56999999999992,82.55000000000004,80.56999999999992,82.55000000000004,82.55000000000004,82.55000000000004,82.55000000000004,82.55000000000004,82.55000000000004,82.55000000000004,82.55000000000004,82.55000000000004,82.55000000000004,82.55000000000004,82.56000000000004,82.56000000000004,82.56000000000004,82.56000000000004,82.56000000000004,82.56000000000004,82.56000000000004,82.56000000000004,82.56000000000004,82.56000000000004,82.56000000000004,80.60999999999991,82.56000000000004,82.56000000000004,82.56000000000004,82.56000000000004,82.56000000000004,82.56000000000004,82.56000000000004,82.56000000000004,82.56000000000004,82.56000000000004,82.56000000000004,82.56000000000004,82.56000000000004,82.56000000000004,82.56000000000004,82.56000000000004,82.56000000000004,82.56000000000004,82.56000000000004,82.56000000000004,82.56000000000004,82.56000000000004,82.56000000000004,82.56000000000004,82.56000000000004,82.56000000000004,82.56000000000004,82.56000000000004,82.56000000000004,82.56000000000004,82.56000000000004,82.56000000000004,82.56000000000004,82.56000000000004,82.56000000000004,82.56000000000004,82.56000000000004,82.56000000000004,82.56000000000004,82.56000000000004,82.56000000000004,82.56000000000004,82.56000000000004,80.67999999999992,82.56000000000004,80.67999999999992,82.56000000000004,82.56000000000004,82.56000000000004,82.56000000000004,82.56000000000004,82.56000000000004,82.56000000000004,82.56000000000004,82.56000000000004,82.56000000000004,82.56000000000004,82.56000000000004,82.56000000000004,82.56000000000004,82.56000000000004,82.56000000000004,82.56000000000004,82.56000000000004,82.56000000000004,82.56000000000004,82.56000000000004,82.56000000000004,82.56000000000004,82.56000000000004,82.56000000000004,82.56000000000004,82.56000000000004,80.67999999999992,82.56000000000004,80.67999999999992,82.56000000000004,80.67999999999992,82.56000000000004,80.67999999999992,82.56000000000004,82.56000000000004,82.56000000000004,82.56000000000004,82.56000000000004,82.56000000000004,82.56000000000004,82.57000000000004,82.57000000000004,82.57000000000004,82.57000000000004,82.57000000000004,82.57000000000004,82.57000000000004,82.57000000000004,82.57000000000004,82.57000000000004,82.57000000000004,82.57000000000004,82.57000000000004,82.57000000000004,82.57000000000004,82.57000000000004,82.57000000000004,82.57000000000004,82.57000000000004,82.57000000000004,82.57000000000004,80.67999999999992,82.57000000000004,82.57000000000004,82.57000000000004,82.57000000000004,82.57000000000004,82.57000000000004,82.57000000000004,82.57000000000004,82.57000000000004,82.57000000000004,82.57000000000004,82.57000000000004,82.57000000000004,82.57000000000004,82.57000000000004,82.57000000000004,82.57000000000004,82.57000000000004,82.57000000000004,82.57000000000004,82.57000000000004,82.57000000000004,82.57000000000004,82.57000000000004,82.57000000000004,82.57000000000004,82.57000000000004,82.57000000000004,82.57000000000004,80.71999999999991,82.57000000000004,82.57000000000004,82.57000000000004,82.57000000000004,82.57000000000004,82.57000000000004,82.57000000000004,82.57000000000004,82.57000000000004,82.57000000000004,82.57000000000004,82.57000000000004,82.57000000000004,82.58000000000004,82.58000000000004,82.58000000000004,82.58000000000004,82.58000000000004,82.58000000000004,82.58000000000004,82.58000000000004,82.58000000000004,82.58000000000004,82.58000000000004,82.58000000000004,82.58000000000004,82.58000000000004,80.75999999999992,82.58000000000004,82.58000000000004,82.59000000000005,82.59000000000005,82.59000000000005,82.59000000000005,82.59000000000005,82.59000000000005,82.59000000000005,82.59000000000005,82.59000000000005,82.59000000000005,82.59000000000005,82.59000000000005,82.59000000000005,82.59000000000005,82.59000000000005,82.59000000000005,82.59000000000005,82.59000000000005,82.59000000000005,82.59000000000005,82.59000000000005,82.59000000000005,82.59000000000005,82.59000000000005,82.59000000000005,82.59000000000005,80.79999999999991,82.59000000000005,82.59000000000005,82.59000000000005,82.59000000000005,82.59000000000005,82.59000000000005,82.60000000000005,82.60000000000005,82.60000000000005,82.60000000000005,82.60000000000005,82.60000000000005,82.60000000000005,82.60000000000005,82.60000000000005,82.60000000000005,82.60000000000005,82.60000000000005,82.60000000000005,82.60000000000005,82.60000000000005,82.60000000000005,82.60000000000005,82.60000000000005,82.60000000000005,82.60000000000005,82.61000000000006,80.83999999999992,82.61000000000006,82.61000000000006,82.61000000000006,82.61000000000006,82.61000000000006,82.61000000000006,82.61000000000006,82.61000000000006,82.61000000000006,82.61000000000006,82.61000000000006,82.61000000000006,82.61000000000006,82.61000000000006,80.87999999999991,80.87999999999991,80.91999999999992,80.91999999999992,80.96999999999991,80.96999999999991,80.96999999999991,80.96999999999991,80.96999999999991,81.00999999999992,81.05999999999992,82.61000000000006,82.61000000000006,82.61000000000006,82.61000000000006,82.61000000000006,82.61000000000006,82.61000000000006,82.61000000000006,82.61000000000006,82.61000000000006,82.61000000000006,82.61000000000006,82.61000000000006,82.61000000000006,81.14999999999992,82.61000000000006,81.14999999999992,82.61000000000006,82.61000000000006,82.61000000000006,82.61000000000006,82.61000000000006,82.61000000000006,82.61000000000006,82.61000000000006,82.61000000000006,82.61000000000006,82.61000000000006,82.61000000000006,82.61000000000006,82.61000000000006,82.61000000000006,82.61000000000006,82.61000000000006,82.61000000000006,82.61000000000006,82.61000000000006,81.18999999999991,81.23999999999991,81.23999999999991,81.23999999999991,81.23999999999991,81.23999999999991,81.2899999999999,81.38999999999992,82.61000000000006,82.61000000000006,82.61000000000006,82.61000000000006,82.61000000000006,82.61000000000006,82.61000000000006,82.61000000000006,82.61000000000006,82.61000000000006,82.61000000000006,82.61000000000006,82.61000000000006,82.62000000000006,82.62000000000006,82.62000000000006,82.62000000000006,82.62000000000006,82.62000000000006,82.62000000000006,82.62000000000006,82.62000000000006,82.62000000000006,82.62000000000006,82.62000000000006,82.62000000000006,82.62000000000006,82.62000000000006,82.62000000000006,82.62000000000006,82.62000000000006,82.63000000000007,82.63000000000007,82.63000000000007,82.63000000000007,82.63000000000007,82.63000000000007,82.63000000000007,82.63000000000007,82.63000000000007,82.63000000000007,82.63000000000007,82.63000000000007,82.63000000000007,82.63000000000007,82.63000000000007,82.63000000000007,82.63000000000007,82.63000000000007,82.63000000000007,82.63000000000007,82.63000000000007,82.63000000000007,82.63000000000007,82.63000000000007,82.63000000000007,82.63000000000007,82.63000000000007,82.63000000000007,82.63000000000007,82.63000000000007,82.63000000000007,82.63000000000007,82.63000000000007,82.63000000000007,82.63000000000007,82.63000000000007,82.63000000000007,82.63000000000007,82.63000000000007,82.63000000000007,82.63000000000007,82.63000000000007,82.63000000000007,82.63000000000007,82.63000000000007,82.63000000000007,82.63000000000007,82.63000000000007,82.63000000000007,82.63000000000007,82.63000000000007,82.63000000000007,82.63000000000007,82.63000000000007,82.63000000000007,82.63000000000007,82.63000000000007,82.63000000000007,82.63000000000007,82.63000000000007,82.63000000000007,82.63000000000007,82.63000000000007,82.63000000000007,82.63000000000007,82.63000000000007,82.63000000000007,82.63000000000007,82.63000000000007,82.63000000000007,82.63000000000007,82.63000000000007,82.63000000000007,82.63000000000007,81.52999999999992,82.63000000000007,82.63000000000007,82.63000000000007,82.63000000000007,82.63000000000007,82.63000000000007,82.63000000000007,82.63000000000007,82.63000000000007,82.63000000000007,82.63000000000007,82.63000000000007,82.63000000000007,82.63000000000007,82.63000000000007,82.63000000000007,82.64000000000006,82.64000000000006,82.64000000000006,82.64000000000006,82.64000000000006,82.64000000000006,82.64000000000006,82.64000000000006,82.64000000000006,82.64000000000006,82.64000000000006,82.64000000000006,82.64000000000006,82.64000000000006,82.64000000000006,82.64000000000006,82.64000000000006,82.64000000000006,82.64000000000006,82.64000000000006,82.64000000000006,82.64000000000006,81.57999999999991,82.64000000000006,81.57999999999991,82.64000000000006,81.57999999999991,82.64000000000006,82.64000000000006,82.64000000000006,82.64000000000006,82.64000000000006,82.64000000000006,82.64000000000006,82.64000000000006,82.64000000000006,82.64000000000006,82.64000000000006,82.64000000000006,82.64000000000006,82.64000000000006,82.64000000000006,82.64000000000006,82.64000000000006,82.64000000000006,82.64000000000006,82.64000000000006,82.64000000000006,82.64000000000006,82.64000000000006,82.64000000000006,82.64000000000006,82.64000000000006,82.64000000000006,82.64000000000006,82.64000000000006,82.64000000000006,82.64000000000006,82.64000000000006,82.64000000000006,82.64000000000006,82.64000000000006,82.64000000000006,82.64000000000006,82.64000000000006,81.62999999999992,82.64000000000006,81.62999999999992,82.64000000000006,81.62999999999992,82.64000000000006,82.64000000000006,82.64000000000006,82.64000000000006,82.64000000000006,82.64000000000006,82.64000000000006,82.64000000000006,82.64000000000006,82.64000000000006,82.64000000000006,82.64000000000006,82.64000000000006,82.64000000000006,82.64000000000006,82.64000000000006,82.64000000000006,82.64000000000006,82.64000000000006,82.64000000000006,82.64000000000006,82.64000000000006,82.64000000000006,82.65000000000005,82.65000000000005,82.65000000000005,82.65000000000005,82.65000000000005,82.65000000000005,82.65000000000005,82.65000000000005,82.65000000000005,82.65000000000005,82.65000000000005,82.65000000000005,82.65000000000005,82.65000000000005,82.65000000000005,82.65000000000005,82.65000000000005,82.65000000000005,82.65000000000005,82.65000000000005,81.67999999999992,82.65000000000005,82.65000000000005,82.65000000000005,82.65000000000005,82.65000000000005,82.65000000000005,82.65000000000005,82.65000000000005,82.65000000000005,82.65000000000005,82.65000000000005,82.65000000000005,82.65000000000005,82.65000000000005,82.65000000000005,82.65000000000005,82.65000000000005,82.66000000000004,82.66000000000004,82.66000000000004,82.66000000000004,82.66000000000004,82.66000000000004,82.66000000000004,82.66000000000004,82.66000000000004,82.66000000000004,82.66000000000004,82.66000000000004,82.66000000000004,82.66000000000004,82.66000000000004,82.66000000000004,82.66000000000004,82.66000000000004,82.66000000000004,82.66000000000004,82.66000000000004,82.66000000000004,82.66000000000004,82.66000000000004,81.72999999999992,82.66000000000004,81.72999999999992,82.66000000000004,82.66000000000004,82.66000000000004,82.66000000000004,82.66000000000004,82.66000000000004,82.66000000000004,82.66000000000004,82.66000000000004,82.66000000000004,82.66000000000004,82.66000000000004,82.66000000000004,82.66000000000004,82.66000000000004,82.66000000000004,82.66000000000004,82.66000000000004,82.66000000000004,82.66000000000004,82.66000000000004,82.66000000000004,82.66000000000004,82.66000000000004,82.66000000000004,82.66000000000004,82.66000000000004,82.66000000000004,82.67000000000004,82.67000000000004,82.67000000000004,82.67000000000004,82.67000000000004,
82.67000000000004,82.67000000000004,82.67000000000004,81.77999999999992,82.67000000000004,81.77999999999992,82.67000000000004,81.77999999999992,82.67000000000004,81.77999999999992,82.67000000000004,81.77999999999992,82.67000000000004,81.77999999999992,82.67000000000004,82.67000000000004,82.67000000000004,82.67000000000004,82.67000000000004,82.67000000000004,82.67000000000004,82.67000000000004,82.67000000000004,82.67000000000004,82.68000000000004,82.69000000000004,82.69000000000004,82.69000000000004,82.69000000000004,82.70000000000005,82.71000000000004,82.71000000000004,81.82999999999991,82.71000000000004,82.71000000000004,82.71000000000004,82.71000000000004,82.71000000000004,82.71000000000004,82.71000000000004,82.71000000000004,82.71000000000004,82.71000000000004,82.72000000000004,82.72000000000004,82.73000000000003,82.73000000000003,82.73000000000003,82.73000000000003,81.87999999999992,81.87999999999992,81.87999999999992,82.75000000000003,82.76000000000003,82.76000000000003,82.76000000000003,82.76000000000003,82.77000000000004,82.77000000000004,82.77000000000004,82.77000000000004,82.77000000000004,82.77000000000004,82.77000000000004,82.78000000000004,81.93999999999991,82.81000000000004,82.81000000000004,82.81000000000004,82.81000000000004,82.82000000000005,82.85000000000005,82.85000000000005,82.03999999999992,82.87000000000005,82.87000000000005,82.88000000000005,82.88000000000005,82.89000000000004,82.89000000000004,82.89000000000004,82.89000000000004,82.89000000000004,82.89000000000004,82.89000000000004,82.89000000000004,82.89000000000004,82.89000000000004,82.89000000000004,82.89000000000004,82.08999999999992,82.08999999999992,82.08999999999992,82.08999999999992,82.08999999999992,82.08999999999992,82.91000000000005,82.08999999999992,82.93000000000005,82.93000000000005,82.93000000000005,82.13999999999992,82.97000000000004,82.99000000000005,82.99000000000005,82.99000000000005,83.00000000000004,83.01000000000005,83.01000000000005,82.18999999999991,82.18999999999991,82.18999999999991,83.02000000000004,83.04000000000003,82.24999999999991,82.24999999999991,83.08000000000004,82.29999999999991,83.14000000000004,83.16000000000004,83.16000000000004,83.16000000000004,83.16000000000004,83.19000000000004,82.40999999999991,82.40999999999991,82.40999999999991,83.21000000000004,83.23000000000005,83.23000000000005,82.46999999999991,82.46999999999991,82.46999999999991,82.46999999999991,82.46999999999991,83.30000000000004,82.52999999999992,82.52999999999992,83.33000000000004,83.35000000000004,82.58999999999992,83.38000000000004,82.58999999999992,83.40000000000005,83.43000000000004,82.64999999999992,83.48000000000005,82.69999999999992,82.69999999999992,83.51000000000005,82.75999999999992,82.75999999999992,82.76999999999991,83.53000000000004,83.56000000000004,83.56000000000004,83.56000000000004,83.56000000000004,82.81999999999991,82.82999999999991,82.82999999999991,82.82999999999991,82.82999999999991,83.59000000000005,83.59000000000005,83.59000000000005,82.88999999999992,83.65000000000003,83.65000000000003,82.9499999999999,83.69000000000005,82.9499999999999,83.69000000000005,83.75000000000004,83.78000000000004,83.06999999999991,83.81000000000004,83.81000000000004,83.81000000000004,83.12999999999991,83.85000000000005,83.85000000000005,83.85000000000005,83.85000000000005,83.88000000000005,83.91000000000005,83.91000000000005,83.91000000000005,83.91000000000005,83.91000000000005,83.91000000000005,83.91000000000005,83.24999999999991,83.94000000000005,83.94000000000005,83.94000000000005,83.94000000000005,83.94000000000005,83.3099999999999,83.3099999999999,83.3099999999999,84.01000000000005,84.04000000000005,84.04000000000005,83.42999999999991,83.42999999999991,84.04000000000005,84.04000000000005,83.48999999999991,83.48999999999991,84.08000000000004,84.08000000000004,83.5499999999999,84.13000000000004,83.5499999999999,84.13000000000004,84.17000000000004,84.17000000000004,84.17000000000004,83.6199999999999,84.20000000000005,83.67999999999991,83.67999999999991,84.27000000000005,83.73999999999991,83.73999999999991,84.31000000000004,83.73999999999991,83.7499999999999,83.7499999999999,84.35000000000005,84.39000000000006,84.39000000000006,84.39000000000006,84.39000000000006,83.8699999999999,83.8699999999999,83.8699999999999,83.8699999999999,83.8699999999999,83.8699999999999,84.43000000000006,83.9299999999999,83.9299999999999,84.47000000000006,84.47000000000006,83.9999999999999,84.51000000000006,84.51000000000006,84.51000000000006,84.0599999999999,84.55000000000007,84.0599999999999,84.55000000000007,84.55000000000007,84.55000000000007,84.55000000000007,84.55000000000007,84.1299999999999,84.1299999999999,84.64000000000006,84.64000000000006,84.64000000000006,84.64000000000006,84.64000000000006,84.64000000000006,84.1999999999999,84.68000000000006,84.2599999999999,84.77000000000007,84.3299999999999,84.3299999999999,84.3299999999999,84.82000000000006,84.86000000000006,84.39999999999989,84.95000000000006,84.95000000000006,85.00000000000006,85.00000000000006,84.4699999999999,85.04000000000006,84.53999999999989,85.09000000000006,85.09000000000006,85.09000000000006,85.18000000000006,85.18000000000006,85.18000000000006,85.18000000000006,85.18000000000006,85.18000000000006,84.6099999999999,84.6099999999999,84.6099999999999,84.6099999999999,84.6099999999999,85.22000000000006,85.27000000000005,84.67999999999991,84.67999999999991,84.67999999999991,84.67999999999991,84.67999999999991,85.32000000000006,84.7699999999999,85.37000000000006,85.37000000000006,85.42000000000006,85.42000000000006,85.42000000000006,85.42000000000006,84.8399999999999,84.9199999999999,84.9199999999999,85.53000000000006,85.53000000000006,85.53000000000006,85.53000000000006,85.53000000000006,85.58000000000006,85.58000000000006,85.06999999999991,85.06999999999991,85.69000000000005,85.69000000000005,85.1399999999999,85.1399999999999,85.74000000000005,85.74000000000005,85.74000000000005,85.74000000000005,85.79000000000005,85.2199999999999,85.2199999999999,85.2199999999999,85.85000000000005,85.2199999999999,85.90000000000005,85.2899999999999,85.96000000000005,85.96000000000005,85.96000000000005,85.96000000000005,85.96000000000005,86.02000000000005,85.3699999999999,86.02000000000005,86.02000000000005,86.08000000000006,86.08000000000006,86.08000000000006,86.08000000000006,86.14000000000006,85.5099999999999,85.5899999999999,86.25000000000006,86.31000000000006,86.31000000000006,85.65999999999991,85.65999999999991,85.73999999999991,85.73999999999991,85.73999999999991,86.42000000000006,86.42000000000006,86.42000000000006,85.73999999999991,85.73999999999991,85.73999999999991,86.48000000000005,86.48000000000005,85.8099999999999,85.8099999999999,86.59000000000005,85.8899999999999,86.64000000000004,86.64000000000004,86.64000000000004,86.64000000000004,86.69000000000004,86.0399999999999,86.74000000000004,86.80000000000004,86.80000000000004,86.1999999999999,86.1999999999999,86.92000000000004,86.2799999999999,86.2799999999999,86.2799999999999,86.2799999999999,86.2799999999999,87.10000000000005,86.35999999999991,87.16000000000004,87.16000000000004,86.43999999999991,87.29000000000003,86.51999999999991,86.51999999999991,87.35000000000004,87.35000000000004,86.60999999999991,87.42000000000004,87.42000000000004,86.68999999999991,87.49000000000004,87.49000000000004,86.68999999999991,87.55000000000004,87.62000000000005,87.62000000000005,86.76999999999992,87.69000000000004,87.69000000000004,87.69000000000004,87.69000000000004,86.85999999999991,86.93999999999991,86.93999999999991,87.83000000000004,87.83000000000004,87.83000000000004,87.90000000000003,87.90000000000003,87.90000000000003,87.02999999999992,87.02999999999992,87.02999999999992,87.97000000000004,87.10999999999991,87.10999999999991,88.11000000000004,87.19999999999992,87.19999999999992,87.19999999999992,88.18000000000004,88.24000000000004,88.24000000000004,88.24000000000004,88.24000000000004,87.27999999999992,88.25000000000004,87.27999999999992,87.27999999999992,87.27999999999992,87.27999999999992,87.27999999999992,88.31000000000004,88.31000000000004,88.31000000000004,87.36999999999992,88.38000000000004,88.38000000000004,88.38000000000004,88.38000000000004,88.38000000000004,88.38000000000004,87.44999999999992,88.45000000000003,88.45000000000003,88.45000000000003,88.45000000000003,87.53999999999992,87.53999999999992,87.61999999999992,88.59000000000003,88.66000000000004,88.66000000000004,87.61999999999992,88.73000000000003,88.73000000000003,88.81000000000003,88.81000000000003,88.81000000000003,88.81000000000003,88.81000000000003,88.81000000000003,87.78999999999992,87.78999999999992,87.78999999999992,87.78999999999992,88.88000000000004,87.87999999999991,88.96000000000004,88.96000000000004,88.96000000000004,87.96999999999991,87.96999999999991,88.05999999999992,88.05999999999992,89.11000000000003,89.19000000000004,89.19000000000004,89.19000000000004,89.19000000000004,88.14999999999992,89.27000000000004,89.27000000000004,89.36000000000003,88.14999999999992,89.44000000000004,89.44000000000004,88.23999999999992,89.52000000000004,89.52000000000004,88.31999999999992,88.31999999999992,89.60000000000004,89.60000000000004,89.60000000000004,89.60000000000004,89.60000000000004,89.76000000000003,88.57999999999991,89.84000000000003,89.84000000000003,88.66999999999992,88.66999999999992,88.66999999999992,88.66999999999992,89.92000000000003,89.92000000000003,89.92000000000003,88.75999999999992,89.92000000000003,88.84999999999992,88.84999999999992,88.84999999999992,90.08000000000003,88.94999999999992,88.94999999999992,90.16000000000003,90.16000000000003,90.16000000000003,88.94999999999992,88.94999999999992,88.94999999999992,90.25000000000003,90.25000000000003,89.0399999999999,89.0399999999999,90.33000000000003,90.33000000000003,89.12999999999991,89.12999999999991,89.12999999999991,89.21999999999991,90.42000000000003,90.42000000000003,89.3999999999999,89.3999999999999,90.50000000000003,89.49999999999991,89.49999999999991,89.49999999999991,89.5899999999999,89.67999999999991,89.67999999999991,89.67999999999991,89.67999999999991,89.67999999999991,90.76000000000003,90.76000000000003,90.76000000000003,90.76000000000003,90.76000000000003,90.76000000000003,89.7699999999999,89.8699999999999,90.94000000000003,89.95999999999991,89.95999999999991,91.02000000000002,91.02000000000002,91.02000000000002,91.02000000000002,91.02000000000002,90.1499999999999,90.1499999999999,91.11000000000003,90.2499999999999,90.2499999999999,91.11000000000003,90.3399999999999,90.3399999999999,90.3399999999999,91.19000000000003,91.19000000000003,91.19000000000003,90.42999999999991,90.42999999999991,90.5299999999999,91.28000000000003,91.37000000000002,91.37000000000002,90.62999999999991,90.7299999999999,90.7299999999999,91.45000000000003,91.45000000000003,90.82999999999991,91.54000000000003,91.63000000000004,91.01999999999991,91.01999999999991,91.01999999999991,91.01999999999991,91.71000000000004,91.71000000000004,91.11999999999992,91.11999999999992,91.11999999999992,91.11999999999992,91.11999999999992,91.81000000000003,91.11999999999992,91.11999999999992,91.99000000000004,91.21999999999993,91.99000000000004,91.31999999999992,91.99000000000004,91.31999999999992,91.31999999999992,91.31999999999992,91.31999999999992,91.31999999999992,91.31999999999992,91.31999999999992,91.31999999999992,91.31999999999992,91.31999999999992,91.31999999999992,91.31999999999992,91.31999999999992,91.99000000000004,91.99000000000004,91.99000000000004,91.41999999999992,92.08000000000004,91.51999999999991,92.17000000000003,91.61999999999992,91.61999999999992,92.26000000000003,92.35000000000004,91.71999999999993,91.71999999999993,91.71999999999993,91.82999999999993,91.82999999999993,91.82999999999993,91.82999999999993,91.82999999999993,91.82999999999993,91.82999999999993,91.82999999999993,91.82999999999993,91.82999999999993,91.82999999999993,92.53000000000004,91.93999999999993,91.93999999999993,91.93999999999993,91.93999999999993,92.03999999999992,92.71000000000005,92.71000000000005,92.14999999999992,92.14999999999992,92.14999999999992,92.81000000000004,92.81000000000004,92.81000000000004,92.81000000000004,92.90000000000005,92.35999999999993,92.35999999999993,92.99000000000005,92.99000000000005,92.46999999999993,92.46999999999993,92.46999999999993,92.46999999999993,92.46999999999993,92.46999999999993,92.46999999999993,92.46999999999993,93.09000000000005,93.09000000000005,92.57999999999993,93.18000000000005,93.18000000000005,93.18000000000005,93.18000000000005,92.67999999999992,92.67999999999992,92.67999999999992,93.27000000000004,93.27000000000004,92.77999999999992,92.77999999999992,92.77999999999992,93.37000000000005,93.37000000000005,93.37000000000005,92.88999999999992,92.88999999999992,92.88999999999992,92.88999999999992,92.88999999999992,92.98999999999991,92.98999999999991,93.57000000000005,93.67000000000004,93.20999999999991,93.20999999999991,93.77000000000004,93.77000000000004,93.31999999999991,93.31999999999991,93.31999999999991,93.31999999999991,93.31999999999991,93.88000000000004,93.98000000000005,93.98000000000005,93.98000000000005,93.42999999999991,93.98000000000005,94.08000000000004,94.08000000000004,94.08000000000004,94.08000000000004,93.5399999999999,93.5399999999999,93.5399999999999,93.5399999999999,93.5399999999999,93.5399999999999,94.29000000000003,94.29000000000003,94.29000000000003,93.6499999999999,94.39000000000004,94.39000000000004,94.39000000000004,93.7599999999999,94.49000000000004,94.49000000000004,94.49000000000004,93.8699999999999,93.8699999999999,93.8699999999999,93.8699999999999,93.8699999999999,94.59000000000005,94.59000000000005,94.59000000000005,93.9799999999999,93.9799999999999,94.69000000000005,94.0899999999999,94.79000000000005,94.79000000000005,94.79000000000005,94.79000000000005,94.79000000000005,94.79000000000005,94.79000000000005,94.1999999999999,94.89000000000004,94.89000000000004,94.99000000000004,94.4199999999999,94.4199999999999,94.4199999999999,95.09000000000003,94.5399999999999,95.20000000000003,95.20000000000003,95.20000000000003,95.20000000000003,95.20000000000003,94.6499999999999,95.30000000000004,95.30000000000004,94.7599999999999,94.7599999999999,95.41000000000004,94.7599999999999,94.7599999999999,94.7599999999999,95.52000000000004,95.52000000000004,95.52000000000004,95.52000000000004,94.8699999999999,94.8699999999999,95.63000000000004,94.8699999999999,95.63000000000004,94.8699999999999,95.63000000000004,95.74000000000004,95.74000000000004,95.74000000000004,94.9799999999999,95.74000000000004,94.9799999999999,95.74000000000004,95.74000000000004,95.74000000000004,95.74000000000004,95.74000000000004,95.74000000000004,95.74000000000004,95.74000000000004,95.74000000000004,95.74000000000004,95.74000000000004,95.74000000000004,95.74000000000004,95.74000000000004,95.74000000000004,95.10999999999991,95.10999999999991,95.21999999999991,95.97000000000003,95.21999999999991,96.19000000000003,96.19000000000003,96.19000000000003,96.19000000000003,96.30000000000004,96.30000000000004,95.44999999999992,96.30000000000004,95.44999999999992,96.30000000000004,96.30000000000004,96.30000000000004,96.30000000000004,96.30000000000004,95.56999999999992,96.41000000000004,96.52000000000004,96.53000000000004,95.68999999999993,96.53000000000004,95.68999999999993,96.64000000000004,96.64000000000004,96.64000000000004,96.64000000000004,95.79999999999993,95.80999999999992,95.80999999999992,96.75000000000004,95.91999999999992,96.87000000000005,96.87000000000005,96.87000000000005,96.87000000000005,96.87000000000005,96.87000000000005,96.87000000000005,96.87000000000005,96.02999999999992,96.02999999999992,96.02999999999992,96.02999999999992,96.99000000000005,96.99000000000005,96.2599999999999,96.2599999999999,97.10000000000005,97.10000000000005,97.10000000000005,96.37999999999991,97.21000000000005,97.21000000000005,96.49999999999991,97.32000000000005,96.6199999999999,97.43000000000005,97.54000000000005,97.54000000000005,97.54000000000005,96.73999999999991,97.66000000000005,97.66000000000005,96.85999999999991,96.85999999999991,96.85999999999991,97.78000000000004,97.78000000000004,97.78000000000004,97.78000000000004,97.89000000000004,97.89000000000004,97.89000000000004,97.90000000000005,97.09999999999991,97.09999999999991,98.01000000000005,98.01000000000005,97.22999999999992,97.34999999999991,97.34999999999991,97.34999999999991,98.25000000000004,97.46999999999991,97.59999999999991,98.49000000000005,97.71999999999991,97.71999999999991,97.71999999999991,97.71999999999991,97.72999999999992,97.72999999999992,98.60000000000005,98.60000000000005,98.60000000000005,97.84999999999991,98.72000000000006,97.97999999999992,97.97999999999992,97.97999999999992,97.97999999999992,98.95000000000006,98.95000000000006,98.95000000000006,98.09999999999991,99.07000000000006,99.07000000000006,99.07000000000006,99.07000000000006,99.07000000000006,99.07000000000006,98.21999999999991,99.19000000000007,99.19000000000007,99.19000000000007,99.19000000000007,98.21999999999991,98.21999999999991,98.21999999999991,98.21999999999991,99.31000000000006,99.31000000000006,99.31000000000006,98.34999999999991,99.43000000000006,98.46999999999991,98.46999999999991,98.46999999999991,98.46999999999991,98.46999999999991,98.46999999999991,98.59999999999991,98.59999999999991,99.66000000000007,99.66000000000007,99.66000000000007,99.78000000000006,98.84999999999991,98.84999999999991,98.84999999999991,99.90000000000006,98.9799999999999,99.10999999999991,99.10999999999991,100.14000000000007,100.14000000000007,100.14000000000007,100.14000000000007,100.14000000000007,99.23999999999991,99.23999999999991,100.26000000000008,100.26000000000008,100.26000000000008,100.26000000000008,99.3699999999999,100.39000000000007,99.49999999999991,99.49999999999991,99.62999999999991,99.62999999999991,100.64000000000007,100.64000000000007,100.64000000000007,100.64000000000007,99.88999999999992,100.76000000000008,100.76000000000008,100.01999999999991,100.01999999999991,100.01999999999991,100.01999999999991,100.88000000000008,100.88000000000008,100.88000000000008,100.1499999999999,101.00000000000009,101.00000000000009,101.00000000000009,101.00000000000009,101.12000000000009,100.27999999999992,101.2400000000001,101.2400000000001,100.40999999999991,101.37000000000009,100.53999999999992,100.53999999999992,100.53999999999992,100.53999999999992,101.4900000000001,101.4900000000001,100.66999999999992,101.62000000000009,100.79999999999991,100.79999999999991,101.75000000000009,101.75000000000009,100.92999999999991,100.92999999999991,101.88000000000008,101.88000000000008,101.06999999999991,101.06999999999991,101.06999999999991,102.01000000000009,102.01000000000009,102.01000000000009,102.01000000000009,101.20999999999991,101.20999999999991,101.20999999999991,101.20999999999991,102.1300000000001,102.1300000000001,102.1300000000001,102.1300000000001,101.3399999999999,102.25000000000009,101.46999999999991,101.46999999999991,101.46999999999991,102.3800000000001,102.3800000000001,101.59999999999992,101.59999999999992,102.51000000000009,102.51000000000009,102.51000000000009,101.73999999999992,101.73999999999992,101.73999999999992,102.64000000000009,101.87999999999991,102.90000000000009,102.90000000000009,102.90000000000009,102.90000000000009,102.00999999999992,103.03000000000009,102.14999999999992,102.14999999999992,103.1600000000001,102.27999999999992,103.29000000000009,103.4100000000001,102.40999999999991,102.40999999999991,103.5500000000001,102.54999999999991,102.54999999999991,103.6900000000001,103.82000000000009,102.82999999999991,102.82999999999991,103.9600000000001,103.9600000000001,104.09000000000009,103.09999999999991,103.09999999999991,104.2200000000001,104.2200000000001,104.2200000000001,104.2200000000001,104.2200000000001,103.2299999999999,103.23999999999991,103.23999999999991,103.23999999999991,103.23999999999991,103.23999999999991,103.23999999999991,103.23999999999991,104.3500000000001,103.37999999999991,103.37999999999991,103.37999999999991,103.37999999999991,104.4800000000001,103.51999999999991,103.65999999999991,104.7500000000001,104.7500000000001,104.7500000000001,104.7500000000001,103.79999999999991,103.79999999999991,104.8900000000001,103.93999999999991,105.0300000000001,105.0300000000001,105.0300000000001,105.0300000000001,105.0300000000001,105.0300000000001,103.93999999999991,105.3100000000001,104.21999999999991,105.4500000000001,104.35999999999991,105.59000000000009,105.59000000000009,104.50999999999992,105.7200000000001,105.8500000000001,104.78999999999992,104.78999999999992,104.78999999999992,105.9900000000001,105.9900000000001,104.92999999999992,106.12000000000009,106.12000000000009,105.07999999999993,106.12000000000009,106.12000000000009,106.12000000000009,105.07999999999993,105.07999999999993,106.26000000000009,105.21999999999993,105.21999999999993,105.21999999999993,105.21999999999993,105.21999999999993,106.39000000000009,105.22999999999993,106.39000000000009,106.39000000000009,106.39000000000009,106.52000000000008,106.52000000000008,105.36999999999993,105.36999999999993,106.66000000000008,106.66000000000008,106.66000000000008,106.66000000000008,106.66000000000008,106.66000000000008,105.51999999999992,105.51999999999992,105.51999999999992,106.79000000000008,106.79000000000008,105.66999999999993,105.81999999999992,107.07000000000008,105.96999999999993,105.96999999999993,105.96999999999993,105.96999999999993,107.21000000000008,107.21000000000008,106.11999999999993,107.35000000000008,106.11999999999993,106.11999999999993,107.49000000000008,107.49000000000008,107.49000000000008,106.12999999999995,106.12999999999995,106.12999999999995,107.63000000000007,107.63000000000007,106.27999999999996,106.27999999999996,106.27999999999996,107.78000000000007,107.92000000000009,107.92000000000009,107.92000000000009,106.42999999999996,106.42999999999996,108.06000000000007,108.06000000000007,108.06000000000007,108.06000000000007,108.06000000000007,108.06000000000007,108.06000000000007,108.06000000000007,108.06000000000007,108.06000000000007,108.06000000000007,108.06000000000007,106.57999999999997,108.20000000000006,108.20000000000006,106.87999999999998,106.87999999999998,108.35000000000007,107.03999999999998,107.18999999999998,108.49000000000008,108.49000000000008,108.49000000000008,108.49000000000008,108.49000000000008,108.64000000000006,107.33999999999999,108.79000000000006,108.79000000000006,107.49,107.49,108.94000000000007,107.64,109.09000000000007,107.64,107.64,109.09000000000007,107.64,107.64,107.64,109.24000000000008,109.39000000000009,109.39000000000009,109.39000000000009,107.8,109.54000000000009,109.54000000000009,109.69000000000007,109.69000000000007,107.96,109.69000000000007,108.11,108.11,109.84000000000007,108.26,108.26,108.41000000000001,110.16000000000007,110.16000000000007,108.57000000000001,110.31000000000007,110.31000000000007,108.57000000000001,108.57000000000001,108.57000000000001,108.57000000000001,110.61000000000006,110.61000000000006,110.61000000000006,110.61000000000006,108.73,108.73,108.73,108.73,108.73,110.92000000000006,108.88000000000001,108.88000000000001,111.23000000000006,109.2,111.38000000000004,111.38000000000004,109.34999999999998,109.34999999999998,111.38000000000004,111.38000000000004,111.38000000000004,111.38000000000004,109.34999999999998,109.34999999999998,109.34999999999998,109.34999999999998,111.53000000000004,111.53000000000004,111.53000000000004,111.68000000000005,109.66999999999997,109.82999999999997,109.82999999999997,109.82999999999997,111.83000000000006,111.84000000000007,109.98999999999997,109.98999999999997,109.98999999999997,111.99000000000005,111.99000000000005,110.14999999999996,112.14000000000006,110.30999999999999,112.29000000000003,110.46999999999998,112.45000000000003,112.45000000000003,110.62999999999998,112.60000000000004,112.60000000000004,110.62999999999998,112.76000000000003,110.78999999999998,112.76000000000003,112.76000000000003,112.76000000000003,110.94999999999997,110.94999999999997,110.94999999999997,110.94999999999997,112.91000000000001,112.91000000000001,112.91000000000001,112.91000000000001,113.05999999999999,110.94999999999997,113.21999999999998,113.21999999999998,111.10999999999997,113.38999999999997,113.38999999999997,111.26999999999997,113.38999999999997,111.26999999999997,113.55,111.26999999999997,111.26999999999997,111.26999999999997,113.55,111.43999999999996,111.43999999999996,113.71,113.87000000000002,113.87000000000002,111.59999999999995,111.59999999999995,111.59999999999995,114.03000000000002,114.03000000000002,114.03000000000002,114.03000000000002,114.03000000000002,111.76999999999994,111.76999999999994,114.19000000000001,111.92999999999994,111.92999999999994,111.92999999999994,111.92999999999994,114.35000000000001,112.09999999999992,112.09999999999992,112.09999999999992,114.51,114.51,114.51,114.51,114.51,114.51,114.51,114.51,112.26999999999994,112.26999999999994,112.26999999999994,114.68000000000002,114.68000000000002,114.68000000000002,112.43999999999993,112.43999999999993,112.43999999999993,112.43999999999993,114.84000000000002,112.76999999999994,115.00000000000001,115.00000000000001,115.00000000000001,115.00000000000001,113.10999999999991,113.10999999999991,115.16000000000004,113.27999999999993,113.27999999999993,113.27999999999993,115.33000000000003,113.44999999999992,113.44999999999992,113.45999999999994,113.45999999999994,113.45999999999994,115.50000000000001,113.62999999999992,113.62999999999992,113.79999999999994,113.79999999999994,113.79999999999994,113.79999999999994,113.79999999999994,115.67000000000003,115.84000000000005,113.96999999999993,113.96999999999993,116.01000000000003,116.01000000000003,114.13999999999994,116.18000000000005,116.18000000000005,114.31999999999995,114.31999999999995,114.31999999999995,114.31999999999995,116.52000000000005,116.52000000000005,116.52000000000005,114.48999999999994,116.68000000000005,116.68000000000005,114.65999999999993,116.85000000000007,116.85000000000007,116.85000000000007,116.85000000000007,116.85000000000007,114.83999999999993,114.83999999999993,114.83999999999993,114.83999999999993,114.83999999999993,115.00999999999992,115.00999999999992,115.00999999999992,115.00999999999992,115.01999999999991,115.01999999999991,115.01999999999991,115.01999999999991,115.01999999999991,115.01999999999991,115.01999999999991,115.01999999999991,115.01999999999991,115.01999999999991,115.01999999999991,115.1899999999999,115.1899999999999,115.1899999999999,117.35000000000007,117.35000000000007,117.35000000000007,117.35000000000007,117.35000000000007,115.35999999999989,117.52000000000005,115.52999999999987,117.85000000000007,115.70999999999988,115.70999999999988,115.70999999999988,118.01000000000006,118.01000000000006,115.70999999999988,115.70999999999988,115.70999999999988,115.70999999999988,115.70999999999988,115.70999999999988,118.01000000000006,118.01000000000006,115.87999999999987,115.87999999999987,115.87999999999987,115.87999999999987,115.87999999999987,115.87999999999987,118.19000000000007,118.19000000000007,118.19000000000007,116.04999999999986,118.35000000000007,118.35000000000007,116.22999999999986,116.22999999999986,116.22999999999986,118.51000000000006,118.51000000000006,116.40999999999987,116.40999999999987,118.68000000000005,116.58999999999985,118.85000000000007,116.76999999999985,119.03000000000007,116.93999999999987,119.21000000000005,119.21000000000005,119.21000000000005,117.10999999999986,117.10999999999986,119.38000000000007,119.38000000000007,119.38000000000007,117.28999999999986,117.46999999999987,117.46999999999987,117.46999999999987,117.46999999999987,117.46999999999987,117.46999999999987,117.46999999999987,117.46999999999987,117.46999999999987,117.46999999999987,117.46999999999987,117.46999999999987,119.56000000000007,117.64999999999988,117.64999999999988,117.64999999999988,119.74000000000008,119.74000000000008,119.74000000000008,119.74000000000008,119.74000000000008,119.74000000000008,119.74000000000008,119.74000000000008,119.74000000000008,119.74000000000008,119.74000000000008,117.82999999999988,117.82999999999988,117.82999999999988,117.82999999999988,120.09000000000007,120.09000000000007,120.09000000000007,118.18999999999987,118.18999999999987,118.18999999999987,118.18999999999987,120.09000000000007,120.09000000000007,120.09000000000007,120.09000000000007,120.09000000000007,120.09000000000007,120.09000000000007,120.09000000000007,120.09000000000007,120.09000000000007,120.09000000000007,120.09000000000007,120.09000000000007,120.27000000000005,120.27000000000005,120.27000000000005,120.27000000000005,120.27000000000005,120.27000000000005,120.27000000000005,120.27000000000005,120.27000000000005,120.27000000000005,120.27000000000005,120.27000000000005,120.27000000000005,120.27000000000005,120.27000000000005,120.27000000000005,120.27000000000005,120.27000000000005,118.36999999999988,118.36999999999988,118.36999999999988,118.36999999999988,118.36999999999988,118.36999999999988,120.46000000000005,120.46000000000005,120.46000000000005,120.46000000000005,120.46000000000005,120.46000000000005,118.54999999999988,118.54999999999988,118.54999999999988,118.54999999999988,120.64000000000006,120.64000000000006,118.72999999999989,120.82000000000004,120.82000000000004,120.82000000000004,120.82000000000004,120.82000000000004,120.82000000000004,120.82000000000004,120.82000000000004,120.82000000000004,120.82000000000004,118.90999999999987,118.90999999999987,118.90999999999987,118.90999999999987,118.90999999999987,118.90999999999987,118.90999999999987,118.90999999999987,118.90999999999987,121.00000000000001,121.00000000000001,121.00000000000001,121.00000000000001,121.00000000000001,121.00000000000001,121.00000000000001,119.08999999999985,119.08999999999985,119.08999999999985,119.09999999999987,119.09999999999987,119.09999999999987,119.09999999999987,119.09999999999987,119.09999999999987,119.09999999999987,121.18000000000002,119.27999999999987,119.27999999999987,119.27999999999987,119.27999999999987,119.27999999999987,119.27999999999987,119.27999999999987,119.27999999999987,119.27999999999987,119.27999999999987,119.27999999999987,121.35000000000004,121.35000000000004,121.35000000000004,121.35000000000004,121.35000000000004,121.35000000000004,121.35000000000004,121.35000000000004,121.35000000000004,121.35000000000004,121.35000000000004,119.45999999999988,119.45999999999988,119.45999999999988,119.45999999999988,119.45999999999988,119.45999999999988,119.45999999999988,119.45999999999988,119.45999999999988,119.45999999999988,119.45999999999988,119.45999999999988,119.45999999999988,119.45999999999988,119.45999999999988,119.45999999999988,121.53000000000004,121.53000000000004,121.53000000000004,119.64999999999988,119.64999999999988,119.64999999999988,119.64999999999988,119.64999999999988,119.64999999999988,119.64999999999988,119.64999999999988,119.64999999999988,119.64999999999988,121.70000000000003,121.70000000000003,121.70000000000003,119.83999999999988,119.83999999999988,119.83999999999988,121.87000000000005,121.87000000000005,121.87000000000005,119.83999999999988,119.83999999999988,119.83999999999988,122.05000000000005,122.05000000000005,120.02999999999987,120.02999999999987,122.23000000000003,122.41000000000004,122.59000000000005,122.59000000000005,120.39999999999988,122.77000000000005,122.77000000000005,120.39999999999988,120.40999999999987,120.40999999999987,120.40999999999987,122.96000000000005,122.96000000000005,122.96000000000005,122.96000000000005,122.96000000000005,122.96000000000005,122.96000000000005,122.96000000000005,122.96000000000005,120.58999999999988,120.58999999999988,120.58999999999988,120.58999999999988,120.58999999999988,120.58999999999988,120.59999999999987,120.59999999999987,123.14000000000006,123.14000000000006,123.14000000000006,123.14000000000006,123.14000000000006,123.14000000000006,120.77999999999987,123.14000000000006,120.77999999999987,120.77999999999987,120.77999999999987,123.33000000000006,123.33000000000006,120.96999999999987,120.96999999999987,123.52000000000005,121.15999999999987,123.52000000000005,121.34999999999987,123.71000000000005,121.34999999999987,123.71000000000005,121.34999999999987,123.71000000000005,121.34999999999987,123.71000000000005,123.71000000000005,121.53999999999986,121.53999999999986,121.53999999999986,124.07000000000004,124.07000000000004,121.91999999999989,121.91999999999989,121.91999999999989,121.91999999999989,121.91999999999989,121.91999999999989,121.91999999999989,124.25000000000004,124.25000000000004,124.25000000000004,124.25000000000004,124.25000000000004,122.10999999999989,122.10999999999989,122.10999999999989,124.44000000000004,122.29999999999988,122.29999999999988,122.48999999999988,122.48999999999988,124.81000000000004,124.81000000000004,124.81000000000004,124.81000000000004,124.81000000000004,124.81000000000004,124.81000000000004,124.99000000000005,122.67999999999988,122.67999999999988,122.67999999999988,122.67999999999988,125.18000000000005,122.86999999999988,125.36000000000006,123.05999999999987,123.05999999999987,123.05999999999987,125.55000000000005,125.55000000000005,125.55000000000005,125.55000000000005,125.55000000000005,125.74000000000005,125.74000000000005,125.74000000000005,125.74000000000005,125.74000000000005,125.74000000000005,125.74000000000005,123.4399999999999,125.93000000000005,125.93000000000005,125.93000000000005,125.93000000000005,125.93000000000005,125.93000000000005,125.93000000000005,125.93000000000005,123.6299999999999,123.6299999999999,123.6299999999999,123.6299999999999,126.12000000000005,126.12000000000005,123.82999999999988,123.82999999999988,126.30000000000005,126.30000000000005,126.30000000000005,124.0299999999999,124.2199999999999,124.2199999999999,124.2199999999999,124.2199999999999,126.67000000000006,126.67000000000006,124.4099999999999,124.4099999999999,124.60999999999989,124.60999999999989,124.60999999999989,124.60999999999989,127.06000000000004,127.06000000000004,127.06000000000004,127.06000000000004,127.06000000000004,124.79999999999988,124.79999999999988,127.25000000000004,127.25000000000004,127.45000000000006,127.45000000000006,125.17999999999988,125.17999999999988,127.64000000000006,127.64000000000006,127.64000000000006,127.83000000000006,127.83000000000006,127.83000000000006,127.83000000000006,125.37999999999987,125.37999999999987,125.37999999999987,125.37999999999987,125.37999999999987,125.37999999999987,125.37999999999987,125.37999999999987,125.37999999999987,125.37999999999987,125.37999999999987,128.02000000000004,128.02000000000004,128.02000000000004,128.02000000000004,128.02000000000004,125.57999999999986,128.21000000000004,128.21000000000004,128.21000000000004,128.21000000000004,125.77999999999984,128.41000000000005,125.96999999999987,125.96999999999987,128.61000000000004,126.16999999999986,126.35999999999986,126.35999999999986,126.35999999999986,126.35999999999986,126.35999999999986,128.80000000000004,126.55999999999987,128.99000000000004,128.99000000000004,128.99000000000004,126.74999999999987,126.74999999999987,126.74999999999987,126.74999999999987,126.74999999999987,129.38000000000002,127.13999999999989,129.57000000000002,129.57000000000002,129.57000000000002,127.33999999999988,127.33999999999988,127.33999999999988,129.76000000000002,127.53999999999986,127.53999999999986,127.53999999999986,127.54999999999988,127.54999999999988,127.54999999999988,127.54999999999988,127.74999999999987,130.17000000000004,130.17000000000004,130.17000000000004,130.17000000000004,130.17000000000004,127.94999999999989,127.94999999999989,128.14999999999986,130.38000000000002,130.38000000000002,130.38000000000002,130.38000000000002,130.38000000000002,130.38000000000002,130.38000000000002,128.34999999999985,128.34999999999985,128.34999999999985,128.34999999999985,128.34999999999985,128.34999999999985,128.34999999999985,128.34999999999985,128.34999999999985,128.34999999999985,130.58,130.58,130.58,128.54999999999984,128.54999999999984,130.79000000000002,130.79000000000002,128.74999999999983,128.74999999999983,128.74999999999983,130.98000000000002,128.94999999999982,131.18000000000004,129.15999999999983,131.37000000000003,131.37000000000003,131.37000000000003,131.37000000000003,131.37000000000003,131.37000000000003,129.35999999999981,131.57000000000002,131.78000000000003,131.78000000000003,131.78000000000003,131.78000000000003,131.78000000000003,129.55999999999983,129.55999999999983,129.55999999999983,129.55999999999983,129.55999999999983,129.55999999999983,131.98000000000005,131.98000000000005,131.98000000000005,131.98000000000005,131.98000000000005,129.76999999999984,129.96999999999986,132.18000000000004,132.18000000000004,132.19000000000005,130.17999999999984,132.38000000000005,132.38000000000005,130.38999999999984,132.58000000000004,130.58999999999983,130.58999999999983,130.58999999999983,132.79000000000005,132.79000000000005,132.79000000000005,132.79000000000005,130.58999999999983,133.00000000000006,133.00000000000006,133.00000000000006,130.58999999999983,133.22000000000006,130.79999999999984,130.79999999999984,133.43000000000006,130.99999999999983,130.99999999999983,133.64000000000007,133.64000000000007,133.64000000000007,133.64000000000007,133.64000000000007,133.64000000000007,133.64000000000007,133.64000000000007,131.19999999999985,133.85000000000005,131.40999999999983,131.40999999999983,134.05000000000004,131.61999999999983,134.25000000000006,134.25000000000006,134.25000000000006,134.25000000000006,134.25000000000006,134.25000000000006,131.82999999999984,131.82999999999984,134.45000000000005,132.03999999999985,132.03999999999985,132.03999999999985,134.65000000000006,134.65000000000006,134.65000000000006,132.24999999999983,132.24999999999983,132.24999999999983,132.45999999999984,132.45999999999984,132.45999999999984,132.45999999999984,135.07000000000005,132.66999999999985,132.66999999999985,132.66999999999985,135.27000000000007,132.87999999999985,132.87999999999985,132.87999999999985,132.87999999999985,135.49000000000007,135.49000000000007,135.49000000000007,135.49000000000007,135.49000000000007,135.49000000000007,132.87999999999985,132.87999999999985,132.87999999999985,132.87999999999985,135.69000000000005,135.69000000000005,133.08999999999986,135.90000000000006,135.90000000000006,133.08999999999986,133.08999999999986,133.08999999999986,133.08999999999986,136.11000000000007,133.08999999999986,136.32000000000008,133.30999999999986,133.30999999999986,133.30999999999986,136.54000000000008,136.54000000000008,136.54000000000008,136.54000000000008,136.54000000000008,136.54000000000008,136.54000000000008,133.51999999999987,133.51999999999987,133.51999999999987,136.76000000000008,136.76000000000008,136.76000000000008,136.76000000000008,136.76000000000008,136.76000000000008,136.76000000000008,136.76000000000008,133.72999999999985,133.72999999999985,133.73999999999987,136.98000000000008,133.94999999999985,137.19000000000008,137.19000000000008,133.94999999999985,133.94999999999985,133.94999999999985,133.94999999999985,133.94999999999985,137.40000000000006,137.40000000000006,137.40000000000006,133.94999999999985,137.61000000000007,134.16999999999985,137.83000000000007,137.83000000000007,134.16999999999985,134.16999999999985,134.16999999999985,134.16999999999985,138.04000000000008,138.04000000000008,134.38999999999984,134.38999999999984,134.38999999999984,134.38999999999984,134.38999999999984,134.38999999999984,138.26000000000008,134.60999999999984,138.48000000000008,134.81999999999985,134.81999999999985,138.70000000000007,135.03999999999985,135.03999999999985,135.03999999999985,135.03999999999985,135.03999999999985,138.92000000000007,135.25999999999985,135.25999999999985,135.25999999999985,135.25999999999985,139.14000000000007,139.14000000000007,139.14000000000007,139.14000000000007,135.47999999999985,139.36000000000007,139.58000000000007,139.58000000000007,139.58000000000007,135.69999999999985,135.70999999999984,135.70999999999984,135.70999999999984,135.70999999999984,139.79000000000008,139.79000000000008,139.79000000000008,139.79000000000008,135.70999999999984,135.70999999999984,135.70999999999984,135.70999999999984,140.00000000000009,140.00000000000009,135.92999999999984,135.92999999999984,135.92999999999984,135.92999999999984,140.00000000000009,135.92999999999984,140.00000000000009,135.92999999999984,140.00000000000009,135.92999999999984,140.00000000000009,135.92999999999984,140.00000000000009,135.92999999999984,140.00000000000009,140.00000000000009,140.00000000000009,135.92999999999984,135.92999999999984,135.92999999999984,135.92999999999984,135.92999999999984,135.92999999999984,135.92999999999984,140.21000000000006,140.21000000000006,140.21000000000006,140.21000000000006,140.21000000000006,136.14999999999986,136.14999999999986,136.14999999999986,136.14999999999986,140.43000000000006,140.43000000000006,140.43000000000006,136.36999999999986,140.43000000000006,140.43000000000006,140.43000000000006,140.43000000000006,140.43000000000006,140.43000000000006,136.36999999999986,136.36999999999986,136.36999999999986,136.36999999999986,136.36999999999986,140.66000000000008,140.66000000000008,140.66000000000008,140.66000000000008,140.66000000000008,136.58999999999986,140.8700000000001,140.8700000000001,140.8700000000001,140.8700000000001,140.8700000000001,140.8700000000001,140.8700000000001,140.8700000000001,140.8700000000001,136.58999999999986,136.58999999999986,136.58999999999986,136.58999999999986,136.58999999999986,136.58999999999986,136.58999999999986,136.58999999999986,140.8700000000001,136.80999999999986,136.80999999999986,136.80999999999986,136.80999999999986,136.80999999999986,136.80999999999986,141.0900000000001,141.0900000000001,141.0900000000001,141.0900000000001,141.10000000000008,136.80999999999986,136.80999999999986,141.10000000000008,141.10000000000008,141.10000000000008,141.10000000000008,141.10000000000008,141.10000000000008,137.02999999999986,141.32000000000008,141.32000000000008,141.32000000000008,137.24999999999986,141.54000000000008,141.54000000000008,137.46999999999986,141.54000000000008,141.54000000000008,137.69999999999987,137.69999999999987,137.69999999999987,141.76000000000008,137.69999999999987,137.69999999999987,137.69999999999987,137.92999999999986,141.76000000000008,137.92999999999986,141.76000000000008,137.92999999999986,141.76000000000008,141.9800000000001,141.9800000000001,141.9800000000001,141.9800000000001,141.9800000000001,138.15999999999985,142.2000000000001,138.38999999999987,138.38999999999987,138.61999999999986,142.4300000000001,138.61999999999986,142.4300000000001,138.61999999999986,138.61999999999986,138.61999999999986,142.6500000000001,142.6500000000001,138.84999999999988,142.8700000000001,142.88000000000008,139.07999999999987,139.07999999999987,139.07999999999987,142.88000000000008,139.3099999999999,139.3099999999999,139.3099999999999,142.88000000000008,142.88000000000008,139.3099999999999,139.3099999999999,139.3099999999999,143.11000000000007,139.53999999999988,139.53999999999988,139.53999999999988,143.11000000000007,143.11000000000007,143.11000000000007,143.11000000000007,139.7699999999999,143.34000000000006,139.9999999999999,139.9999999999999,143.57000000000008,143.57000000000008,143.57000000000008,140.22999999999988,140.22999999999988,140.22999999999988,140.22999999999988,140.22999999999988,140.22999999999988,143.81000000000006,140.45999999999987,140.45999999999987,143.81000000000006,143.81000000000006,140.68999999999986,140.68999999999986,144.05000000000004,144.05000000000004,140.91999999999987,144.28000000000006,140.91999999999987,144.52000000000004,141.15999999999988,141.15999999999988,141.15999999999988,141.15999999999988,141.15999999999988,144.52000000000004,144.52000000000004,141.38999999999987,144.52000000000004,141.62999999999988,144.75000000000003,141.62999999999988,144.75000000000003,141.62999999999988,144.75000000000003,141.62999999999988,141.62999999999988,144.99,141.62999999999988,144.99,141.62999999999988,144.99,144.99,144.99,144.99,144.99,145.22000000000003,141.85999999999987,145.22000000000003,141.85999999999987,145.22000000000003,145.22000000000003,145.45000000000002,145.45000000000002,142.09999999999985,142.09999999999985,145.68,142.09999999999985,142.09999999999985,145.91000000000003,142.33999999999986,142.33999999999986,142.33999999999986,146.14000000000001,142.57999999999987,146.37,146.37,146.37,146.37,142.80999999999986,146.37,146.37,146.37,146.37,146.37,142.80999999999986,142.80999999999986,142.80999999999986,142.80999999999986,142.80999999999986,146.37,143.04999999999984,143.04999999999984,143.04999999999984,143.04999999999984,146.60999999999999,146.60999999999999,146.60999999999999,143.28999999999985,143.28999999999985,143.28999999999985,143.28999999999985,143.28999999999985,143.28999999999985,143.28999999999985,143.28999999999985,143.28999999999985,143.28999999999985,143.28999999999985,143.28999999999985,143.28999999999985,143.28999999999985,143.28999999999985,143.28999999999985,143.28999999999985,143.28999999999985,143.28999999999985,143.28999999999985,143.28999999999985,143.28999999999985,143.28999999999985,143.28999999999985,143.28999999999985,143.28999999999985,143.28999999999985,143.28999999999985,143.28999999999985,143.28999999999985,143.28999999999985,143.28999999999985,146.60999999999999,146.60999999999999,146.60999999999999,143.51999999999984,143.51999999999984,143.51999999999984,143.51999999999984,143.51999999999984,146.84,146.84,146.84,143.52999999999983,147.07,147.07,147.07,147.07,147.07,143.7699999999998,143.7699999999998,143.7699999999998,143.7699999999998,143.7699999999998,143.7699999999998,143.7699999999998,143.7699999999998,143.7699999999998,143.7699999999998,143.7699999999998,147.07,144.0099999999998,144.0099999999998,144.0099999999998,144.0099999999998,144.0099999999998,144.0099999999998,147.3,147.3,144.2499999999998,147.53,144.4899999999998,144.4899999999998,147.53,147.53,147.53,144.72999999999982,144.72999999999982,144.72999999999982,144.72999999999982,144.72999999999982,144.72999999999982,144.72999999999982,144.72999999999982,144.72999999999982,144.72999999999982,144.72999999999982,144.72999999999982,144.72999999999982,144.72999999999982,144.72999999999982,144.72999999999982,144.72999999999982,144.72999999999982,144.72999999999982,144.72999999999982,144.72999999999982,144.72999999999982,147.76999999999998,147.76999999999998,144.96999999999983,144.96999999999983,144.96999999999983,144.96999999999983,144.97999999999982,147.76999999999998,147.76999999999998,145.21999999999983,145.21999999999983,145.21999999999983,145.21999999999983,145.21999999999983,145.21999999999983,145.21999999999983,147.76999999999998,145.45999999999984,147.76999999999998,147.76999999999998,147.76999999999998,147.76999999999998,147.76999999999998,147.76999999999998,145.69999999999982,145.69999999999982,145.70999999999984,145.70999999999984,145.70999999999984,145.70999999999984,145.70999999999984,145.70999999999984,148.00999999999996,145.94999999999982,145.94999999999982,145.94999999999982,145.94999999999982,145.94999999999982,145.94999999999982,145.94999999999982,148.00999999999996,148.00999999999996,148.00999999999996,146.1899999999998,146.1899999999998,146.1899999999998,146.1899999999998,146.1899999999998,148.24999999999997,148.24999999999997,146.4399999999998,148.24999999999997,148.24999999999997,148.24999999999997,148.24999999999997,148.24999999999997,148.24999999999997,148.24999999999997,148.24999999999997,148.24999999999997,146.6799999999998,146.6799999999998,146.6799999999998,146.6799999999998,146.6799999999998,146.6799999999998,146.6799999999998,146.6799999999998,146.6799999999998,146.6799999999998,146.6799999999998,146.6799999999998,146.6799999999998,146.6799999999998,146.6799999999998,146.6799999999998,146.6799999999998,146.6799999999998,146.6799999999998,146.6799999999998,146.6799999999998,146.6799999999998,146.6799999999998,148.49999999999997,148.49999999999997,148.49999999999997,148.49999999999997,146.9199999999998,146.9199999999998,146.9199999999998,146.9199999999998,146.9199999999998,146.9199999999998,146.9199999999998,146.9199999999998,146.9199999999998,146.9199999999998,146.9199999999998,148.72999999999996,146.9199999999998,146.9199999999998,148.96999999999997,147.1599999999998,147.1599999999998,147.1599999999998,147.1599999999998,147.1599999999998,147.1599999999998,147.1599999999998,147.1599999999998,147.1599999999998,147.1599999999998,147.1599999999998,147.1599999999998,149.19999999999996,149.19999999999996,149.19999999999996,149.19999999999996,149.19999999999996,149.19999999999996,149.19999999999996,149.19999999999996,149.19999999999996,149.19999999999996,149.19999999999996,149.19999999999996,149.19999999999996,149.19999999999996,147.3999999999998,147.3999999999998,147.3999999999998,147.3999999999998,147.3999999999998,149.42999999999998,149.42999999999998,149.42999999999998,149.42999999999998,149.42999999999998,149.42999999999998,149.42999999999998,149.42999999999998,149.42999999999998,149.42999999999998,149.42999999999998,149.42999999999998,149.42999999999998,149.42999999999998,149.42999999999998,149.42999999999998,149.42999999999998,149.42999999999998,149.42999999999998,149.42999999999998,149.42999999999998,149.42999999999998,149.44,149.44,149.44,149.44,149.44,147.63999999999982,149.44,149.44,149.44,149.44,149.44,149.44,149.44,149.44,149.44,149.44,147.88999999999982,149.44,147.88999999999982,147.88999999999982,147.88999999999982,147.88999999999982,147.88999999999982,149.68,149.68,149.68,149.68,149.68,149.68,149.68,149.68,149.68,149.68,149.68,149.68,149.68,149.68,149.68,148.1499999999998,149.92000000000002,149.92000000000002,149.92000000000002,149.92000000000002,149.92000000000002,149.92000000000002,149.92000000000002,149.92000000000002,149.92000000000002,149.92000000000002,149.92000000000002,149.92000000000002,149.92000000000002,148.3999999999998,149.92000000000002,148.3999999999998,149.92000000000002,149.92000000000002,149.92000000000002,148.6499999999998,148.6499999999998,148.6499999999998,148.6499999999998,150.16,148.6599999999998,150.16,148.6599999999998,148.6599999999998,150.16,148.6599999999998,150.16,148.6599999999998,148.6599999999998,148.6599999999998,148.6599999999998,148.6599999999998,148.6599999999998,148.6599999999998,148.6599999999998,148.6599999999998,148.6599999999998,148.6599999999998,148.6599999999998,148.6599999999998,148.6599999999998,148.6599999999998,148.6599999999998,148.6599999999998,148.6599999999998,148.6599999999998,148.6699999999998,148.6699999999998,148.6699999999998,148.6699999999998,148.6699999999998,148.6699999999998,150.41,150.41,150.41,150.41,150.41,150.41,150.41,150.41,150.41,150.41,150.41,148.9199999999998,148.9199999999998,148.9199999999998,150.66,150.66,150.66,150.66,150.66,150.66,150.66,150.66,150.66,150.66,150.66,150.66,150.66,150.66,150.66,149.1699999999998,150.66,149.1699999999998,150.66,149.1699999999998,150.66,150.66,150.66,150.66,150.66,150.66,150.66,150.66,150.66,150.66,150.66,150.66,150.66,150.66,149.4199999999998,149.4199999999998,149.4199999999998,150.89999999999998,150.89999999999998,150.91,149.6699999999998,149.6699999999998,149.6699999999998,149.6699999999998,149.67999999999978,149.67999999999978,151.14999999999998,149.67999999999978,151.14999999999998,149.67999999999978,149.67999999999978,149.67999999999978,149.67999999999978,149.67999999999978,149.67999999999978,149.67999999999978,149.67999999999978,149.67999999999978,149.67999999999978,149.67999999999978,149.67999999999978,149.67999999999978,149.67999999999978,149.6899999999998,149.6899999999998,149.6899999999998,149.6899999999998,149.6899999999998,149.6899999999998,149.6899999999998,149.6899999999998,149.6899999999998,151.39,151.39,151.39,151.39,151.39,151.39999999999998,151.39999999999998,151.39999999999998,151.39999999999998,151.39999999999998,151.39999999999998,151.39999999999998,151.39999999999998,151.39999999999998,151.39999999999998,151.39999999999998,151.39999999999998,149.9399999999998,149.9399999999998,151.64,151.64,150.1899999999998,150.1899999999998,150.1999999999998,150.1999999999998,150.1999999999998,150.1999999999998,151.88,151.88,151.88,151.88,151.88,151.88,150.4499999999998,152.12,152.12,152.12,152.12,152.12,152.12,150.6999999999998,150.6999999999998,150.6999999999998,152.12,152.12,152.12,150.95999999999978,150.95999999999978,150.95999999999978,150.95999999999978,150.95999999999978,152.37,152.38,152.38,152.38,152.38,152.38,152.38,152.38,152.38,152.38,151.20999999999978,151.20999999999978,151.20999999999978,151.20999999999978,151.20999999999978,151.20999999999978,151.20999999999978,151.20999999999978,151.20999999999978,151.20999999999978,151.20999999999978,151.20999999999978,152.63,152.63,152.63,152.63,152.63,152.63,152.63,151.45999999999978,152.63,151.70999999999978,151.70999999999978,151.70999999999978,151.70999999999978,151.70999999999978,151.70999999999978,151.70999999999978,152.89,152.89,152.89,152.89,151.95999999999978,151.95999999999978,151.95999999999978,151.95999999999978,151.95999999999978,151.95999999999978,151.95999999999978,153.14,153.14,153.14,153.14,153.14,153.14,153.14,153.14,153.14,153.14,153.14,153.14,153.14,153.14,153.14,153.14,153.14,152.20999999999978,152.20999999999978,152.20999999999978,152.20999999999978,153.39,153.39,153.39,153.39,153.39,153.39,153.39,152.45999999999978,152.45999999999978,153.64,153.64,153.64,153.64,153.64,153.64,153.64,152.70999999999978,152.70999999999978,152.70999999999978,152.70999999999978,152.70999999999978,152.70999999999978,152.70999999999978,152.70999999999978,152.70999999999978,152.70999999999978,152.70999999999978,152.70999999999978,152.70999999999978,152.70999999999978,152.70999999999978,152.70999999999978,152.70999999999978,152.7199999999998,152.7199999999998,153.9,153.9,153.9,153.9,152.9799999999998,152.9799999999998,152.9799999999998,154.16,152.9799999999998,154.41,154.41,154.41,154.41,153.2399999999998,153.2399999999998,153.2399999999998,154.67,154.67,154.67,154.67,154.67,154.67,154.67,154.67,154.67,154.67,154.67,154.67,154.67,154.67,154.67,154.67,154.67,154.67,154.67,153.4999999999998,153.4999999999998,153.4999999999998,153.4999999999998,154.92,154.92,154.92,154.92,154.92,154.92,153.7599999999998,153.7599999999998,153.7599999999998,155.15999999999997,155.17,155.17,155.17,155.17,155.17,155.17,155.17,155.17,155.17,155.17,155.17,155.17,155.17,155.17,155.17,155.17,154.01999999999978,154.01999999999978,154.01999999999978,154.01999999999978,154.01999999999978,154.01999999999978,154.01999999999978,154.01999999999978,154.01999999999978,154.01999999999978,155.42,155.42,155.42,155.42,154.27999999999977,154.27999999999977,154.27999999999977,154.27999999999977,154.27999999999977,155.7,155.7,155.7,154.54999999999978,154.54999999999978,155.96,155.96,155.96,155.96,155.96,155.96,155.96,155.96,155.96,155.96,155.96,155.96,155.96,155.96,155.96,155.96,155.96,154.80999999999977,155.96,154.80999999999977,155.96,154.80999999999977,155.96,154.80999999999977,155.96,154.80999999999977,154.80999999999977,154.80999999999977,154.80999999999977,154.80999999999977,154.80999999999977,156.22,156.22,156.22,156.22,156.22,156.22,156.22,155.06999999999977,156.49,156.49,156.49,155.32999999999976,156.49,155.32999999999976,155.32999999999976,155.32999999999976,155.32999999999976,155.32999999999976,155.32999999999976,155.59999999999977,155.59999999999977,155.59999999999977,155.59999999999977,155.59999999999977,155.59999999999977,155.59999999999977,155.59999999999977,156.75,155.85999999999976,155.85999999999976,155.85999999999976,155.85999999999976,157.01999999999998,156.11999999999975,156.11999999999975,156.11999999999975,156.11999999999975,157.29,157.29,157.29,157.29,157.29,157.29,157.29,156.11999999999975,156.11999999999975,156.11999999999975,156.11999999999975,157.56,156.37999999999974,157.56,156.37999999999974,156.37999999999974,156.64999999999975,156.64999999999975,156.64999999999975,157.82999999999998,156.64999999999975,157.82999999999998,156.64999999999975,157.82999999999998,156.64999999999975,157.82999999999998,156.64999999999975,157.82999999999998,156.64999999999975,157.82999999999998,156.64999999999975,157.82999999999998,156.64999999999975,157.82999999999998,156.64999999999975,157.82999999999998,156.64999999999975,157.82999999999998,156.64999999999975,157.82999999999998,157.82999999999998,157.82999999999998,157.82999999999998,157.82999999999998,157.82999999999998,157.82999999999998,157.82999999999998,157.82999999999998,157.82999999999998,157.82999999999998,157.82999999999998,157.82999999999998,156.90999999999977,156.90999999999977,156.90999999999977,156.90999999999977,158.1,157.17999999999975,158.35999999999999,158.35999999999999,158.35999999999999,158.35999999999999,158.35999999999999,158.35999999999999,158.35999999999999,157.44999999999976,157.44999999999976,157.44999999999976,157.44999999999976,158.61999999999998,158.61999999999998,158.61999999999998,158.61999999999998,158.61999999999998,158.61999999999998,158.61999999999998,158.61999999999998,158.61999999999998,158.61999999999998,158.61999999999998,158.61999999999998,158.61999999999998,157.71999999999974,157.71999999999974,157.71999999999974,157.71999999999974,157.71999999999974,157.71999999999974,157.71999999999974,157.71999999999974,157.71999999999974,157.71999999999974,157.71999999999974,157.71999999999974,157.71999999999974,157.71999999999974,157.71999999999974,157.71999999999974,157.71999999999974,157.71999999999974,158.88,158.89,157.71999999999974,158.89,158.89,159.15,159.15,159.15,159.15,157.71999999999974,157.71999999999974,157.71999999999974,157.71999999999974,159.41,159.41,159.41,159.41,157.71999999999974,159.69,159.69,159.69,157.71999999999974,157.72999999999976,157.72999999999976,157.72999999999976,157.72999999999976,157.72999999999976,157.72999999999976,157.72999999999976,157.72999999999976,157.72999999999976,157.72999999999976,157.72999999999976,157.72999999999976,157.72999999999976,157.72999999999976,157.72999999999976,157.72999999999976,159.95999999999998,159.95999999999998,159.95999999999998,159.95999999999998,159.95999999999998,159.95999999999998,159.97,157.72999999999976,157.72999999999976,157.72999999999976,160.23999999999998,157.72999999999976,157.72999999999976,160.51,160.51,160.51,157.72999999999976,157.72999999999976,157.72999999999976,160.79,160.79,157.72999999999976,157.72999999999976,157.72999999999976,157.72999999999976,157.72999999999976,157.72999999999976,157.72999999999976,157.72999999999976,157.72999999999976,157.72999999999976,157.72999999999976,157.72999999999976,157.72999999999976,157.72999999999976,157.72999999999976,157.72999999999976,157.72999999999976,157.73999999999975,157.73999999999975,157.73999999999975,157.73999999999975,157.73999999999975,157.73999999999975,157.73999999999975,157.73999999999975,157.73999999999975,157.73999999999975,157.73999999999975,157.73999999999975,157.73999999999975,157.73999999999975,157.73999999999975,157.73999999999975,157.73999999999975,157.73999999999975,157.73999999999975,157.73999999999975,157.73999999999975,157.73999999999975,157.73999999999975,157.73999999999975,157.73999999999975,157.73999999999975,157.73999999999975,157.73999999999975,157.73999999999975,157.73999999999975,157.73999999999975,157.73999999999975,157.73999999999975,157.73999999999975,157.73999999999975,157.73999999999975,157.73999999999975,157.73999999999975,157.73999999999975,157.73999999999975,157.73999999999975,157.73999999999975,157.74999999999974,157.74999999999974,157.74999999999974,157.74999999999974,157.74999999999974,157.74999999999974,157.74999999999974,157.74999999999974,157.74999999999974,157.74999999999974,157.74999999999974,157.74999999999974,157.74999999999974,157.74999999999974,157.74999999999974,157.74999999999974,157.74999999999974,157.74999999999974,157.74999999999974,157.74999999999974,157.74999999999974,157.74999999999974,157.74999999999974,157.74999999999974,157.74999999999974,157.74999999999974,157.74999999999974,157.74999999999974,157.74999999999974,157.74999999999974,157.74999999999974,157.74999999999974,157.74999999999974,157.74999999999974,157.74999999999974,157.74999999999974,157.74999999999974,157.74999999999974,157.74999999999974,157.74999999999974,157.74999999999974,157.74999999999974,157.74999999999974,157.74999999999974,157.74999999999974,157.74999999999974,157.74999999999974,157.74999999999974,157.74999999999974,157.74999999999974,157.74999999999974,157.74999999999974,157.74999999999974,157.74999999999974,157.74999999999974,157.74999999999974,157.74999999999974,157.74999999999974,157.74999999999974,157.74999999999974,157.74999999999974,157.74999999999974,157.74999999999974,157.74999999999974,157.74999999999974,157.74999999999974,157.74999999999974,157.74999999999974,157.74999999999974,157.74999999999974,157.74999999999974,157.74999999999974,157.74999999999974,157.74999999999974,157.74999999999974,157.74999999999974,157.74999999999974,157.74999999999974,157.74999999999974,157.75999999999974,157.75999999999974,157.75999999999974,157.75999999999974,157.75999999999974,157.75999999999974,157.75999999999974,157.75999999999974,157.75999999999974,157.75999999999974,157.75999999999974,157.75999999999974,157.75999999999974,157.75999999999974,157.75999999999974,157.75999999999974,157.75999999999974,157.75999999999974,157.75999999999974,157.75999999999974,157.75999999999974,157.75999999999974,157.75999999999974,157.75999999999974,157.75999999999974,157.75999999999974,157.75999999999974,157.75999999999974,157.75999999999974,157.75999999999974,157.75999999999974,157.75999999999974,157.75999999999974,157.75999999999974,157.75999999999974,157.75999999999974,157.75999999999974,157.75999999999974,157.75999999999974,157.75999999999974,157.75999999999974,157.75999999999974,157.75999999999974,157.75999999999974,157.75999999999974,157.75999999999974,157.75999999999974,157.75999999999974,157.75999999999974,157.75999999999974,157.75999999999974,157.75999999999974,157.75999999999974,157.75999999999974,157.75999999999974,157.75999999999974,157.75999999999974,157.75999999999974,157.75999999999974,157.75999999999974,157.75999999999974,157.75999999999974,157.75999999999974,157.75999999999974,157.75999999999974,157.75999999999974,157.75999999999974,157.75999999999974,157.75999999999974,157.75999999999974,157.75999999999974,157.75999999999974,157.75999999999974,157.75999999999974,157.76999999999973,161.06,157.76999999999973,161.06,157.76999999999973,161.06,157.76999999999973,157.76999999999973,157.76999999999973,157.76999999999973,157.76999999999973,157.76999999999973,157.76999999999973,157.76999999999973,157.76999999999973,157.76999999999973,157.76999999999973,157.76999999999973,157.76999999999973,157.76999999999973,157.76999999999973,157.76999999999973,157.76999999999973,157.76999999999973,157.76999999999973,157.76999999999973,157.76999999999973,157.76999999999973,157.76999999999973,157.76999999999973,157.76999999999973,157.76999999999973,157.76999999999973,157.77999999999975,157.77999999999975,157.77999999999975,157.77999999999975,157.77999999999975,157.77999999999975,157.77999999999975,157.77999999999975,157.77999999999975,157.77999999999975,157.77999999999975,157.77999999999975,157.77999999999975,157.77999999999975,157.77999999999975,157.77999999999975,157.77999999999975,157.77999999999975,157.77999999999975,157.77999999999975,157.77999999999975,157.77999999999975,157.77999999999975,157.77999999999975,157.77999999999975,157.77999999999975,157.77999999999975,157.77999999999975,157.78999999999974,157.79999999999976,157.79999999999976,157.79999999999976,157.79999999999976,157.79999999999976,157.79999999999976,157.79999999999976,157.79999999999976,157.79999999999976,157.79999999999976,157.79999999999976,157.79999999999976,157.79999999999976,157.79999999999976,157.79999999999976,157.79999999999976,157.79999999999976,157.79999999999976,157.79999999999976,157.79999999999976,157.79999999999976,157.79999999999976,157.79999999999976,157.79999999999976,157.79999999999976,157.79999999999976,157.79999999999976,157.79999999999976,157.79999999999976,157.79999999999976,157.79999999999976,157.79999999999976,157.79999999999976,157.79999999999976,157.79999999999976,157.79999999999976,157.79999999999976,157.79999999999976,157.79999999999976,157.79999999999976,157.79999999999976,157.79999999999976,157.79999999999976,157.79999999999976,157.79999999999976,157.79999999999976,157.79999999999976,157.79999999999976,157.79999999999976,157.79999999999976,157.79999999999976,157.79999999999976,157.79999999999976,157.79999999999976,157.79999999999976,157.79999999999976,157.79999999999976,157.79999999999976,157.79999999999976,157.79999999999976,157.79999999999976,157.79999999999976,157.79999999999976,157.79999999999976,157.79999999999976,157.79999999999976,157.79999999999976,157.79999999999976,157.79999999999976,157.79999999999976,157.79999999999976,157.79999999999976,157.79999999999976,157.79999999999976,157.79999999999976,157.79999999999976,157.79999999999976,157.79999999999976,157.79999999999976,157.80999999999977,157.80999999999977,157.80999999999977,157.80999999999977,157.80999999999977,157.80999999999977,157.80999999999977,157.80999999999977,157.80999999999977,157.80999999999977,157.80999999999977,157.80999999999977,157.80999999999977,157.80999999999977,157.80999999999977,157.80999999999977,157.80999999999977,157.80999999999977,157.80999999999977,157.80999999999977,157.80999999999977,157.80999999999977,157.80999999999977,157.80999999999977,157.80999999999977,157.80999999999977,157.80999999999977,157.80999999999977,157.80999999999977,157.80999999999977,157.80999999999977,157.80999999999977,157.80999999999977,157.80999999999977,157.80999999999977,157.80999999999977,157.80999999999977,157.80999999999977,157.80999999999977,157.80999999999977,157.80999999999977,157.80999999999977,157.80999999999977,157.80999999999977,157.80999999999977,157.81999999999977,157.81999999999977,157.81999999999977,157.81999999999977,157.81999999999977,157.81999999999977,157.81999999999977,157.81999999999977,157.81999999999977,157.81999999999977,157.81999999999977,157.81999999999977,157.81999999999977,157.81999999999977,157.81999999999977,157.81999999999977,157.81999999999977,157.81999999999977,157.81999999999977,157.81999999999977,157.81999999999977,157.81999999999977,157.81999999999977,157.81999999999977,157.81999999999977,157.81999999999977,157.81999999999977,157.81999999999977,157.81999999999977,157.81999999999977,157.81999999999977,157.81999999999977,157.81999999999977,157.81999999999977,157.81999999999977,157.81999999999977,157.81999999999977,157.81999999999977,157.81999999999977,161.33,157.81999999999977,161.33,157.81999999999977,161.33,157.81999999999977,161.33,157.81999999999977,161.33,157.81999999999977,161.33,157.82999999999979,161.34,157.82999999999979,161.34,157.82999999999979,161.34,157.82999999999979,157.82999999999979,157.82999999999979,157.82999999999979,157.82999999999979,157.82999999999979,157.82999999999979,157.82999999999979,157.82999999999979,157.82999999999979,157.82999999999979,157.82999999999979,157.82999999999979,157.82999999999979,157.82999999999979,157.82999999999979,157.82999999999979,157.82999999999979,157.82999999999979,157.82999999999979,157.82999999999979,157.82999999999979,157.82999999999979,157.82999999999979,157.82999999999979,157.82999999999979,157.82999999999979,157.82999999999979,157.83999999999978,157.83999999999978,157.83999999999978,157.83999999999978,157.83999999999978,157.83999999999978,157.83999999999978,157.83999999999978,157.83999999999978,157.83999999999978,157.83999999999978,157.83999999999978,157.83999999999978,157.83999999999978,157.83999999999978,157.83999999999978,157.83999999999978,157.83999999999978,157.83999999999978,157.83999999999978,157.83999999999978,157.83999999999978,157.83999999999978,157.83999999999978,157.83999999999978,157.83999999999978,157.83999999999978,157.83999999999978,157.83999999999978,157.83999999999978,157.83999999999978,157.83999999999978,157.83999999999978,157.83999999999978,157.83999999999978,157.83999999999978,157.83999999999978,157.83999999999978,157.83999999999978,157.83999999999978,157.83999999999978,157.83999999999978,157.83999999999978,157.83999999999978,157.83999999999978,157.83999999999978,157.83999999999978,157.83999999999978,157.83999999999978,157.83999999999978,157.83999999999978,157.83999999999978,157.83999999999978,157.83999999999978,157.83999999999978,157.83999999999978,157.83999999999978,157.83999999999978,157.83999999999978,157.83999999999978,157.83999999999978,157.83999999999978,157.83999999999978,157.83999999999978,157.83999999999978,157.83999999999978,157.83999999999978,157.83999999999978,157.83999999999978,157.83999999999978,157.83999999999978,157.83999999999978,157.83999999999978,157.83999999999978,157.83999999999978,157.83999999999978,157.83999999999978,157.83999999999978,157.83999999999978,157.83999999999978,157.83999999999978,157.83999999999978,157.83999999999978,157.83999999999978,157.83999999999978,157.83999999999978,157.83999999999978,157.83999999999978,157.83999999999978,157.83999999999978,157.83999999999978,157.83999999999978,157.83999999999978,157.83999999999978,157.83999999999978,157.83999999999978,157.83999999999978,157.83999999999978,157.83999999999978,157.83999999999978,157.83999999999978,157.83999999999978,157.83999999999978,157.83999999999978,157.83999999999978,157.83999999999978,157.83999999999978,157.83999999999978,157.83999999999978,157.83999999999978,157.83999999999978,157.83999999999978,157.83999999999978,157.83999999999978,157.83999999999978,157.83999999999978,157.83999999999978,157.83999999999978,157.84999999999977,157.84999999999977,157.84999999999977,157.84999999999977,157.84999999999977,157.84999999999977,157.84999999999977,157.84999999999977,157.84999999999977,157.84999999999977,157.84999999999977,157.84999999999977,157.84999999999977,157.84999999999977,157.84999999999977,157.84999999999977,157.84999999999977,157.84999999999977,157.84999999999977,157.84999999999977,157.84999999999977,157.84999999999977,157.84999999999977,157.84999999999977,157.84999999999977,157.84999999999977,157.84999999999977,157.84999999999977,157.84999999999977,157.84999999999977,157.84999999999977,157.84999999999977,157.84999999999977,157.84999999999977,157.85999999999976,157.85999999999976,157.85999999999976,157.85999999999976,157.85999999999976,157.85999999999976,157.85999999999976,157.85999999999976,157.85999999999976,157.85999999999976,157.85999999999976,157.85999999999976,157.85999999999976,157.85999999999976,157.85999999999976,157.85999999999976,157.85999999999976,157.85999999999976,157.85999999999976,157.85999999999976,157.85999999999976,157.85999999999976,157.85999999999976,157.85999999999976,157.85999999999976,157.85999999999976,157.85999999999976,157.85999999999976,157.85999999999976,157.85999999999976,157.85999999999976,157.85999999999976,157.85999999999976,157.85999999999976,157.85999999999976,157.85999999999976,157.85999999999976,157.85999999999976,157.85999999999976,157.85999999999976,157.85999999999976,157.85999999999976,157.85999999999976,157.85999999999976,157.85999999999976,157.85999999999976,157.85999999999976,157.85999999999976,157.85999999999976,157.85999999999976,157.86999999999978,157.86999999999978,157.86999999999978,157.86999999999978,157.86999999999978,157.86999999999978,157.86999999999978,157.86999999999978,157.86999999999978,157.86999999999978,157.86999999999978,157.86999999999978,157.86999999999978,157.86999999999978,157.86999999999978,157.86999999999978,157.86999999999978,157.86999999999978,157.86999999999978,157.86999999999978,157.86999999999978,157.86999999999978,157.86999999999978,157.86999999999978,157.86999999999978,157.86999999999978,157.86999999999978,157.87999999999977,157.87999999999977,157.87999999999977,157.87999999999977,157.87999999999977,157.87999999999977,157.87999999999977,157.87999999999977,157.87999999999977,157.87999999999977,157.87999999999977,157.87999999999977,157.87999999999977,157.87999999999977,157.87999999999977,157.87999999999977,157.87999999999977,157.87999999999977,157.87999999999977,157.87999999999977,157.87999999999977,157.87999999999977,157.87999999999977,157.87999999999977,157.87999999999977,157.87999999999977,157.87999999999977,157.87999999999977,157.87999999999977,157.87999999999977,157.87999999999977,157.87999999999977,157.87999999999977,157.87999999999977,157.87999999999977,157.87999999999977,157.87999999999977,157.87999999999977,157.88999999999976,157.88999999999976,157.88999999999976,157.88999999999976,157.88999999999976,157.88999999999976,157.88999999999976,157.88999999999976,157.88999999999976,157.88999999999976,157.88999999999976,157.88999999999976,157.88999999999976,157.88999999999976,157.88999999999976,157.88999999999976,157.88999999999976,157.88999999999976,157.88999999999976,157.88999999999976,157.88999999999976,157.88999999999976,157.88999999999976,157.88999999999976,157.88999999999976,157.88999999999976,157.88999999999976,157.88999999999976,157.88999999999976,157.88999999999976,157.88999999999976,157.89999999999975,157.89999999999975,157.89999999999975,157.89999999999975,157.89999999999975,157.89999999999975,157.89999999999975,157.89999999999975,157.89999999999975,157.89999999999975,157.89999999999975,157.89999999999975,157.89999999999975,157.89999999999975,157.89999999999975,157.89999999999975,157.89999999999975,157.89999999999975,157.89999999999975,157.89999999999975,157.89999999999975,157.89999999999975,157.89999999999975,157.89999999999975,157.89999999999975,157.89999999999975,157.90999999999977,157.90999999999977,157.90999999999977,157.90999999999977,157.90999999999977,157.90999999999977,157.90999999999977,157.90999999999977,157.90999999999977,157.90999999999977,157.90999999999977,157.90999999999977,157.91999999999976,157.91999999999976,157.91999999999976,157.91999999999976,157.91999999999976,157.91999999999976,157.91999999999976,157.91999999999976,157.91999999999976,157.91999999999976,157.91999999999976,157.91999999999976,157.91999999999976,157.91999999999976,157.91999999999976,157.91999999999976,157.91999999999976,157.91999999999976,157.91999999999976,157.91999999999976,157.91999999999976,157.91999999999976,157.91999999999976,157.91999999999976,157.91999999999976,157.91999999999976,157.91999999999976,157.91999999999976,157.91999999999976,157.91999999999976,157.91999999999976,157.91999999999976,157.91999999999976,157.91999999999976,157.91999999999976,157.91999999999976,157.91999999999976,157.91999999999976,157.92999999999975,157.92999999999975,157.92999999999975,157.92999999999975,157.92999999999975,157.92999999999975,157.92999999999975,157.92999999999975,157.92999999999975,157.92999999999975,157.92999999999975,157.92999999999975,157.92999999999975,157.92999999999975,157.92999999999975,157.92999999999975,157.92999999999975,157.92999999999975,157.92999999999975,157.92999999999975,157.92999999999975,157.92999999999975,157.92999999999975,157.92999999999975,157.92999999999975,157.92999999999975,157.92999999999975,161.61,157.92999999999975,157.92999999999975,157.92999999999975,157.92999999999975,157.92999999999975,157.93999999999977,157.93999999999977,157.93999999999977,157.93999999999977,157.93999999999977,157.93999999999977,157.93999999999977,157.93999999999977,157.93999999999977,161.89000000000001,161.89000000000001,161.89000000000001,161.89000000000001,158.20999999999975,158.20999999999975,158.20999999999975,158.21999999999974,158.21999999999974,158.21999999999974,158.21999999999974,158.21999999999974,158.21999999999974,158.21999999999974,158.21999999999974,158.21999999999974,158.21999999999974,158.21999999999974,158.21999999999974,158.21999999999974,158.21999999999974,158.21999999999974,158.21999999999974,158.21999999999974,158.21999999999974,158.21999999999974,158.21999999999974,158.21999999999974,158.21999999999974,158.21999999999974,158.21999999999974,158.21999999999974,158.21999999999974,158.21999999999974,158.21999999999974,158.21999999999974,158.21999999999974,158.21999999999974,158.21999999999974,158.21999999999974,158.21999999999974,158.21999999999974,158.21999999999974,158.21999999999974,158.21999999999974,158.21999999999974,158.21999999999974,158.21999999999974,158.21999999999974,158.21999999999974,158.21999999999974,158.21999999999974,158.21999999999974,158.21999999999974,158.21999999999974,158.21999999999974,158.21999999999974,158.21999999999974,158.21999999999974,158.21999999999974,158.21999999999974,158.21999999999974,158.22999999999973,158.22999999999973,158.22999999999973,158.22999999999973,158.22999999999973,158.22999999999973,158.22999999999973,158.22999999999973,158.22999999999973,158.22999999999973,158.22999999999973,158.22999999999973,158.22999999999973,158.22999999999973,158.22999999999973,158.22999999999973,158.22999999999973,158.22999999999973,158.22999999999973,158.22999999999973,158.22999999999973,158.22999999999973,158.22999999999973,158.22999999999973,158.22999999999973,158.22999999999973,158.22999999999973,158.22999999999973,158.22999999999973,158.22999999999973,158.22999999999973,158.22999999999973,158.22999999999973,158.22999999999973,158.22999999999973,158.22999999999973,158.22999999999973,158.22999999999973,158.22999999999973,158.22999999999973,158.22999999999973,158.22999999999973,158.22999999999973,158.22999999999973,158.22999999999973,158.22999999999973,158.22999999999973,158.22999999999973,158.22999999999973,158.22999999999973,158.22999999999973,158.22999999999973,158.22999999999973,158.22999999999973,158.22999999999973,158.22999999999973,158.22999999999973,158.22999999999973,158.22999999999973,158.22999999999973,158.22999999999973,158.22999999999973,158.22999999999973,158.22999999999973,158.22999999999973,158.22999999999973,158.22999999999973,158.22999999999973,158.22999999999973,158.23999999999972,158.23999999999972,158.23999999999972,158.23999999999972,158.23999999999972,158.23999999999972,158.23999999999972,158.23999999999972,158.23999999999972,158.23999999999972,158.23999999999972,158.24999999999972,158.24999999999972,158.24999999999972,158.24999999999972,158.24999999999972,158.24999999999972,158.24999999999972,158.24999999999972,158.24999999999972,158.24999999999972,158.24999999999972,158.24999999999972,158.24999999999972,158.24999999999972,158.24999999999972,158.24999999999972,158.24999999999972,158.24999999999972,158.24999999999972,158.24999999999972,158.24999999999972,158.24999999999972,158.24999999999972,158.24999999999972,158.24999999999972,158.24999999999972,158.24999999999972,158.24999999999972,158.24999999999972,158.24999999999972,158.24999999999972,158.24999999999972,158.24999999999972,158.24999999999972,158.24999999999972,158.24999999999972,158.24999999999972,158.24999999999972,158.24999999999972,158.2599999999997,158.2599999999997,158.2599999999997,158.2599999999997,158.2599999999997,158.2599999999997,158.2599999999997,158.2599999999997,158.2599999999997,158.2599999999997,158.2599999999997,158.2599999999997,158.2599999999997,158.2599999999997,158.2599999999997,158.2599999999997,158.2599999999997,158.2599999999997,158.2599999999997,158.26999999999973,158.26999999999973,158.26999999999973,158.26999999999973,158.26999999999973,158.26999999999973,158.26999999999973,158.26999999999973,158.26999999999973,158.26999999999973,158.26999999999973,158.26999999999973,158.26999999999973,158.26999999999973,158.26999999999973,158.26999999999973,158.26999999999973,158.26999999999973,158.26999999999973,158.26999999999973,162.17000000000002,158.26999999999973,162.17000000000002,158.26999999999973,162.17000000000002,158.26999999999973,162.17000000000002,158.26999999999973,162.17000000000002,158.27999999999972,162.17000000000002,158.27999999999972,158.27999999999972,158.28999999999974,158.28999999999974,158.28999999999974,158.28999999999974,158.28999999999974,158.28999999999974,158.28999999999974,158.28999999999974,158.28999999999974,158.28999999999974,158.28999999999974,162.45000000000002,162.45000000000002,162.45000000000002,162.45000000000002,162.45000000000002,162.45000000000002,162.45000000000002,158.28999999999974,158.28999999999974,158.28999999999974,158.28999999999974,158.28999999999974,158.28999999999974,158.28999999999974,158.28999999999974,158.28999999999974,158.28999999999974,158.28999999999974,158.28999999999974,158.28999999999974,158.28999999999974,158.28999999999974,158.28999999999974,158.28999999999974,158.28999999999974,158.28999999999974,158.28999999999974,158.28999999999974,158.28999999999974,158.28999999999974,158.28999999999974,158.28999999999974,158.28999999999974,158.28999999999974,158.28999999999974,158.28999999999974,158.28999999999974,158.29999999999973,158.29999999999973,158.29999999999973,158.29999999999973,158.29999999999973,158.29999999999973,158.29999999999973,158.29999999999973,158.29999999999973,158.29999999999973,158.29999999999973,158.29999999999973,158.30999999999975,158.30999999999975,158.30999999999975,158.30999999999975,158.30999999999975,158.30999999999975,158.30999999999975,158.30999999999975,158.30999999999975,158.30999999999975,162.73000000000002,162.73000000000002,158.30999999999975,158.30999999999975,158.30999999999975,158.30999999999975,158.30999999999975,158.30999999999975,158.30999999999975,158.30999999999975,158.30999999999975,158.30999999999975,158.30999999999975,158.30999999999975,158.30999999999975,158.30999999999975,158.30999999999975,158.30999999999975,158.30999999999975,158.30999999999975,158.30999999999975,158.31999999999974,158.31999999999974,158.31999999999974,158.31999999999974,158.31999999999974,158.31999999999974,158.31999999999974,158.31999999999974,158.31999999999974,158.31999999999974,158.31999999999974,158.31999999999974,158.31999999999974,158.31999999999974,158.31999999999974,158.31999999999974,158.31999999999974,158.31999999999974,158.31999999999974,158.31999999999974,158.31999999999974,158.31999999999974,158.31999999999974,158.31999999999974,158.31999999999974,158.31999999999974,158.31999999999974,158.31999999999974,158.31999999999974,158.31999999999974,158.31999999999974,158.31999999999974,158.31999999999974,158.31999999999974,158.31999999999974,158.31999999999974,158.31999999999974,158.31999999999974,158.31999999999974,158.31999999999974,158.31999999999974,158.31999999999974,158.31999999999974,158.31999999999974,158.31999999999974,158.31999999999974,158.31999999999974,158.31999999999974,158.31999999999974,158.31999999999974,158.31999999999974,158.31999999999974,158.31999999999974,158.31999999999974,158.31999999999974,158.31999999999974,158.31999999999974,158.31999999999974,158.31999999999974,158.31999999999974,158.31999999999974,158.31999999999974,158.31999999999974,158.31999999999974,158.31999999999974,158.31999999999974,158.31999999999974,158.31999999999974,158.31999999999974,158.31999999999974,158.31999999999974,158.31999999999974,158.31999999999974,158.31999999999974,158.31999999999974,158.31999999999974,158.31999999999974,158.31999999999974,158.31999999999974,158.31999999999974,158.31999999999974,158.32999999999973,158.32999999999973,158.32999999999973,158.32999999999973,158.32999999999973,158.32999999999973,158.32999999999973,158.32999999999973,158.32999999999973,158.32999999999973,158.32999999999973,158.32999999999973,158.32999999999973,158.32999999999973,158.32999999999973,158.32999999999973,158.32999999999973,158.32999999999973,158.32999999999973,158.32999999999973,158.32999999999973,158.32999999999973,158.32999999999973,158.32999999999973,158.32999999999973,158.32999999999973,158.32999999999973,158.32999999999973,158.32999999999973,158.32999999999973,158.32999999999973,158.32999999999973,158.32999999999973,158.32999999999973,158.32999999999973,158.32999999999973,158.32999999999973,158.32999999999973,158.32999999999973,158.32999999999973,158.32999999999973,158.32999999999973,158.32999999999973,158.32999999999973,158.32999999999973,158.32999999999973,158.32999999999973,158.32999999999973,158.32999999999973,158.32999999999973,158.32999999999973,158.32999999999973,158.32999999999973,158.32999999999973,158.32999999999973,158.32999999999973,158.32999999999973,158.32999999999973,158.32999999999973,158.32999999999973,158.32999999999973,158.32999999999973,158.32999999999973,158.32999999999973,158.32999999999973,158.32999999999973,163.01000000000002,158.32999999999973,163.01000000000002,158.32999999999973,163.01000000000002,158.32999999999973,158.32999999999973,158.32999999999973,158.32999999999973,158.32999999999973,158.32999999999973,158.32999999999973,158.32999999999973,158.32999999999973,158.32999999999973,158.32999999999973,158.32999999999973,158.32999999999973,158.32999999999973,158.32999999999973,158.32999999999973,158.32999999999973,158.32999999999973,158.32999999999973,158.32999999999973,158.32999999999973,158.32999999999973,158.32999999999973,158.32999999999973,158.32999999999973,158.32999999999973,158.32999999999973,158.32999999999973,158.32999999999973,158.32999999999973,158.32999999999973,158.32999999999973,158.32999999999973,158.32999999999973,158.32999999999973,158.32999999999973,158.32999999999973,158.32999999999973,158.32999999999973,158.32999999999973,158.32999999999973,158.32999999999973,158.32999999999973,158.32999999999973,158.32999999999973,158.32999999999973,158.32999999999973,158.32999999999973,158.33999999999972,158.33999999999972,158.33999999999972,158.33999999999972,158.33999999999972,158.33999999999972,158.33999999999972,158.33999999999972,158.33999999999972,158.33999999999972,158.33999999999972,158.33999999999972,158.33999999999972,158.33999999999972,158.33999999999972,158.33999999999972,158.33999999999972,158.33999999999972,158.33999999999972,158.33999999999972,158.33999999999972,158.33999999999972,158.33999999999972,158.33999999999972,158.33999999999972,158.33999999999972,158.33999999999972,158.33999999999972,158.33999999999972,158.33999999999972,158.33999999999972,158.33999999999972,158.33999999999972,158.33999999999972,158.33999999999972,158.33999999999972,158.33999999999972,158.33999999999972,158.33999999999972,158.33999999999972,158.33999999999972,158.33999999999972,158.33999999999972,158.33999999999972,158.33999999999972,158.33999999999972,158.33999999999972,158.33999999999972,158.33999999999972,158.33999999999972,158.33999999999972,158.33999999999972,158.34999999999974,158.34999999999974,158.34999999999974,158.34999999999974,158.34999999999974,158.34999999999974,158.34999999999974,158.34999999999974,158.34999999999974,158.34999999999974,158.34999999999974,158.34999999999974,158.35999999999973,158.35999999999973,158.35999999999973,158.35999999999973,158.35999999999973,158.35999999999973,158.35999999999973,158.35999999999973,158.35999999999973,158.35999999999973,158.35999999999973,158.35999999999973,158.35999999999973,158.35999999999973,158.35999999999973,158.35999999999973,158.35999999999973,158.35999999999973,158.35999999999973,158.35999999999973,158.35999999999973,158.35999999999973,158.35999999999973,158.35999999999973,158.35999999999973,158.35999999999973,158.35999999999973,158.35999999999973,158.36999999999972,158.36999999999972,158.36999999999972,158.36999999999972,158.36999999999972,158.36999999999972,158.36999999999972,158.36999999999972,158.36999999999972,158.36999999999972,158.36999999999972,158.36999999999972,158.36999999999972,158.36999999999972,158.36999999999972,158.36999999999972,158.36999999999972,158.36999999999972,158.36999999999972,158.36999999999972,158.36999999999972,158.36999999999972,158.36999999999972,158.36999999999972,158.36999999999972,158.36999999999972,158.36999999999972,158.36999999999972,158.37999999999974,158.37999999999974,158.37999999999974,158.37999999999974,158.37999999999974,158.37999999999974,158.37999999999974,158.37999999999974,158.37999999999974,158.37999999999974,158.37999999999974,158.37999999999974,158.37999999999974,158.38999999999973,158.38999999999973,158.38999999999973,158.38999999999973,158.38999999999973,158.38999999999973,158.38999999999973,158.38999999999973,158.38999999999973,158.38999999999973,158.38999999999973,158.38999999999973,158.38999999999973,158.38999999999973,158.38999999999973,158.38999999999973,158.38999999999973,158.38999999999973,158.38999999999973,158.38999999999973,158.38999999999973,158.38999999999973,158.38999999999973,158.38999999999973,158.38999999999973,158.38999999999973,158.38999999999973,158.38999999999973,158.38999999999973,158.38999999999973,158.38999999999973,158.38999999999973,158.38999999999973,158.38999999999973,158.38999999999973,158.38999999999973,158.38999999999973,158.38999999999973,158.38999999999973,158.38999999999973,163.29000000000002,158.38999999999973,163.29000000000002,158.38999999999973,163.29000000000002,158.38999999999973,163.29000000000002,158.38999999999973,163.29000000000002,158.38999999999973,163.29000000000002,158.38999999999973,163.29000000000002,158.38999999999973,163.29000000000002,158.38999999999973,163.29000000000002,158.38999999999973,163.29000000000002,158.38999999999973,158.38999999999973,158.38999999999973,158.38999999999973,158.38999999999973,158.38999999999973,158.38999999999973,158.38999999999973,158.38999999999973,158.38999999999973,158.38999999999973,158.38999999999973,158.38999999999973,158.38999999999973,158.38999999999973,158.38999999999973,158.38999999999973,158.38999999999973,158.38999999999973,158.38999999999973,158.38999999999973,158.38999999999973,158.38999999999973,158.38999999999973,158.38999999999973,158.38999999999973,158.38999999999973,158.38999999999973,158.38999999999973,158.38999999999973,158.38999999999973,158.38999999999973,158.38999999999973,158.38999999999973,158.38999999999973,158.38999999999973,158.38999999999973,158.38999999999973,158.38999999999973,158.39999999999972,158.39999999999972,158.39999999999972,158.39999999999972,158.39999999999972,158.39999999999972,158.39999999999972,158.39999999999972,158.39999999999972,158.39999999999972,158.39999999999972,158.39999999999972,158.4099999999997,158.4099999999997,158.4099999999997,158.4099999999997,158.4099999999997,158.4099999999997,158.4099999999997,158.4099999999997,158.4099999999997,158.4099999999997,158.4099999999997,158.4099999999997,158.4099999999997,158.4099999999997,158.4099999999997,158.4099999999997,158.4099999999997,158.4099999999997,158.4099999999997,158.4099999999997,158.4099999999997,158.4099999999997,158.4099999999997,158.4099999999997,158.4099999999997,158.4199999999997,158.4199999999997,158.4199999999997,158.4199999999997,158.4199999999997,158.4199999999997,158.4199999999997,158.4199999999997,158.4199999999997,158.4199999999997,158.4199999999997,158.4199999999997,158.4199999999997,158.4199999999997,158.4199999999997,158.4199999999997,158.4199999999997,158.4199999999997,158.4199999999997,158.4199999999997,158.4199999999997,158.4199999999997,158.4199999999997,158.4199999999997,158.4199999999997,158.42999999999972,158.42999999999972,158.42999999999972,158.42999999999972,158.42999999999972,158.42999999999972,158.4399999999997,158.4399999999997,158.4399999999997,158.4399999999997,158.4399999999997,158.4399999999997,158.4399999999997,158.4499999999997,158.4499999999997,158.4499999999997,158.4499999999997,158.4499999999997,158.4499999999997,158.4499999999997,158.4499999999997,158.4499999999997,158.4499999999997,158.4499999999997,158.4499999999997,158.45999999999972,158.45999999999972,158.45999999999972,158.45999999999972,158.45999999999972,158.45999999999972,158.45999999999972,158.45999999999972,158.45999999999972,158.45999999999972,158.45999999999972,158.45999999999972,158.46999999999971,158.46999999999971,158.46999999999971,158.46999999999971,158.46999999999971,158.46999999999971,158.46999999999971,158.46999999999971,158.46999999999971,158.46999999999971,158.46999999999971,158.46999999999971,158.46999999999971,158.46999999999971,158.46999999999971,158.46999999999971,158.46999999999971,158.46999999999971,158.46999999999971,158.46999999999971,158.46999999999971,158.46999999999971,158.46999999999971,158.46999999999971,158.46999999999971,158.46999999999971,158.46999999999971,158.47999999999973,158.47999999999973,158.47999999999973,158.47999999999973,158.47999999999973,158.47999999999973,158.47999999999973,158.47999999999973,158.47999999999973,158.47999999999973,158.47999999999973,158.47999999999973,158.47999999999973,158.47999999999973,158.47999999999973,158.47999999999973,158.47999999999973,158.47999999999973,158.47999999999973,158.47999999999973,158.47999999999973,158.47999999999973,158.47999999999973,158.47999999999973,158.47999999999973,158.47999999999973,158.47999999999973,158.47999999999973,158.47999999999973,158.47999999999973,158.47999999999973,158.47999999999973,158.47999999999973,158.47999999999973,158.47999999999973,158.47999999999973,158.47999999999973,158.47999999999973,158.47999999999973,158.47999999999973,158.47999999999973,158.47999999999973,158.47999999999973,158.47999999999973,158.47999999999973,163.57000000000002,158.47999999999973,163.57000000000002,158.47999999999973,163.57000000000002,158.47999999999973,163.57000000000002,158.47999999999973,163.57000000000002,158.47999999999973,163.57000000000002,158.47999999999973,163.57000000000002,158.48999999999972,163.57000000000002,158.48999999999972,158.48999999999972,158.48999999999972,158.48999999999972,158.48999999999972,158.48999999999972,158.48999999999972,158.48999999999972,158.48999999999972,158.48999999999972,158.48999999999972,158.48999999999972,158.48999999999972,158.48999999999972,158.48999999999972,158.48999999999972,158.48999999999972,158.48999999999972,158.48999999999972,158.48999999999972,158.48999999999972,158.48999999999972,158.48999999999972,158.48999999999972,158.48999999999972,158.48999999999972,158.48999999999972,158.48999999999972,158.48999999999972,158.48999999999972,158.48999999999972,158.48999999999972,158.48999999999972,158.48999999999972,158.48999999999972,158.48999999999972,158.48999999999972,158.48999999999972,158.48999999999972,158.48999999999972,158.48999999999972,158.48999999999972,158.48999999999972,158.48999999999972,158.48999999999972,158.48999999999972,158.48999999999972,158.48999999999972,163.57000000000002,163.57000000000002,158.48999999999972,158.48999999999972,158.48999999999972,158.48999999999972,158.49999999999972,158.49999999999972,158.49999999999972,158.49999999999972,158.49999999999972,158.49999999999972,158.49999999999972,158.49999999999972,158.49999999999972,158.49999999999972,158.49999999999972,158.49999999999972,158.49999999999972,158.49999999999972,158.49999999999972,158.49999999999972,158.49999999999972,158.49999999999972,158.49999999999972,158.49999999999972,158.49999999999972,158.49999999999972,158.49999999999972,158.49999999999972,158.49999999999972,158.49999999999972,158.49999999999972,158.49999999999972,158.49999999999972,158.49999999999972,158.49999999999972,158.49999999999972,158.49999999999972,158.49999999999972,158.49999999999972,158.49999999999972,158.49999999999972,158.49999999999972,158.49999999999972,158.49999999999972,158.49999999999972,158.49999999999972,158.49999999999972,158.49999999999972,158.49999999999972,158.49999999999972,158.49999999999972,158.49999999999972,158.49999999999972,158.49999999999972,158.49999999999972,158.49999999999972,158.49999999999972,158.49999999999972,158.49999999999972,158.49999999999972,158.49999999999972,158.49999999999972,158.49999999999972,158.49999999999972,158.49999999999972,158.49999999999972,158.49999999999972,158.49999999999972,158.49999999999972,158.49999999999972,158.49999999999972,158.49999999999972,158.49999999999972,158.49999999999972,158.49999999999972,158.49999999999972,158.49999999999972,158.49999999999972,158.49999999999972,158.49999999999972,158.49999999999972,158.49999999999972,158.49999999999972,158.49999999999972,158.49999999999972,158.49999999999972,158.49999999999972,158.49999999999972,158.5099999999997,158.5099999999997,158.5099999999997,158.5099999999997,158.5099999999997,158.5099999999997,158.5099999999997,158.5099999999997,158.5099999999997,158.5099999999997,158.5099999999997,158.5099999999997,158.51999999999973,158.51999999999973,158.51999999999973,158.51999999999973,158.51999999999973,158.51999999999973,158.51999999999973,158.51999999999973,158.51999999999973,158.51999999999973,158.51999999999973,158.51999999999973,158.51999999999973,158.52999999999972,158.52999999999972,158.52999999999972,158.52999999999972,158.52999999999972,158.52999999999972,158.52999999999972,158.52999999999972,158.52999999999972,158.52999999999972,158.52999999999972,158.52999999999972,158.5399999999997,158.5399999999997,158.5399999999997,158.5399999999997,158.5399999999997,158.5399999999997,158.5399999999997,158.5399999999997,158.5399999999997,158.5399999999997,158.5399999999997,158.5399999999997,158.5399999999997,158.54999999999973,158.54999999999973,158.54999999999973,158.54999999999973,158.54999999999973,158.54999999999973,158.54999999999973,158.54999999999973,158.54999999999973,158.54999999999973,158.54999999999973,158.54999999999973,158.54999999999973,158.54999999999973,158.54999999999973,158.54999999999973,158.54999999999973,158.54999999999973,158.54999999999973,158.54999999999973,158.54999999999973,158.54999999999973,158.54999999999973,158.54999999999973,158.54999999999973,158.54999999999973,158.54999999999973,158.54999999999973,158.54999999999973,158.54999999999973,158.54999999999973,158.54999999999973,158.54999999999973,163.85000000000002,158.54999999999973,163.85000000000002,158.54999999999973,158.54999999999973,158.54999999999973,158.54999999999973,158.54999999999973,158.54999999999973,158.54999999999973,158.54999999999973,158.54999999999973,158.54999999999973,158.54999999999973,158.54999999999973,158.54999999999973,158.54999999999973,158.54999999999973,158.54999999999973,158.54999999999973,158.54999999999973,158.54999999999973,164.12000000000003,164.12000000000003,164.12000000000003,164.12000000000003,164.12000000000003,164.12000000000003,164.12000000000003,164.12000000000003,164.12000000000003,164.12000000000003,158.82999999999973,158.82999999999973,158.82999999999973,158.82999999999973,158.82999999999973,158.82999999999973,158.82999999999973,158.82999999999973,158.82999999999973,158.82999999999973,158.82999999999973,158.82999999999973,158.82999999999973,158.82999999999973,158.82999999999973,158.82999999999973,158.82999999999973,158.82999999999973,158.82999999999973,158.82999999999973,158.82999999999973,158.82999999999973,158.82999999999973,158.82999999999973,158.82999999999973,158.82999999999973,158.82999999999973,158.82999999999973,158.82999999999973,158.82999999999973,158.82999999999973,158.82999999999973,158.82999999999973,158.82999999999973,158.82999999999973,158.82999999999973,158.83999999999972,158.83999999999972,158.83999999999972,158.83999999999972,158.83999999999972,158.83999999999972,158.83999999999972,158.83999999999972,158.83999999999972,158.83999999999972,158.83999999999972,158.83999999999972,158.83999999999972,158.83999999999972,158.83999999999972,158.83999999999972,158.83999999999972,158.83999999999972,158.83999999999972,158.83999999999972,158.83999999999972,158.83999999999972,158.83999999999972,158.83999999999972,158.83999999999972,158.83999999999972,158.83999999999972,158.83999999999972,158.83999999999972,158.83999999999972,158.83999999999972,158.83999999999972,158.83999999999972,158.83999999999972,158.83999999999972,158.83999999999972,158.83999999999972,158.8499999999997,158.8499999999997,158.8499999999997,158.8499999999997,158.8499999999997,158.8499999999997,158.8499999999997,158.8499999999997,158.8499999999997,158.8499999999997,158.8499999999997,158.8499999999997,158.8499999999997,158.8499999999997,158.8499999999997,158.8499999999997,158.8499999999997,158.8499999999997,158.8499999999997,158.8499999999997,158.8499999999997,158.8499999999997,158.8499999999997,158.8499999999997,158.8499999999997,158.8499999999997,158.8499999999997,158.8499999999997,158.8499999999997,158.8499999999997,158.8499999999997,158.8499999999997,158.8499999999997,158.8499999999997,158.8499999999997,158.8499999999997,158.8499999999997,158.8499999999997,158.8599999999997,158.8599999999997,158.8599999999997,158.8599999999997,158.8599999999997,158.8599999999997,158.8599999999997,158.8599999999997,158.8599999999997,158.8599999999997,158.8599999999997,158.8599999999997,158.8599999999997,158.8599999999997,158.8599999999997,158.8599999999997,158.8599999999997,158.8599999999997,158.8599999999997,158.8599999999997,158.8599999999997,158.8599999999997,158.8599999999997,158.8599999999997,158.8599999999997,158.8599999999997,158.8599999999997,158.8599999999997,158.8599999999997,158.8599999999997,158.8599999999997,158.8599999999997,158.8599999999997,158.8599999999997,158.8599999999997,158.8599999999997,158.8599999999997,158.8599999999997,158.8599999999997,158.8599999999997,158.8699999999997,158.8699999999997,158.8699999999997,158.8699999999997,158.8699999999997,158.8699999999997,158.8699999999997,158.8699999999997,158.8699999999997,158.8699999999997,158.8699999999997,158.8699999999997,158.8699999999997,158.8699999999997,158.8699999999997,158.8699999999997,158.8699999999997,158.8699999999997,158.8699999999997,158.8699999999997,158.8699999999997,158.8699999999997,158.8699999999997,158.8699999999997,158.8699999999997,
158.8699999999997,158.8699999999997,158.8699999999997,158.8699999999997,164.12000000000003,158.8699999999997,164.12000000000003,158.8699999999997,164.12000000000003,158.8699999999997,164.12000000000003,158.8699999999997,164.12000000000003,158.8699999999997,164.12000000000003,158.8699999999997,164.12000000000003,158.8699999999997,164.12000000000003,158.8699999999997,164.12000000000003,158.8699999999997,164.12000000000003,158.8699999999997,164.12000000000003,158.8699999999997,158.8699999999997,158.8699999999997,158.8699999999997,158.8699999999997,158.8699999999997,158.8699999999997,158.8699999999997,158.8699999999997,158.8699999999997,158.8699999999997,158.88999999999967,158.8999999999997,158.8999999999997,158.8999999999997,158.90999999999968,158.90999999999968,158.90999999999968,158.90999999999968,158.90999999999968,158.90999999999968,158.91999999999967,158.91999999999967,158.91999999999967,158.9299999999997,158.9299999999997,158.93999999999969,158.9499999999997,158.9499999999997,158.9599999999997,158.9599999999997,158.9599999999997,158.97999999999968,158.97999999999968,158.97999999999968,158.97999999999968,158.9899999999997,159.0199999999997,159.03999999999968,159.03999999999968,159.0499999999997,159.0499999999997,159.0799999999997,159.0799999999997,164.12000000000003,164.12000000000003,164.12000000000003,159.0899999999997,159.1099999999997,159.1099999999997,159.1299999999997,159.1499999999997,159.1499999999997,159.1699999999997,159.1699999999997,159.1699999999997,159.1699999999997,159.1699999999997,159.1899999999997,159.1899999999997,159.1899999999997,159.2099999999997,159.2099999999997,159.2399999999997,159.2599999999997,159.2599999999997,159.2799999999997,159.2799999999997,159.2799999999997,159.2799999999997,159.3299999999997,159.3499999999997,159.3499999999997,164.12000000000003,164.12000000000003,159.3699999999997,159.3699999999997,159.4099999999997,159.4199999999997,159.4199999999997,159.4899999999997,159.4899999999997,159.4899999999997,159.4899999999997,159.4899999999997,159.5199999999997,159.5199999999997,159.5499999999997,159.5499999999997,164.12000000000003,164.12000000000003,164.12000000000003,164.12000000000003,164.12000000000003,164.12000000000003,164.12000000000003,164.12000000000003,164.12000000000003,159.6299999999997,159.6299999999997,159.6599999999997,159.7199999999997,159.7199999999997,159.7199999999997,159.7499999999997,159.7499999999997,159.8099999999997,159.8399999999997,159.8499999999997,164.12000000000003,164.12000000000003,164.12000000000003,159.8799999999997,159.8799999999997,159.90999999999968,159.90999999999968,159.90999999999968,159.90999999999968,159.90999999999968,159.93999999999969,160.00999999999968,160.00999999999968,160.00999999999968,160.0499999999997,160.0499999999997,160.0499999999997,164.12000000000003,164.12000000000003,164.12000000000003,164.12000000000003,160.0899999999997,160.0899999999997,160.1199999999997,160.1199999999997,160.1199999999997,160.1499999999997,160.18999999999969,160.18999999999969,160.2299999999997,160.2299999999997,160.2599999999997,164.12000000000003,164.12000000000003,164.12000000000003,160.2999999999997,164.12000000000003,164.12000000000003,164.12000000000003,164.12000000000003,160.3399999999997,160.3399999999997,160.3399999999997,160.37999999999968,160.37999999999968,160.41999999999967,160.41999999999967,160.4999999999997,164.12000000000003,164.12000000000003,164.12000000000003,164.12000000000003,164.12000000000003,164.12000000000003,164.12000000000003,164.12000000000003,164.12000000000003,160.53999999999968,164.12000000000003,164.12000000000003,164.12000000000003,164.12000000000003,164.12000000000003,164.12000000000003,164.12000000000003,164.12000000000003,164.12000000000003,164.12000000000003,164.12000000000003,164.12000000000003,164.12000000000003,164.12000000000003,164.12000000000003,164.12000000000003,164.12000000000003,164.12000000000003,164.12000000000003,164.12000000000003,164.12000000000003,164.12000000000003,164.12000000000003,164.12000000000003,164.12000000000003,164.12000000000003,164.12000000000003,164.12000000000003,164.12000000000003,164.12000000000003,164.12000000000003,164.12000000000003,164.12000000000003,164.12000000000003,164.12000000000003,164.12000000000003,164.12000000000003,164.12000000000003,164.12000000000003,164.12000000000003,164.12000000000003,164.12000000000003,164.12000000000003,164.12000000000003,164.12000000000003,164.12000000000003,164.12000000000003,164.12000000000003,164.12000000000003,164.12000000000003,164.12000000000003,164.12000000000003,164.12000000000003,164.12000000000003,164.12000000000003,164.12000000000003,164.12000000000003,164.12000000000003,164.12000000000003,164.12000000000003,164.12000000000003,164.12000000000003,164.12000000000003,164.12000000000003,160.62999999999968,164.12000000000003,160.62999999999968,164.12000000000003,160.62999999999968,164.12000000000003,160.62999999999968,164.12000000000003,160.62999999999968,164.12000000000003,164.12000000000003,164.12000000000003,164.12000000000003,164.12000000000003,164.12000000000003,164.12000000000003,164.12000000000003,164.12000000000003,164.12000000000003,164.13000000000002,164.13000000000002,164.13000000000002,164.13000000000002,164.13000000000002,164.14000000000004,164.14000000000004,164.14000000000004,164.14000000000004,164.14000000000004,164.14000000000004,164.14000000000004,164.14000000000004,164.14000000000004,164.14000000000004,164.14000000000004,164.14000000000004,164.14000000000004,164.14000000000004,164.14000000000004,164.14000000000004,164.14000000000004,164.14000000000004,160.62999999999968,164.14000000000004,164.14000000000004,164.14000000000004,164.14000000000004,164.14000000000004,164.14000000000004,164.14000000000004,164.14000000000004,164.14000000000004,164.15000000000003,164.15000000000003,164.15000000000003,164.15000000000003,164.15000000000003,164.15000000000003,164.15000000000003,164.15000000000003,164.15000000000003,164.15000000000003,164.15000000000003,164.15000000000003,164.15000000000003,164.15000000000003,164.15000000000003,164.15000000000003,164.15000000000003,164.15000000000003,164.15000000000003,164.15000000000003,164.15000000000003,164.15000000000003,164.15000000000003,164.15000000000003,164.15000000000003,164.15000000000003,160.66999999999967,164.15000000000003,164.15000000000003,164.15000000000003,164.15000000000003,164.15000000000003,164.15000000000003,164.15000000000003,164.15000000000003,164.15000000000003,164.15000000000003,164.15000000000003,164.15000000000003,164.15000000000003,164.15000000000003,164.15000000000003,164.15000000000003,164.15000000000003,164.15000000000003,164.15000000000003,164.15000000000003,164.15000000000003,164.15000000000003,164.15000000000003,164.15000000000003,164.15000000000003,164.15000000000003,164.15000000000003,164.15000000000003,164.15000000000003,164.15000000000003,164.15000000000003,164.15000000000003,164.15000000000003,164.15000000000003,164.15000000000003,164.15000000000003,164.15000000000003,164.15000000000003,164.15000000000003,164.15000000000003,164.15000000000003,164.15000000000003,164.15000000000003,164.15000000000003,164.15000000000003,164.15000000000003,164.15000000000003,164.15000000000003,164.15000000000003,164.15000000000003,164.15000000000003,164.15000000000003,164.15000000000003,164.15000000000003,164.15000000000003,164.15000000000003,164.15000000000003,164.15000000000003,164.15000000000003,164.15000000000003,164.15000000000003,164.15000000000003,164.15000000000003,164.15000000000003,164.15000000000003,164.15000000000003,164.15000000000003,164.15000000000003,164.15000000000003,164.15000000000003,164.15000000000003,164.15000000000003,164.16000000000003,164.16000000000003,160.75999999999968,164.16000000000003,164.16000000000003,164.16000000000003,164.16000000000003,164.16000000000003,164.16000000000003,164.16000000000003,164.16000000000003,164.16000000000003,164.16000000000003,164.16000000000003,164.16000000000003,164.16000000000003,164.16000000000003,164.17000000000002,164.17000000000002,164.17000000000002,164.17000000000002,164.17000000000002,164.17000000000002,164.17000000000002,164.17000000000002,164.17000000000002,164.17000000000002,164.17000000000002,164.17000000000002,164.17000000000002,164.17000000000002,164.17000000000002,164.17000000000002,164.17000000000002,164.17000000000002,164.17000000000002,164.17000000000002,164.17000000000002,164.17000000000002,164.17000000000002,160.80999999999966,164.17000000000002,164.17000000000002,164.17000000000002,164.17000000000002,164.18,164.18,164.18,164.18,164.18,164.18,164.18,164.18,164.18,164.18,164.18,164.18,164.19,164.19,164.19,164.19,164.19,164.19,164.19,164.19,164.19,164.19,164.19,164.19,164.19,164.19,164.19,164.19,164.19,164.19,164.19,164.19,164.19,164.19,160.85999999999967,164.19,164.19,164.19,164.19,164.19,164.20000000000002,164.20000000000002,164.20000000000002,164.20000000000002,164.20000000000002,164.20000000000002,164.20000000000002,164.20000000000002,164.20000000000002,164.20000000000002,164.20000000000002,164.20000000000002,164.20000000000002,164.20000000000002,164.20000000000002,164.20000000000002,164.20000000000002,164.20000000000002,164.20000000000002,164.20000000000002,164.20000000000002,164.20000000000002,164.20000000000002,164.20000000000002,164.20000000000002,164.20000000000002,164.20000000000002,164.20000000000002,164.20000000000002,164.20000000000002,164.20000000000002,164.20000000000002,164.20000000000002,164.20000000000002,164.20000000000002,164.20000000000002,164.20000000000002,164.20000000000002,164.20000000000002,164.20000000000002,164.20000000000002,164.20000000000002,164.20000000000002,164.20000000000002,164.20000000000002,164.20000000000002,164.20000000000002,164.20000000000002,164.20000000000002,164.20000000000002,164.20000000000002,164.20000000000002,164.20000000000002,164.20000000000002,164.20000000000002,164.20000000000002,164.20000000000002,164.20000000000002,164.20000000000002,164.20000000000002,164.20000000000002,164.20000000000002,164.20000000000002,164.20000000000002,164.20000000000002,164.20000000000002,160.94999999999968,164.20000000000002,164.20000000000002,164.20000000000002,164.20000000000002,164.20000000000002,164.20000000000002,164.20000000000002,164.20000000000002,164.20000000000002,164.20000000000002,164.20000000000002,164.20000000000002,164.20000000000002,164.20000000000002,164.20000000000002,164.20000000000002,164.20000000000002,164.20000000000002,164.20000000000002,164.20000000000002,164.20000000000002,164.20000000000002,164.20000000000002,164.20000000000002,164.21,164.21,164.21,164.21,164.21,164.21,164.21,164.21,164.21,164.21,164.21,164.21,164.21,164.21,164.21,164.21,164.21,164.21,164.21,164.21,164.21,164.21,164.21,164.21,164.21,164.21,164.21,164.21,164.21,164.22,164.22,164.22,164.22,164.22,164.22,164.22,164.22,164.22,164.22,164.22,164.22,164.23,164.23,164.23,164.23,164.23,164.23,164.23,164.23,164.23,164.23,164.23,164.23,161.04999999999967,164.23,164.23,164.23,164.23,164.23,164.23,164.23,164.23,164.23,164.23,164.23,164.23,164.23,164.23,164.23,164.23,164.23,164.23,164.23,164.23,164.23,164.23,164.23,164.23,164.23,164.23,164.23999999999998,164.23999999999998,164.23999999999998,164.23999999999998,164.23999999999998,164.23999999999998,164.23999999999998,164.23999999999998,164.23999999999998,164.23999999999998,164.23999999999998,164.23999999999998,164.23999999999998,161.04999999999967,164.23999999999998,161.04999999999967,164.23999999999998,161.04999999999967,164.23999999999998,164.23999999999998,164.23999999999998,164.24999999999997,164.24999999999997,164.24999999999997,164.24999999999997,164.24999999999997,164.24999999999997,164.24999999999997,164.24999999999997,164.24999999999997,164.24999999999997,164.24999999999997,164.24999999999997,164.24999999999997,164.24999999999997,164.24999999999997,164.24999999999997,164.24999999999997,164.24999999999997,164.24999999999997,164.24999999999997,164.24999999999997,164.24999999999997,164.24999999999997,164.24999999999997,164.24999999999997,164.24999999999997,164.24999999999997,164.24999999999997,164.24999999999997,164.24999999999997,164.24999999999997,164.24999999999997,164.24999999999997,164.24999999999997,161.09999999999965,164.24999999999997,161.09999999999965,164.24999999999997,164.24999999999997,164.24999999999997,164.24999999999997,164.24999999999997,164.24999999999997,164.24999999999997,164.24999999999997,164.24999999999997,164.24999999999997,164.24999999999997,164.24999999999997,164.24999999999997,164.24999999999997,164.24999999999997,164.24999999999997,164.24999999999997,164.25999999999996,164.25999999999996,164.25999999999996,164.25999999999996,164.25999999999996,164.25999999999996,164.25999999999996,164.25999999999996,164.25999999999996,164.25999999999996,164.25999999999996,164.25999999999996,164.26999999999998,164.26999999999998,164.26999999999998,164.26999999999998,164.26999999999998,164.26999999999998,164.26999999999998,164.26999999999998,164.26999999999998,161.14999999999966,164.26999999999998,161.14999999999966,164.26999999999998,161.14999999999966,164.26999999999998,164.26999999999998,164.26999999999998,164.26999999999998,164.26999999999998,164.26999999999998,164.26999999999998,164.26999999999998,164.26999999999998,164.26999999999998,164.26999999999998,164.26999999999998,164.26999999999998,164.26999999999998,164.26999999999998,164.26999999999998,164.26999999999998,164.26999999999998,164.26999999999998,164.26999999999998,164.26999999999998,164.26999999999998,164.26999999999998,164.26999999999998,164.26999999999998,164.26999999999998,164.26999999999998,164.27999999999997,164.27999999999997,164.27999999999997,164.27999999999997,164.27999999999997,164.27999999999997,164.27999999999997,164.27999999999997,164.27999999999997,164.27999999999997,164.27999999999997,164.27999999999997,164.27999999999997,164.27999999999997,164.27999999999997,164.27999999999997,164.27999999999997,164.27999999999997,164.27999999999997,164.27999999999997,164.27999999999997,164.27999999999997,164.27999999999997,164.27999999999997,164.27999999999997,164.27999999999997,164.27999999999997,164.27999999999997,164.27999999999997,164.27999999999997,164.27999999999997,164.27999999999997,164.27999999999997,164.27999999999997,164.27999999999997,164.27999999999997,164.27999999999997,164.27999999999997,164.27999999999997,164.27999999999997,164.27999999999997,164.27999999999997,164.27999999999997,164.27999999999997,164.29,164.29,164.29,164.29,161.24999999999966,164.29,164.29,164.29,164.29,164.29,164.29,164.29,164.29,164.29,164.29,164.29,164.29,164.29,164.29,164.29,164.29,164.29,164.29,164.29,164.29,164.29,164.29,164.29,164.29,164.29,164.29,164.29,164.29,164.29,164.29,164.29,164.29,164.29,164.29,164.29,164.29,164.29,164.29,164.29,164.29,161.29999999999967,164.29,161.29999999999967,164.29,161.29999999999967,164.29,164.29,164.29,164.29,164.29,164.29,164.29,164.29999999999998,164.29999999999998,164.29999999999998,164.29999999999998,164.29999999999998,164.29999999999998,164.29999999999998,164.29999999999998,164.29999999999998,164.29999999999998,164.29999999999998,164.29999999999998,164.29999999999998,164.29999999999998,164.29999999999998,164.29999999999998,164.29999999999998,164.29999999999998,164.29999999999998,164.29999999999998,164.29999999999998,164.29999999999998,164.29999999999998,164.29999999999998,164.29999999999998,164.29999999999998,164.31,164.31,164.31,164.31,164.31,164.31,164.31,164.31,164.31,161.34999999999968,164.31,161.34999999999968,164.31,161.34999999999968,164.31,161.34999999999968,164.31,161.34999999999968,164.31,161.34999999999968,164.31,164.31,164.31,164.31,164.31,164.31,164.31,164.31,164.31,164.31,164.31,164.31,164.31,164.31,164.31,164.31,164.31,164.31,164.31,164.31,164.31,164.31,164.31,164.31,164.31,164.31,164.31,164.31,164.32,164.32,164.32,164.32,164.32,164.32,164.32,164.32,164.32,164.32,164.32,164.32,164.32,161.40999999999966,164.32,164.32,164.32,164.32,164.32,164.32,164.32,164.32,164.32,164.32,164.32,164.32,164.32,164.32,164.32,164.32,164.32,164.32,164.32,164.32,164.32,164.32,164.32,164.32,164.32,164.32,164.32,164.32,164.32,164.32,164.32,164.32,164.32,164.32,164.32,164.32,164.32,164.32,164.32,164.32,164.32,164.32,164.32,164.32,164.32,164.32,164.32,164.32,164.32,164.32,164.32,164.32,164.32,164.32,164.32,164.32,164.32,164.32,164.32,164.32,164.32,164.32,164.32,164.32,164.32,164.32,164.32,164.32,164.32,164.32,164.32,164.32,164.32,164.32,164.32,164.32,164.32999999999998,164.32999999999998,164.32999999999998,164.32999999999998,164.32999999999998,164.32999999999998,161.51999999999967,164.32999999999998,164.32999999999998,164.32999999999998,164.32999999999998,164.32999999999998,164.32999999999998,164.32999999999998,164.32999999999998,164.32999999999998,164.32999999999998,164.32999999999998,164.32999999999998,164.32999999999998,164.32999999999998,164.32999999999998,164.32999999999998,164.32999999999998,164.32999999999998,164.32999999999998,164.32999999999998,164.32999999999998,164.32999999999998,164.32999999999998,164.32999999999998,164.32999999999998,164.32999999999998,164.32999999999998,164.32999999999998,164.32999999999998,164.32999999999998,164.32999999999998,164.32999999999998,164.32999999999998,164.32999999999998,164.33999999999997,164.33999999999997,164.33999999999997,164.33999999999997,164.33999999999997,164.33999999999997,164.33999999999997,164.33999999999997,164.33999999999997,161.56999999999968,164.33999999999997,161.56999999999968,164.33999999999997,161.56999999999968,164.33999999999997,161.56999999999968,164.33999999999997,161.56999999999968,164.33999999999997,161.56999999999968,164.33999999999997,161.56999999999968,164.33999999999997,161.56999999999968,164.33999999999997,161.56999999999968,164.33999999999997,164.33999999999997,164.33999999999997,164.33999999999997,164.33999999999997,164.33999999999997,164.33999999999997,164.33999999999997,164.33999999999997,164.33999999999997,164.33999999999997,164.33999999999997,164.33999999999997,164.33999999999997,164.33999999999997,164.33999999999997,164.33999999999997,164.33999999999997,164.33999999999997,164.33999999999997,164.33999999999997,164.34999999999997,164.34999999999997,164.34999999999997,164.34999999999997,164.34999999999997,164.34999999999997,164.34999999999997,164.34999999999997,164.34999999999997,164.34999999999997,164.34999999999997,164.34999999999997,164.34999999999997,164.34999999999997,164.34999999999997,164.34999999999997,164.34999999999997,164.34999999999997,164.34999999999997,164.34999999999997,164.34999999999997,161.61999999999966,164.34999999999997,161.61999999999966,164.34999999999997,164.34999999999997,164.34999999999997,164.35999999999996,164.35999999999996,164.35999999999996,164.35999999999996,164.35999999999996,164.35999999999996,164.35999999999996,164.35999999999996,164.35999999999996,164.35999999999996,164.35999999999996,164.35999999999996,164.35999999999996,164.35999999999996,164.35999999999996,164.35999999999996,164.35999999999996,164.35999999999996,164.35999999999996,164.35999999999996,164.35999999999996,164.35999999999996,164.35999999999996,164.35999999999996,164.35999999999996,164.35999999999996,164.36999999999998,164.36999999999998,164.36999999999998,164.36999999999998,164.36999999999998,164.36999999999998,164.36999999999998,164.36999999999998,164.36999999999998,164.36999999999998,164.36999999999998,164.36999999999998,164.36999999999998,164.37999999999997,161.67999999999967,164.37999999999997,164.37999999999997,164.37999999999997,164.37999999999997,164.37999999999997,164.37999999999997,164.37999999999997,164.37999999999997,164.37999999999997,164.37999999999997,164.37999999999997,164.37999999999997,164.38999999999996,164.38999999999996,164.38999999999996,164.38999999999996,164.38999999999996,164.38999999999996,164.38999999999996,164.39999999999998,164.39999999999998,164.39999999999998,164.39999999999998,164.39999999999998,164.39999999999998,164.39999999999998,164.39999999999998,164.39999999999998,164.39999999999998,164.39999999999998,164.39999999999998,164.39999999999998,164.39999999999998,164.39999999999998,164.39999999999998,164.39999999999998,164.39999999999998,164.39999999999998,164.39999999999998,164.39999999999998,164.39999999999998,164.39999999999998,164.39999999999998,161.73999999999967,164.39999999999998,161.73999999999967,164.39999999999998,164.39999999999998,164.39999999999998,164.39999999999998,164.39999999999998,164.39999999999998,164.39999999999998,164.39999999999998,164.39999999999998,164.39999999999998,164.39999999999998,164.39999999999998,164.39999999999998,164.39999999999998,164.39999999999998,164.39999999999998,164.39999999999998,164.39999999999998,164.39999999999998,164.39999999999998,164.39999999999998,164.39999999999998,164.39999999999998,164.39999999999998,164.39999999999998,164.39999999999998,164.39999999999998,164.39999999999998,164.39999999999998,164.39999999999998,164.39999999999998,164.39999999999998,164.39999999999998,164.40999999999997,164.40999999999997,164.40999999999997,164.40999999999997,164.40999999999997,164.40999999999997,164.40999999999997,164.40999999999997,164.40999999999997,161.78999999999968,164.40999999999997,161.78999999999968,164.40999999999997,161.78999999999968,164.40999999999997,161.78999999999968,164.40999999999997,164.40999999999997,164.40999999999997,164.42,164.42,164.42,164.42,164.42,164.42,164.42,164.42,164.42,164.42,164.42,164.42,164.42999999999998,164.42999999999998,164.42999999999998,164.42999999999998,164.42999999999998,164.42999999999998,164.42999999999998,164.42999999999998,164.42999999999998,164.42999999999998,164.42999999999998,164.42999999999998,164.42999999999998,164.42999999999998,164.44,164.44,164.44,164.44,164.44,164.44,164.44,164.44,164.44,164.44,164.44,164.44,164.44,161.8399999999997,164.44,164.44,164.44,164.44,164.44,164.44,164.44,164.44,164.44,164.44,164.44,164.44,164.44,164.44,164.44,164.44,164.44,164.44,164.44,164.44,164.44,164.44,164.44,164.44,164.44,164.44,164.44,164.44,164.44,164.44,164.44,164.44,164.44,164.44,164.44,164.44,164.44,164.44,164.44,164.44,164.44,164.44,161.84999999999968,164.44,161.84999999999968,164.44,161.84999999999968,164.44,161.84999999999968,164.44,161.84999999999968,164.44,161.84999999999968,164.44,164.44,164.44,164.44,164.44,164.45,164.45,164.45,164.45,164.45,164.45,164.45,164.45,164.45,164.45,164.45,164.45,164.45,164.45,164.45,164.45,164.45,164.45,164.45,164.45,164.45,164.45,164.45,164.45,164.46,164.46,164.46,164.46,164.46,164.46,164.46,164.46,164.47,164.47,164.47,164.47,164.47,164.47,164.47,161.90999999999968,164.47,161.90999999999968,164.47,161.90999999999968,164.47,161.90999999999968,161.90999999999968,161.9699999999997,162.0299999999997,162.1499999999997,162.1499999999997,162.1499999999997,164.47,164.47,164.47,164.47,164.47,164.47,164.47,164.47,164.47,164.47,164.47,164.47,164.47,164.47,164.47,164.47,164.47,164.47,164.47,164.47,164.47,164.47,164.47,164.47,162.2099999999997,164.47,162.2099999999997,164.47,164.47,164.47,164.47,164.47,164.47,164.47,164.47,164.47,164.47,164.47,164.47,164.47,164.47,164.47,164.47,164.47,164.47,164.47,164.47,164.47,164.47,164.47,164.47,164.47,164.48000000000002,164.48000000000002,164.48000000000002,164.48000000000002,164.48000000000002,164.48000000000002,164.48000000000002,164.48000000000002,164.48000000000002,164.48000000000002,164.48000000000002,164.48000000000002,164.48000000000002,164.48000000000002,164.48000000000002,164.48000000000002,164.48000000000002,164.48000000000002,164.48000000000002,164.48000000000002,164.48000000000002,164.48000000000002,164.48000000000002,164.48000000000002,164.48000000000002,164.48000000000002,164.48000000000002,164.48000000000002,162.2699999999997,164.48000000000002,164.48000000000002,164.48000000000002,164.48000000000002,164.48000000000002,164.48000000000002,164.48000000000002,164.48000000000002,164.48000000000002,164.48000000000002,164.48000000000002,164.48000000000002,164.48000000000002,164.48000000000002,164.48000000000002,164.48000000000002,164.48000000000002,164.48000000000002,164.48000000000002,164.48000000000002,164.48000000000002,164.48000000000002,164.48000000000002,164.48000000000002,164.48000000000002,164.48000000000002,164.48000000000002,164.48000000000002,164.48000000000002,164.48000000000002,164.48000000000002,164.48000000000002,164.48000000000002,164.48000000000002,164.48000000000002,164.48000000000002,164.48000000000002,162.3399999999997,162.3399999999997,162.3999999999997,162.4699999999997,162.4699999999997,162.5299999999997,162.5299999999997,164.48000000000002,164.48000000000002,164.48000000000002,164.48000000000002,162.5299999999997,164.48000000000002,164.48000000000002,164.48000000000002,164.48000000000002,164.48000000000002,164.48000000000002,164.48000000000002,164.48000000000002,164.48000000000002,164.48000000000002,164.48000000000002,164.48000000000002,164.48000000000002,164.48000000000002,164.48000000000002,164.48000000000002,164.48000000000002,164.48000000000002,164.48000000000002,164.48000000000002,164.48000000000002,164.48000000000002,164.48000000000002,164.48000000000002,164.48000000000002,164.48000000000002,164.48000000000002,164.48000000000002,164.48000000000002,164.48000000000002,164.48000000000002,164.49,164.49,164.49,164.49,164.49,164.49,164.49,164.49,164.49,164.49,164.49,164.49,164.49,164.49,164.49,164.49,164.49,164.49,164.49,164.49,164.49,164.49,164.49,164.49,164.49,164.5,164.5,164.5,164.5,164.5,164.5,164.5,164.5,164.5,164.5,164.5,164.5,164.5,164.5,164.51,164.51,164.51,164.51,164.51,164.51,164.51,164.51,164.51,164.51,164.51,164.51,164.51,164.51,164.51,164.51,164.51,164.51,164.51,164.51,164.51,164.51,164.51,164.51,164.51,164.51,162.6699999999997,164.51,162.6699999999997,164.51,162.6699999999997,164.51,164.51,164.51,164.51,164.51,164.51,164.51,164.51,164.51,164.51,164.51,164.51,164.51,164.51,164.51,164.51,164.51,164.51,164.51,164.51,164.51,164.51,164.51,164.51,164.51,164.51,164.51,164.51,164.51,164.51,164.51,164.51,164.51,164.51,164.51,164.51,164.51,164.51,164.51,164.51,164.51,164.51,164.51,164.51,164.51,164.51,164.51,162.7299999999997,164.51,162.7299999999997,164.51,162.7299999999997,164.51,164.51,164.51999999999998,164.51999999999998,164.51999999999998,164.51999999999998,164.51999999999998,164.51999999999998,164.51999999999998,164.51999999999998,164.51999999999998,164.51999999999998,164.51999999999998,164.51999999999998,164.51999999999998,164.51999999999998,164.51999999999998,164.51999999999998,164.52999999999997,164.52999999999997,164.52999999999997,164.52999999999997,164.52999999999997,164.52999999999997,164.52999999999997,164.52999999999997,164.52999999999997,164.52999999999997,164.52999999999997,164.52999999999997,164.52999999999997,164.52999999999997,164.52999999999997,164.52999999999997,164.52999999999997,164.52999999999997,164.52999999999997,164.52999999999997,164.52999999999997,164.52999999999997,164.52999999999997,164.54,164.54,164.54,164.54,164.54,164.54,164.54,164.54,162.7899999999997,164.54,162.7899999999997,164.54,162.7899999999997,164.54,162.7899999999997,164.54,162.7899999999997,164.54,162.7899999999997,164.54,162.7899999999997,164.54999999999998,162.7899999999997,164.54999999999998,162.7899999999997,164.54999999999998,162.7899999999997,164.54999999999998,162.7899999999997,164.54999999999998,162.7899999999997,164.54999999999998,162.7899999999997,164.54999999999998,164.54999999999998,164.54999999999998,164.54999999999998,164.54999999999998,164.54999999999998,164.54999999999998,164.54999999999998,164.54999999999998,164.54999999999998,164.54999999999998,164.54999999999998,164.54999999999998,164.54999999999998,164.54999999999998,164.54999999999998,164.54999999999998,164.54999999999998,164.54999999999998,164.54999999999998,164.54999999999998,164.54999999999998,164.54999999999998,164.54999999999998,164.54999999999998,164.54999999999998,164.54999999999998,164.54999999999998,164.54999999999998,164.54999999999998,164.54999999999998,164.54999999999998,164.54999999999998,164.54999999999998,164.54999999999998,164.54999999999998,164.54999999999998,164.54999999999998,164.54999999999998,164.54999999999998,164.54999999999998,164.54999999999998,164.54999999999998,164.54999999999998,164.54999999999998,164.54999999999998,162.9199999999997,162.9899999999997,163.0499999999997,163.0499999999997,163.0499999999997,163.0499999999997,164.54999999999998,164.54999999999998,163.1099999999997,164.54999999999998,163.1099999999997,164.54999999999998,164.54999999999998,164.54999999999998,164.54999999999998,164.54999999999998,164.54999999999998,164.54999999999998,164.54999999999998,164.54999999999998,164.54999999999998,164.54999999999998,164.54999999999998,164.54999999999998,164.54999999999998,164.54999999999998,164.54999999999998,164.54999999999998,164.55999999999997,164.55999999999997,164.55999999999997,164.55999999999997,164.55999999999997,164.55999999999997,164.55999999999997,164.55999999999997,164.55999999999997,164.55999999999997,164.55999999999997,164.55999999999997,164.55999999999997,164.55999999999997,164.55999999999997,164.55999999999997,164.55999999999997,164.55999999999997,164.55999999999997,164.55999999999997,164.55999999999997,164.55999999999997,164.55999999999997,164.55999999999997,164.57,164.57,164.57,164.57,164.57,164.57,164.57,163.16999999999967,164.57999999999998,164.57999999999998,164.57999999999998,164.57999999999998,164.57999999999998,164.57999999999998,164.57999999999998,164.57999999999998,164.57999999999998,164.57999999999998,164.57999999999998,164.57999999999998,164.57999999999998,164.58999999999997,164.58999999999997,164.58999999999997,164.58999999999997,164.58999999999997,164.58999999999997,164.58999999999997,164.58999999999997,164.58999999999997,164.58999999999997,164.58999999999997,164.58999999999997,164.58999999999997,164.58999999999997,164.58999999999997,164.58999999999997,164.58999999999997,164.58999999999997,164.58999999999997,164.58999999999997,164.58999999999997,164.58999999999997,164.58999999999997,164.58999999999997,164.58999999999997,164.58999999999997,164.58999999999997,164.58999999999997,164.58999999999997,164.58999999999997,164.58999999999997,164.58999999999997,164.58999999999997,164.58999999999997,164.58999999999997,163.2399999999997,164.58999999999997,163.2399999999997,164.58999999999997,164.58999999999997,164.59999999999997,164.59999999999997,164.59999999999997,164.59999999999997,164.59999999999997,164.59999999999997,164.59999999999997,164.59999999999997,164.59999999999997,164.59999999999997,164.59999999999997,164.59999999999997,164.59999999999997,164.59999999999997,164.59999999999997,164.59999999999997,164.59999999999997,164.59999999999997,164.59999999999997,164.59999999999997,164.59999999999997,164.59999999999997,164.59999999999997,164.59999999999997,164.59999999999997,164.59999999999997,164.60999999999996,164.60999999999996,164.60999999999996,164.60999999999996,164.60999999999996,164.60999999999996,164.60999999999996,164.60999999999996,164.60999999999996,164.60999999999996,164.60999999999996,164.60999999999996,164.60999999999996,164.60999999999996,164.60999999999996,164.60999999999996,164.60999999999996,164.60999999999996,164.60999999999996,164.60999999999996,164.60999999999996,164.60999999999996,164.60999999999996,164.60999999999996,164.60999999999996,164.61999999999998,164.61999999999998,164.61999999999998,164.61999999999998,164.61999999999998,164.61999999999998,164.61999999999998,164.61999999999998,164.61999999999998,164.61999999999998,164.61999999999998,164.61999999999998,164.61999999999998,164.61999999999998,164.61999999999998,164.61999999999998,164.61999999999998,164.61999999999998,164.61999999999998,164.61999999999998,164.61999999999998,164.61999999999998,164.61999999999998,164.61999999999998,164.61999999999998,164.61999999999998,164.61999999999998,164.61999999999998,164.61999999999998,164.61999999999998,164.61999999999998,164.61999999999998,164.61999999999998,164.61999999999998,164.61999999999998,164.61999999999998,164.61999999999998,164.61999999999998,164.61999999999998,164.61999999999998,164.61999999999998,164.61999999999998,164.61999999999998,164.61999999999998,164.61999999999998,164.61999999999998,164.61999999999998,164.61999999999998,164.61999999999998,164.61999999999998,164.61999999999998,164.61999999999998,163.37999999999968,164.61999999999998,164.61999999999998,164.61999999999998,164.61999999999998,164.62999999999997,164.62999999999997,164.62999999999997,164.62999999999997,164.62999999999997,164.62999999999997,164.62999999999997,164.62999999999997,164.62999999999997,164.62999999999997,164.62999999999997,164.62999999999997,164.62999999999997,164.62999999999997,164.62999999999997,164.62999999999997,164.62999999999997,164.62999999999997,164.62999999999997,164.62999999999997,164.62999999999997,164.62999999999997,164.62999999999997,164.62999999999997,164.62999999999997,164.62999999999997,164.62999999999997,164.62999999999997,164.62999999999997,164.62999999999997,164.62999999999997,164.62999999999997,164.62999999999997,164.62999999999997,164.62999999999997,164.62999999999997,164.62999999999997,164.62999999999997,164.62999999999997,164.62999999999997,164.62999999999997,164.62999999999997,164.62999999999997,164.62999999999997,164.62999999999997,164.62999999999997,164.62999999999997,164.62999999999997,163.44999999999968,164.62999999999997,164.62999999999997,164.62999999999997,164.62999999999997,164.62999999999997,164.62999999999997,164.62999999999997,164.62999999999997,164.62999999999997,164.62999999999997,164.62999999999997,164.62999999999997,164.62999999999997,164.62999999999997,164.62999999999997,164.62999999999997,164.62999999999997,164.62999999999997,164.62999999999997,164.62999999999997,164.62999999999997,164.62999999999997,164.62999999999997,164.62999999999997,164.62999999999997,164.62999999999997,164.62999999999997,164.62999999999997,164.62999999999997,164.62999999999997,164.62999999999997,164.62999999999997,164.62999999999997,164.62999999999997,164.62999999999997,164.62999999999997,164.64,164.64,164.64,164.64,164.64,164.64,164.64,164.64,164.64,163.5199999999997,163.5199999999997,163.5899999999997,163.65999999999968,163.7299999999997,164.64,164.64,164.64,164.64,164.64,164.64,164.64,164.64999999999998,164.64999999999998,164.64999999999998,164.64999999999998,164.64999999999998,164.64999999999998,164.64999999999998,164.64999999999998,164.64999999999998,164.64999999999998,164.64999999999998,164.64999999999998,164.64999999999998,164.64999999999998,164.64999999999998,164.64999999999998,164.64999999999998,164.64999999999998,164.64999999999998,164.64999999999998,164.64999999999998,164.64999999999998,164.64999999999998,164.64999999999998,164.64999999999998,164.64999999999998,164.64999999999998,164.64999999999998,164.64999999999998,164.64999999999998,164.64999999999998,164.64999999999998,164.64999999999998,164.64999999999998,164.64999999999998,164.64999999999998,164.64999999999998,164.64999999999998,164.64999999999998,164.64999999999998,164.64999999999998,164.64999999999998,164.64999999999998,164.64999999999998,164.64999999999998,164.64999999999998,164.64999999999998,164.64999999999998,164.64999999999998,164.64999999999998,164.64999999999998,164.64999999999998,164.64999999999998,164.64999999999998,164.64999999999998,164.64999999999998,164.64999999999998,164.64999999999998,164.64999999999998,164.64999999999998,164.64999999999998,164.64999999999998,163.8799999999997,164.64999999999998,163.8799999999997,164.64999999999998,163.8799999999997,164.64999999999998,163.8799999999997,164.64999999999998,164.64999999999998,164.64999999999998,164.64999999999998,164.64999999999998,164.64999999999998,164.64999999999998,164.64999999999998,164.64999999999998,164.64999999999998,164.64999999999998,164.64999999999998,164.64999999999998,164.64999999999998,164.64999999999998,164.64999999999998,164.64999999999998,164.64999999999998,164.64999999999998,164.64999999999998,164.64999999999998,164.64999999999998,164.64999999999998,164.64999999999998,164.64999999999998,164.64999999999998,164.64999999999998,164.66,164.66,164.66,164.66,164.66,164.66,164.66,164.66,164.66,164.66,163.9499999999997,163.9599999999997,164.0299999999997,164.0999999999997,164.0999999999997,164.1699999999997,164.66,164.66,164.66,164.66,164.2399999999997,164.38999999999967,164.66,164.66,164.66,164.66,164.67000000000002,164.67000000000002,164.67000000000002,164.67000000000002,164.67000000000002,164.67000000000002,164.67000000000002,164.67000000000002,164.67000000000002,164.67000000000002,164.67000000000002,164.67000000000002,164.67000000000002,164.67000000000002,164.67000000000002,164.67000000000002,164.67000000000002,164.67000000000002,164.67000000000002,164.67000000000002,164.67000000000002,164.67000000000002,164.67000000000002,164.67000000000002,164.67000000000002,164.67000000000002,164.67000000000002,164.67000000000002,164.67000000000002,164.67000000000002,164.67000000000002,164.67000000000002,164.67000000000002,164.67000000000002,164.67000000000002,164.67000000000002,164.67000000000002,164.68000000000004,164.68000000000004,164.68000000000004,164.53999999999968,164.68000000000004,164.68000000000004,164.68000000000004,164.68000000000004,164.68000000000004,164.68000000000004,164.68000000000004,164.68000000000004,164.69000000000003,164.69000000000003,164.69000000000003,164.69000000000003,164.69000000000003,164.69000000000003,164.69000000000003,164.69000000000003,164.69000000000003,164.69000000000003,164.69000000000003,164.69000000000003,164.69000000000003,164.69000000000003,164.69000000000003,164.69000000000003,164.69000000000003,164.69000000000003,164.69000000000003,164.69000000000003,164.69000000000003,164.69000000000003,164.69000000000003,164.69000000000003,164.69000000000003,164.69000000000003,164.69000000000003,164.69000000000003,164.69000000000003,164.69000000000003,164.69000000000003,164.69000000000003,164.69000000000003,164.69000000000003,164.69000000000003,164.69000000000003,164.69000000000003,164.69000000000003,164.69000000000003,164.69000000000003,164.69000000000003,164.69000000000003,164.69000000000003,164.69000000000003,164.69000000000003,164.6099999999997,164.69000000000003,164.6099999999997,164.69000000000003,164.69000000000003,164.69000000000003,164.69000000000003,164.69000000000003,164.69000000000003,164.69000000000003,164.69000000000003,164.69000000000003,164.69000000000003,164.69000000000003,164.69000000000003,164.7599999999997,164.7599999999997,164.7599999999997,164.8399999999997,164.8399999999997,164.8399999999997,164.8399999999997,164.69000000000003,164.69000000000003,164.69000000000003,164.69000000000003,164.69000000000003,164.69000000000003,164.69000000000003,164.69000000000003,164.69000000000003,164.69000000000003,164.69000000000003,164.69000000000003,164.69000000000003,164.9199999999997,164.69000000000003,164.9199999999997,164.69000000000003,164.69000000000003,164.69000000000003,164.69000000000003,164.69000000000003,164.69000000000003,164.69000000000003,164.69000000000003,164.69000000000003,164.69000000000003,164.69000000000003,164.69000000000003,164.69000000000003,164.69000000000003,164.69000000000003,164.69000000000003,164.70000000000005,164.70000000000005,164.70000000000005,164.70000000000005,164.70000000000005,164.70000000000005,164.70000000000005,164.70000000000005,164.70000000000005,164.70000000000005,164.70000000000005,164.71000000000004,164.71000000000004,164.71000000000004,164.71000000000004,
164.71000000000004,164.71000000000004,164.71000000000004,164.71000000000004,164.71000000000004,164.71000000000004,164.71000000000004,164.71000000000004,164.71000000000004,164.72000000000006,164.72000000000006,164.72000000000006,164.72000000000006,164.72000000000006,164.72000000000006,164.72000000000006,164.9999999999997,164.72000000000006,164.72000000000006,164.72000000000006,164.72000000000006,164.73000000000005,164.73000000000005,164.74000000000007,164.74000000000007,164.74000000000007,164.74000000000007,164.74000000000007,164.75000000000006,164.75000000000006,164.75000000000006,164.75000000000006,164.76000000000005,164.76000000000005,164.77000000000007,164.77000000000007,164.78000000000006,164.78000000000006,164.78000000000006,165.0799999999997,164.79000000000005,164.79000000000005,164.80000000000007,164.82000000000005,164.83000000000007,164.83000000000007,164.83000000000007,164.84000000000006,164.84000000000006,164.84000000000006,164.84000000000006,164.84000000000006,165.15999999999968,165.15999999999968,164.84000000000006,164.84000000000006,164.86000000000007,164.87000000000006,164.89000000000007,165.2399999999997,164.91000000000005,164.91000000000005,164.91000000000005,164.91000000000005,164.93000000000006,164.95000000000007,164.96000000000006,164.99000000000007,165.01000000000008,165.01000000000008,165.01000000000008,165.01000000000008,165.01000000000008,165.01000000000008,165.01000000000008,165.3999999999997,165.3999999999997,165.3999999999997,165.3999999999997,165.03000000000006,165.03000000000006,165.03000000000006,165.03000000000006,165.06000000000006,165.08000000000007,165.13000000000008,165.13000000000008,165.13000000000008,165.13000000000008,165.16000000000008,165.55999999999972,165.55999999999972,165.55999999999972,165.55999999999972,165.18000000000006,165.18000000000006,165.18000000000006,165.18000000000006,165.18000000000006,165.18000000000006,165.18000000000006,165.23000000000005,165.23000000000005,165.23000000000005,165.25000000000003,165.31000000000003,165.71999999999971,165.37000000000003,165.79999999999973,165.40000000000003,165.79999999999973,165.46000000000004,165.79999999999973,165.50000000000003,165.53000000000003,165.56000000000003,165.56000000000003,165.56000000000003,165.8799999999997,165.8799999999997,165.60000000000002,165.63000000000002,165.96999999999971,165.96999999999971,165.67000000000004,165.74000000000004,166.05999999999972,165.77000000000004,165.84000000000003,165.88000000000005,165.88000000000005,165.88000000000005,166.13999999999973,166.13999999999973,166.13999999999973,166.13999999999973,166.13999999999973,165.92000000000004,165.96000000000004,165.96000000000004,166.2299999999997,166.2299999999997,166.00000000000003,166.04000000000005,166.08000000000004,166.08000000000004,166.08000000000004,166.12000000000006,166.16000000000005,166.16000000000005,166.16000000000005,166.3199999999997,166.16000000000005,166.3199999999997,166.16000000000005,166.20000000000005,166.20000000000005,166.20000000000005,166.39999999999972,166.20000000000005,166.39999999999972,166.20000000000005,166.39999999999972,166.20000000000005,166.25000000000003,166.25000000000003,166.25000000000003,166.25000000000003,166.47999999999973,166.47999999999973,166.47999999999973,166.29000000000005,166.30000000000004,166.30000000000004,166.34000000000003,166.34000000000003,166.34000000000003,166.48000000000002,166.48000000000002,166.74999999999974,166.83999999999972,166.62000000000003,166.62000000000003,166.67000000000002,166.67000000000002,166.72000000000003,166.72000000000003,166.78000000000003,167.01999999999973,167.01999999999973,166.83000000000004,167.10999999999973,166.83000000000004,166.83000000000004,167.20999999999972,167.20999999999972,166.93000000000004,166.98000000000002,166.98000000000002,166.98000000000002,166.98000000000002,167.29999999999973,167.29999999999973,167.03000000000003,167.08000000000004,167.13000000000002,167.39999999999972,167.39999999999972,167.18,167.24,167.24,167.49999999999972,167.3,167.3,167.3,167.3,167.3,167.58999999999972,167.58999999999972,167.58999999999972,167.58999999999972,167.47000000000003,167.47000000000003,167.47000000000003,167.47000000000003,167.47000000000003,167.53000000000003,167.53000000000003,167.53000000000003,167.53000000000003,167.53000000000003,167.53000000000003,167.77999999999972,167.77999999999972,167.77999999999972,167.65000000000003,167.71000000000004,167.8799999999997,167.8799999999997,167.8799999999997,167.8799999999997,167.77000000000004,167.83,167.83,167.9799999999997,167.83,167.9799999999997,168.07999999999973,167.95000000000002,167.95000000000002,167.95000000000002,168.01000000000002,168.01000000000002,168.02,168.08,168.09,168.27999999999972,168.27999999999972,168.27999999999972,168.21,168.21,168.21,168.27999999999972,168.28,168.28,168.28,168.28,168.28,168.28,168.28,168.28,168.28,168.27999999999972,168.35,168.35,168.35,168.27999999999972,168.27999999999972,168.48000000000002,168.48000000000002,168.48000000000002,168.48000000000002,168.3799999999997,168.4799999999997,168.68,168.58999999999972,168.74,168.79999999999998,168.79999999999998,168.6899999999997,168.6899999999997,168.6899999999997,168.6899999999997,168.6899999999997,168.6899999999997,168.6899999999997,168.81,168.81,168.81,168.81,168.81,168.81,168.81,168.81,168.81,168.7899999999997,168.7899999999997,168.88,168.95,168.95,168.95,168.95,168.95,168.95,168.89999999999972,168.89999999999972,169.02,169.00999999999974,169.16000000000003,169.23000000000002,169.23000000000002,169.10999999999973,169.10999999999973,169.3,169.38000000000002,169.38000000000002,169.45000000000002,169.31999999999974,169.53,169.53,169.53,169.60000000000002,169.42999999999972,169.42999999999972,169.42999999999972,169.68,169.52999999999972,169.52999999999972,169.75,169.75,169.63999999999973,169.63999999999973,169.82,169.9,169.74999999999972,169.74999999999972,169.98,170.06,170.14,169.96999999999971,169.96999999999971,169.97999999999973,170.22,170.22,170.08999999999972,170.08999999999972,170.38,170.19999999999973,170.45999999999998,170.31999999999974,170.54,170.54,170.54,170.54,170.54,170.42999999999972,170.62,170.7,170.79,170.79,170.79,170.79,170.64999999999972,170.87,170.75999999999974,170.75999999999974,170.96,171.04,171.04,171.04,171.04,170.86999999999975,171.04,171.13,171.21,171.09999999999974,171.37,171.21999999999974,171.46,171.32999999999973,171.32999999999973,171.32999999999973,171.54,171.54,171.54,171.54,171.4399999999997,171.61999999999998,171.61999999999998,171.70999999999998,171.70999999999998,171.55999999999972,171.55999999999972,171.55999999999972,171.67999999999972,171.88,171.7899999999997,171.79999999999973,171.79999999999973,171.79999999999973,171.96999999999997,171.96999999999997,171.96999999999997,172.05999999999997,171.79999999999973,171.79999999999973,171.79999999999973,171.79999999999973,171.79999999999973,172.14999999999998,171.92999999999975,171.92999999999975,172.23999999999998,172.32999999999998,172.32999999999998,172.33999999999997,172.33999999999997,172.33999999999997,172.05999999999975,172.05999999999975,172.18999999999974,172.18999999999974,172.18999999999974,172.51999999999998,172.51999999999998,172.7,172.42999999999975,172.79,172.79,172.79,172.79,172.54999999999973,172.54999999999973,172.54999999999973,172.66999999999973,173.07,173.07,173.07,173.16,172.9099999999997,172.9099999999997,173.26,172.9099999999997,172.9099999999997,172.9099999999997,172.9099999999997,172.9099999999997,173.35,173.35,173.45,173.45,173.45,173.45,173.45,173.45,173.03999999999974,173.03999999999974,173.03999999999974,173.03999999999974,173.54999999999998,173.16999999999973,173.64999999999998,173.64999999999998,173.75,173.75,173.41999999999973,173.41999999999973,173.41999999999973,173.41999999999973,173.85,173.85,173.85,173.95,173.95,173.95,173.95,173.95,173.95,173.41999999999973,173.95,173.42999999999972,173.95,173.95,173.95,173.95,173.54999999999973,173.54999999999973,173.54999999999973,174.15999999999997,174.15999999999997,173.67999999999972,173.67999999999972,173.67999999999972,173.67999999999972,174.26,174.26,174.26,174.26,174.26,174.26,174.26,174.26,174.26,173.80999999999972,173.80999999999972,173.80999999999972,173.80999999999972,173.80999999999972,174.36999999999998,173.9399999999997,173.9399999999997,173.9399999999997,173.9399999999997,173.9399999999997,174.47,174.47,174.47,174.47,174.67999999999998,174.67999999999998,174.67999999999998,174.67999999999998,174.67999999999998,174.67999999999998,174.20999999999972,174.20999999999972,174.78999999999996,174.33999999999972,174.33999999999972,174.33999999999972,174.33999999999972,174.88999999999996,174.46999999999971,174.99999999999997,174.5999999999997,174.5999999999997,174.5999999999997,174.5999999999997,175.10999999999996,175.10999999999996,175.10999999999996,175.21999999999997,175.21999999999997,174.7299999999997,175.21999999999997,175.21999999999997,174.8599999999997,174.8599999999997,174.8599999999997,174.8599999999997,174.8599999999997,174.9999999999997,174.9999999999997,174.9999999999997,174.9999999999997,174.9999999999997,174.9999999999997,174.9999999999997,175.31999999999996,175.31999999999996,175.31999999999996,175.31999999999996,175.31999999999996,175.31999999999996,175.1299999999997,175.1299999999997,175.1299999999997,175.1299999999997,175.1299999999997,175.1299999999997,175.42999999999995,175.42999999999995,175.42999999999995,175.42999999999995,175.42999999999995,175.42999999999995,175.53999999999996,175.2599999999997,175.2599999999997,175.2599999999997,175.2599999999997,175.64999999999995,175.39999999999972,175.39999999999972,175.39999999999972,175.39999999999972,175.75999999999996,175.75999999999996,175.52999999999972,175.86999999999995,175.52999999999972,175.52999999999972,175.52999999999972,175.52999999999972,175.52999999999972,175.52999999999972,175.52999999999972,175.98999999999995,175.98999999999995,175.6599999999997,175.6599999999997,175.7999999999997,176.31999999999996,176.42999999999995,176.0699999999997,176.0699999999997,176.53999999999996,176.53999999999996,176.53999999999996,176.53999999999996,176.2099999999997,176.2099999999997,176.74999999999997,176.86999999999998,176.4899999999997,176.4899999999997,176.98999999999998,176.6399999999997,176.77999999999972,176.77999999999972,176.77999999999972,177.10999999999996,177.21999999999997,177.33999999999997,177.33999999999997,177.33999999999997,177.05999999999972,177.05999999999972,177.05999999999972,177.05999999999972,177.45999999999998,177.45999999999998,177.45999999999998,177.1999999999997,177.69999999999996,177.4799999999997,177.4799999999997,177.4799999999997,177.4799999999997,177.4799999999997,177.4799999999997,177.4799999999997,177.81999999999996,177.92999999999998,177.61999999999972,178.04999999999995,177.89999999999972,178.03999999999974,178.27999999999997,178.39999999999998,178.1899999999997,178.1899999999997,178.51999999999998,178.3499999999997,178.3499999999997,178.3499999999997,178.49999999999972,178.75,178.75,178.75,178.76000000000002,178.76000000000002,178.63999999999973,178.63999999999973,178.63999999999973,178.88,178.7899999999997,178.7899999999997,178.7899999999997,178.7899999999997,178.7899999999997,178.9399999999997,178.9399999999997,178.9399999999997,178.9399999999997,178.9399999999997,178.9399999999997,179.0,179.0,179.0999999999997,179.0999999999997,179.0999999999997,179.13,179.13,179.2399999999997,179.13,179.13,179.13,179.3899999999997,179.25,179.25,179.5399999999997,179.68999999999969,179.68999999999969,179.5,179.8399999999997,179.8399999999997,179.63,179.8399999999997,179.75,179.9899999999997,179.9899999999997,179.9899999999997,179.88,180.1399999999997,180.1399999999997,180.1399999999997,179.88,179.88,180.01,180.01,180.4499999999997,180.4499999999997,180.4499999999997,180.4499999999997,180.4499999999997,180.4499999999997,180.4499999999997,180.4499999999997,180.4499999999997,180.4499999999997,180.15,180.15,180.15,180.28,180.28,180.5999999999997,180.5999999999997,180.41000000000003,180.41000000000003,180.41000000000003,180.41000000000003,180.41000000000003,180.7599999999997,180.54000000000002,180.9099999999997,180.9099999999997,180.54000000000002,181.05999999999972,180.67000000000002,180.67000000000002,181.20999999999972,180.81,180.81,181.35999999999973,180.94,180.94,180.94,181.50999999999974,181.50999999999974,181.50999999999974,181.07999999999998,181.66999999999973,181.66999999999973,181.66999999999973,181.20999999999998,181.20999999999998,181.20999999999998,181.20999999999998,181.20999999999998,181.20999999999998,181.33999999999997,181.82999999999973,181.82999999999973,181.82999999999973,181.46999999999997,181.46999999999997,181.46999999999997,181.46999999999997,181.46999999999997,181.98999999999972,181.98999999999972,181.98999999999972,181.98999999999972,181.60999999999996,181.60999999999996,182.14999999999972,181.73999999999998,181.73999999999998,181.73999999999998,181.73999999999998,182.30999999999972,182.30999999999972,181.86999999999998,182.46999999999971,182.00999999999996,182.14999999999998,182.6299999999997,182.14999999999998,182.6299999999997,182.14999999999998,182.7899999999997,182.42999999999998,182.9499999999997,182.9499999999997,182.55999999999997,182.56999999999996,182.56999999999996,182.70999999999998,183.2699999999997,183.42999999999972,182.98999999999998,183.42999999999972,183.42999999999972,183.42999999999972,183.42999999999972,183.42999999999972,183.42999999999972,183.13999999999996,183.27999999999997,183.27999999999997,183.58999999999972,183.27999999999997,183.27999999999997,183.28999999999996,183.28999999999996,183.42999999999998,183.42999999999998,183.74999999999972,183.75999999999974,183.75999999999974,183.57999999999996,183.57999999999996,183.91999999999973,183.71999999999994,183.71999999999994,184.07999999999973,183.86999999999995,183.86999999999995,183.86999999999995,183.86999999999995,183.86999999999995,183.86999999999995,184.23999999999972,184.01999999999995,184.01999999999995,184.01999999999995,184.01999999999995,184.01999999999995,184.01999999999995,184.01999999999995,184.01999999999995,184.01999999999995,184.40999999999974,184.40999999999974,184.40999999999974,184.40999999999974,184.15999999999997,184.56999999999974,184.56999999999974,184.56999999999974,184.45999999999995,184.45999999999995,184.89999999999975,184.89999999999975,184.89999999999975,184.89999999999975,184.89999999999975,184.60999999999996,184.60999999999996,184.60999999999996,184.60999999999996,184.60999999999996,184.60999999999996,185.06999999999974,184.75999999999996,184.75999999999996,184.75999999999996,184.75999999999996,184.75999999999996,184.75999999999996,184.75999999999996,184.89999999999998,184.89999999999998,184.89999999999998,184.89999999999998,185.23999999999975,185.39999999999975,185.39999999999975,185.39999999999975,185.39999999999975,185.39999999999975,185.33999999999997,185.72999999999976,185.72999999999976,185.72999999999976,185.48,185.48999999999998,185.48999999999998,185.48999999999998,185.48999999999998,185.48999999999998,185.88999999999976,185.64,185.64,186.04999999999976,186.04999999999976,185.78999999999996,185.78999999999996,186.21999999999974,185.95,185.95,186.38999999999976,186.38999999999976,186.38999999999976,186.38999999999976,186.38999999999976,186.38999999999976,186.38999999999976,186.09999999999997,186.38999999999976,186.38999999999976,186.38999999999976,186.38999999999976,186.24999999999997,186.24999999999997,186.55999999999975,186.55999999999975,186.55999999999975,186.55999999999975,186.55999999999975,186.72999999999976,186.39999999999995,186.39999999999995,186.55999999999995,186.55999999999995,187.07999999999976,187.07999999999976,187.07999999999976,187.07999999999976,186.70999999999995,186.70999999999995,186.70999999999995,187.24999999999974,187.24999999999974,187.24999999999974,186.85999999999993,187.41999999999973,187.01999999999995,187.01999999999995,187.01999999999995,187.58999999999975,187.17999999999995,187.76999999999973,187.76999999999973,187.32999999999996,187.48999999999995,187.48999999999995,187.48999999999995,187.48999999999995,187.94999999999973,187.94999999999973,187.94999999999973,187.64999999999995,187.64999999999995,187.64999999999995,187.64999999999995,187.64999999999995,187.64999999999995,187.64999999999995,187.64999999999995,187.64999999999995,187.64999999999995,188.29999999999973,188.29999999999973,188.29999999999973,188.29999999999973,187.95999999999995,188.47999999999973,188.10999999999996,188.10999999999996,188.10999999999996,188.10999999999996,188.10999999999996,188.10999999999996,188.10999999999996,188.26999999999995,188.26999999999995,188.26999999999995,188.26999999999995,188.26999999999995,188.26999999999995,188.26999999999995,188.41999999999996,189.00999999999974,188.58999999999995,189.18999999999974,188.73999999999995,188.89999999999995,188.89999999999995,189.05999999999997,189.05999999999997,189.05999999999997,189.05999999999997,189.36999999999975,189.54999999999976,189.54999999999976,189.37999999999997,189.73999999999975,189.91999999999976,189.54999999999995,189.54999999999995,189.91999999999976,189.91999999999976,189.70999999999995,189.70999999999995,189.70999999999995,189.70999999999995,190.09999999999974,190.09999999999974,189.86999999999998,190.27999999999975,190.02999999999997,190.18999999999997,190.18999999999997,190.18999999999997,190.27999999999975,190.27999999999975,190.34999999999997,190.34999999999997,190.27999999999975,190.27999999999975,190.27999999999975,190.27999999999975,190.50999999999996,190.50999999999996,190.27999999999975,190.27999999999975,190.67999999999995,190.45999999999975,190.45999999999975,190.45999999999975,190.45999999999975,190.45999999999975,190.45999999999975,190.45999999999975,190.45999999999975,190.45999999999975,190.64999999999975,190.64999999999975,190.64999999999975,190.64999999999975,191.00999999999996,190.82999999999976,190.83999999999975,190.83999999999975,190.83999999999975,190.83999999999975,190.83999999999975,190.83999999999975,191.00999999999996,191.17,191.02999999999975,191.02999999999975,191.02999999999975,191.32999999999998,191.32999999999998,191.32999999999998,191.32999999999998,191.33999999999997,191.49999999999997,191.49999999999997,191.49999999999997,191.49999999999997,191.20999999999975,191.67999999999998,191.67999999999998,191.67999999999998,191.39999999999975,191.39999999999975,191.84999999999997,191.84999999999997,191.84999999999997,191.58999999999975,192.01999999999995,192.01999999999995,192.01999999999995,191.58999999999975,191.58999999999975,192.19999999999996,192.19999999999996,192.19999999999996,192.19999999999996,192.19999999999996,191.77999999999975,192.37999999999997,192.54999999999995,192.15999999999974,192.15999999999974,192.15999999999974,192.15999999999974,192.72999999999996,192.34999999999977,192.89999999999995,192.53999999999976,193.07999999999996,193.07999999999996,193.24999999999994,192.72999999999976,193.41999999999993,193.41999999999993,193.41999999999993,193.41999999999993,193.58999999999995,193.58999999999995,192.72999999999976,192.72999999999976,193.75999999999993,192.72999999999976,192.72999999999976,192.73999999999978,192.73999999999978,193.92999999999995,193.92999999999995,192.92999999999978,192.92999999999978,192.92999999999978,194.09999999999994,194.09999999999994,194.09999999999994,194.26999999999995,194.26999999999995,193.12999999999977,193.12999999999977,193.12999999999977,193.12999999999977,193.12999999999977,193.12999999999977,193.12999999999977,194.60999999999996,194.60999999999996,194.60999999999996,194.78999999999996,194.78999999999996,194.78999999999996,193.51999999999975,193.71999999999974,195.12999999999997,195.12999999999997,195.12999999999997,193.71999999999974,193.71999999999974,195.30999999999997,193.90999999999974,195.47999999999996,194.09999999999974,194.09999999999974,195.64999999999998,195.64999999999998,195.82999999999996,195.82999999999996,195.82999999999996,195.82999999999996,194.49999999999974,194.49999999999974,194.49999999999974,196.00999999999996,196.17999999999998,194.69999999999973,196.34999999999997,196.34999999999997,196.34999999999997,196.34999999999997,196.34999999999997,194.69999999999973,196.51999999999998,196.51999999999998,194.69999999999973,194.69999999999973,194.69999999999973,196.69,194.89999999999975,196.86999999999998,196.86999999999998,194.89999999999975,194.89999999999975,197.04999999999998,197.23,197.23,197.23,197.23,197.23,195.29999999999976,195.29999999999976,197.42,197.60999999999999,195.69999999999976,195.69999999999976,197.79,197.79,197.79999999999998,195.89999999999975,195.89999999999975,195.89999999999975,197.98,197.98,198.16,198.16,198.16,196.10999999999976,196.30999999999977,196.30999999999977,198.34,198.34,196.51999999999975,198.34,198.34,198.34,198.34,198.34,198.34,196.71999999999977,198.53,196.92999999999975,198.70999999999998,198.70999999999998,197.12999999999977,198.70999999999998,198.70999999999998,198.70999999999998,197.33999999999975,197.33999999999975,197.33999999999975,197.33999999999975,198.9,197.54999999999976,199.09,199.28,199.28,199.29,199.29,199.29,199.29,197.75999999999974,197.96999999999971,197.96999999999971,199.67,199.67,199.67,198.17999999999972,199.87,198.38999999999973,200.07,198.59999999999974,198.59999999999974,198.59999999999974,198.59999999999974,200.26,200.26,198.79999999999973,198.79999999999973,200.45999999999998,200.45999999999998,199.00999999999974,200.45999999999998,199.21999999999974,199.21999999999974,199.21999999999974,200.45999999999998,200.45999999999998,200.45999999999998,199.42999999999975,200.66,199.42999999999975,200.85999999999999,199.63999999999976,199.63999999999976,199.63999999999976,199.63999999999976,201.04999999999998,199.84999999999977,199.84999999999977,199.84999999999977,199.84999999999977,201.04999999999998,201.04999999999998,201.04999999999998,200.05999999999977,200.05999999999977,200.05999999999977,201.23999999999998,200.05999999999977,201.23999999999998,200.05999999999977,201.44,201.44,201.44,201.44,200.27999999999977,200.27999999999977,200.27999999999977,200.27999999999977,200.27999999999977,200.27999999999977,200.27999999999977,201.44,201.44,201.44,201.44,201.44,200.49999999999977,200.49999999999977,200.49999999999977,200.49999999999977,200.49999999999977,200.49999999999977,200.49999999999977,200.49999999999977,201.64,201.64,201.64,200.70999999999978,200.92999999999978,202.04,200.92999999999978,202.23999999999998,200.92999999999978,202.44,201.1399999999998,201.1399999999998,201.1399999999998,201.1399999999998,201.1399999999998,201.1399999999998,201.1399999999998,202.63,202.63,202.63,201.1399999999998,201.1399999999998,201.1399999999998,201.1399999999998,201.1399999999998,201.1399999999998,203.02,203.02,201.1399999999998,201.1399999999998,201.1399999999998,201.1399999999998,203.02,203.02,201.1399999999998,201.1399999999998,203.22000000000003,203.22000000000003,203.22000000000003,201.3599999999998,201.3599999999998,201.3599999999998,203.42000000000004,201.3599999999998,203.62000000000003,203.62000000000003,203.62000000000003,201.57999999999979,201.57999999999979,201.57999999999979,203.62000000000003,201.79999999999978,203.82000000000002,203.82000000000002,201.79999999999978,203.82000000000002,202.01999999999978,204.03,204.03,204.03,202.01999999999978,204.23000000000002,204.23000000000002,204.23000000000002,202.23999999999978,202.23999999999978,202.23999999999978,202.23999999999978,204.44000000000003,202.45999999999978,202.45999999999978,202.45999999999978,202.45999999999978,202.45999999999978,202.45999999999978,204.64000000000004,204.64000000000004,204.64000000000004,204.64000000000004,202.67999999999978,202.67999999999978,202.67999999999978,202.67999999999978,202.67999999999978,202.67999999999978,202.67999999999978,204.84000000000006,202.90999999999977,202.90999999999977,202.90999999999977,202.90999999999977,202.90999999999977,202.90999999999977,205.06000000000006,205.06000000000006,205.06000000000006,203.13999999999976,203.13999999999976,203.13999999999976,203.13999999999976,203.13999999999976,203.13999999999976,205.26000000000005,205.26000000000005,205.26000000000005,205.26000000000005,205.26000000000005,205.26000000000005,205.26000000000005,205.26000000000005,203.36999999999978,203.36999999999978,203.36999999999978,203.36999999999978,203.36999999999978,203.36999999999978,203.36999999999978,203.36999999999978,203.59999999999977,205.47000000000003,203.82999999999976,203.82999999999976,203.82999999999976,203.82999999999976,203.82999999999976,205.68,205.68,204.05999999999977,204.05999999999977,204.05999999999977,204.05999999999977,204.05999999999977,204.05999999999977,205.68,205.68,204.27999999999977,204.27999999999977,204.27999999999977,204.27999999999977,204.27999999999977,204.27999999999977,204.27999999999977,204.27999999999977,204.27999999999977,204.27999999999977,204.27999999999977,204.27999999999977,204.27999999999977,204.27999999999977,204.27999999999977,204.27999999999977,206.10000000000002,204.50999999999976,204.50999999999976,204.50999999999976,204.50999999999976,206.31000000000003,206.31000000000003,206.31000000000003,204.96999999999977,204.96999999999977,204.96999999999977,204.96999999999977,206.31000000000003,206.31000000000003,206.31000000000003,205.19999999999976,205.19999999999976,205.19999999999976,205.43999999999974,205.43999999999974,205.43999999999974,206.74000000000004,206.74000000000004,205.66999999999976,205.66999999999976,206.95000000000005,206.95000000000005,206.95000000000005,205.89999999999975,205.89999999999975,205.89999999999975,205.89999999999975,205.89999999999975,205.89999999999975,207.17000000000004,207.17000000000004,207.17000000000004,206.12999999999977,206.12999999999977,206.12999999999977,206.12999999999977,207.39000000000004,207.39000000000004,207.39000000000004,207.39000000000004,206.35999999999976,206.35999999999976,206.35999999999976,206.35999999999976,206.35999999999976,206.35999999999976,207.60000000000005,207.60000000000005,207.60000000000005,207.60000000000005,207.81000000000006,207.81000000000006,206.82999999999976,208.03000000000006,208.03000000000006,208.03000000000006,208.03000000000006,208.03000000000006,208.03000000000006,207.05999999999977,207.05999999999977,207.05999999999977,207.05999999999977,207.05999999999977,207.05999999999977,207.05999999999977,207.05999999999977,208.25000000000006,208.25000000000006,208.68000000000006,208.68000000000006,208.68000000000006,207.52999999999977,207.52999999999977,208.90000000000006,208.90000000000006,207.76999999999978,207.76999999999978,207.76999999999978,207.76999999999978,207.76999999999978,207.76999999999978,207.76999999999978,207.76999999999978,208.90000000000006,208.90000000000006,207.99999999999977,207.99999999999977,207.99999999999977,207.99999999999977,209.11000000000007,209.11000000000007,209.12000000000006,208.22999999999976,209.34000000000006,209.34000000000006,209.35000000000008,208.6999999999998,209.57000000000008,208.9399999999998,209.8000000000001,209.8000000000001,209.16999999999976,209.16999999999976,209.16999999999976,209.16999999999976,209.16999999999976,209.16999999999976,209.8000000000001,209.8000000000001,209.40999999999977,209.40999999999977,209.40999999999977,209.40999999999977,209.40999999999977,209.40999999999977,209.64999999999978,209.64999999999978,209.64999999999978,209.64999999999978,209.64999999999978,209.64999999999978,209.64999999999978,209.64999999999978,210.03000000000011,210.03000000000011,210.26000000000008,210.26000000000008,210.26000000000008,210.1299999999998,210.1299999999998,210.1299999999998,210.1299999999998,210.4900000000001,210.3699999999998,210.3699999999998,210.3699999999998,210.3799999999998,210.3799999999998,210.71000000000012,210.71000000000012,210.71000000000012,210.9300000000001,210.9300000000001,210.6199999999998,210.6199999999998,210.6199999999998,211.15000000000012,211.15000000000012,211.15000000000012,211.15000000000012,211.15000000000012,211.15000000000012,211.15000000000012,211.15000000000012,211.15000000000012,211.15000000000012,211.15000000000012,211.15000000000012,211.15000000000012,210.85999999999981,211.38000000000014,211.10999999999981,211.10999999999981,211.10999999999981,211.10999999999981,211.10999999999981,211.10999999999981,211.10999999999981,211.6000000000001,211.6000000000001,211.6000000000001,211.6000000000001,211.6000000000001,211.6000000000001,211.34999999999982,211.82000000000014,211.82000000000014,211.60999999999981,212.04000000000016,212.04000000000016,211.84999999999982,211.84999999999982,211.84999999999982,212.27000000000012,212.27000000000012,212.27000000000012,212.27000000000012,212.27000000000012,212.09999999999982,212.50000000000014,212.50000000000014,212.33999999999983,212.33999999999983,212.33999999999983,212.33999999999983,212.33999999999983,212.33999999999983,212.33999999999983,212.33999999999983,212.7200000000001,212.7200000000001,212.7200000000001,212.57999999999984,212.57999999999984,212.95000000000007,212.95000000000007,212.95000000000007,212.95000000000007,212.95000000000007,212.95000000000007,212.95000000000007,212.95000000000007,212.95000000000007,212.95000000000007,212.95000000000007,212.95000000000007,212.95000000000007,212.95000000000007,212.95000000000007,212.95000000000007,212.95000000000007,212.95000000000007,212.95000000000007,212.82999999999984,213.07999999999984,213.18000000000004,213.18000000000004,213.18000000000004,213.18000000000004,213.18000000000004,213.18000000000004,213.3199999999998,213.42000000000004,213.42000000000004,213.5699999999998,213.42000000000004,213.42000000000004,213.42000000000004,213.42000000000004,213.42000000000004,213.42000000000004,213.8199999999998,213.8199999999998,213.65,214.0699999999998,213.88000000000002,214.3199999999998,214.3199999999998,214.3199999999998,214.12000000000003,214.5699999999998,214.8199999999998,214.8199999999998,214.36000000000004,214.36000000000004,214.36000000000004,215.0699999999998,215.0699999999998,215.0699999999998,215.0699999999998,215.0699999999998,215.0699999999998,215.0699999999998,215.0699999999998,215.0699999999998,215.0699999999998,215.0699999999998,214.60000000000005,215.3199999999998,214.84000000000006,214.84000000000006,214.84000000000006,215.5699999999998,215.5699999999998,215.5699999999998,215.07000000000008,215.07000000000008,215.07000000000008,215.8199999999998,215.8199999999998,215.8199999999998,215.8199999999998,215.8199999999998,215.32000000000008,215.32000000000008,215.32000000000008,215.32000000000008,215.32000000000008,215.32000000000008,215.32000000000008,215.32000000000008,215.32000000000008,215.32000000000008,215.32000000000008,215.32000000000008,215.32000000000008,215.32000000000008,216.0699999999998,216.0699999999998,215.5600000000001,215.5600000000001,216.0699999999998,216.0699999999998,215.7900000000001,215.7900000000001,215.7900000000001,215.7900000000001,215.7900000000001,216.3199999999998,216.3199999999998,216.3199999999998,216.3199999999998,216.02000000000012,216.02000000000012,216.02000000000012,216.02000000000012,216.02000000000012,216.5699999999998,216.26000000000008,216.26000000000008,216.8199999999998,216.8199999999998,216.26000000000008,216.26000000000008,216.26000000000008,216.26000000000008,216.8199999999998,216.50000000000003,216.50000000000003,217.0699999999998,216.73999999999998,216.73999999999998,216.73999999999998,217.3199999999998,217.3199999999998,216.98999999999998,217.23,217.8199999999998,217.47,217.47,217.47,217.47,217.47,218.07999999999979,218.07999999999979,218.07999999999979,218.32999999999979,217.71,217.71,218.82999999999979,218.82999999999979,218.82999999999979,218.82999999999979,218.82999999999979,218.82999999999979,218.82999999999979,218.82999999999979,218.82999999999979,218.82999999999979,218.82999999999979,218.82999999999979,218.82999999999979,218.18999999999997,218.18999999999997,218.18999999999997,218.18999999999997,218.18999999999997,218.18999999999997,218.18999999999997,218.20000000000002,218.20000000000002,219.07999999999979,219.07999999999979,219.07999999999979,219.07999999999979,219.08999999999978,219.08999999999978,219.08999999999978,218.43999999999997,218.43999999999997,218.67999999999998,218.67999999999998,218.67999999999998,218.67999999999998,219.33999999999978,218.92,219.59999999999977,219.59999999999977,219.17,219.85999999999976,219.85999999999976,219.85999999999976,219.85999999999976,219.85999999999976,219.41,219.41,219.42,219.42,219.42,219.42,220.1199999999998,220.1199999999998,219.66,219.66,220.3799999999998,220.3799999999998,220.3799999999998,220.3799999999998,220.3799999999998,220.3799999999998,219.91,219.91,219.91,220.6399999999998,220.6399999999998,220.8899999999998,220.8899999999998,220.39000000000001,220.39000000000001,220.39000000000001,221.1399999999998,221.1399999999998,221.1399999999998,220.64000000000001,220.64000000000001,221.39999999999978,221.39999999999978,220.9,220.9,220.9,220.9,220.9,220.9,220.9,220.9,220.9,220.9,220.9,220.9,221.65999999999983,221.16000000000005,221.16000000000005,221.91999999999982,221.91999999999982,221.91999999999982,221.41000000000005,222.1799999999998,222.1799999999998,222.1799999999998,222.1799999999998,222.1799999999998,222.1799999999998,221.67000000000004,221.67000000000004,221.67000000000004,222.1799999999998,222.1799999999998,222.1799999999998,222.1799999999998,222.1799999999998,221.93000000000004,222.44999999999985,222.18000000000004,222.18000000000004,222.18000000000004,222.70999999999984,222.43000000000004,222.43000000000004,222.43000000000004,222.43000000000004,222.43000000000004,222.43000000000004,222.43000000000004,222.43000000000004,222.43000000000004,222.43000000000004,222.43000000000004,222.96999999999983,222.96999999999983,222.96999999999983,222.96999999999983,222.96999999999983,222.96999999999983,222.68000000000004,222.68000000000004,222.68000000000004,223.2399999999998,223.2399999999998,223.2399999999998,223.2399999999998,222.93000000000004,222.93000000000004,223.49999999999986,223.18000000000004,223.18000000000004,223.18000000000004,223.18000000000004,223.76999999999984,223.76999999999984,223.76999999999984,223.76999999999984,223.76999999999984,223.76999999999984,223.76999999999984,223.43000000000004,224.03999999999982,224.03999999999982,223.68000000000004,223.68000000000004,223.68000000000004,223.68000000000004,223.68000000000004,223.68000000000004,224.03999999999982,224.03999999999982,224.03999999999982,224.03999999999982,224.03999999999982,223.94000000000003,223.94000000000003,223.94000000000003,224.20000000000002,224.20000000000002,224.5699999999998,224.46,224.46,224.82999999999979,225.09999999999982,224.96,225.3699999999998,225.3699999999998,225.22,225.3699999999998,225.3699999999998,225.3699999999998,225.3699999999998,225.3699999999998,225.3699999999998,225.48,225.74999999999997,225.74999999999997,225.74999999999997,225.90999999999983,225.90999999999983,226.01999999999995,226.01999999999995,225.90999999999983,226.27999999999994,226.27999999999994,226.27999999999994,226.27999999999994,226.27999999999994,226.1799999999998,226.1799999999998,226.1799999999998,226.1799999999998,226.54,226.44999999999985,226.44999999999985,226.44999999999985,226.44999999999985,226.79,226.79,226.79,226.44999999999985,226.44999999999985,226.44999999999985,226.44999999999985,227.04999999999998,227.04999999999998,226.44999999999985,226.44999999999985,226.44999999999985,226.71999999999983,226.71999999999983,226.71999999999983,227.29999999999998,227.29999999999998,227.29999999999998,226.71999999999983,227.55999999999997,227.00999999999985,227.82999999999996,227.82999999999996,227.82999999999996,227.82999999999996,227.82999999999996,227.00999999999985,227.28999999999988,227.28999999999988,228.09,228.09,228.09,228.09,228.09,227.28999999999988,228.35999999999999,228.35999999999999,227.28999999999988,227.28999999999988,227.28999999999988,227.28999999999988,227.28999999999988,227.28999999999988,227.55999999999986,227.55999999999986,227.55999999999986,227.55999999999986,228.9,228.9,227.8299999999999,229.17,229.17,229.17,229.17,229.17,229.17,229.17,229.17,229.17,227.8299999999999,227.8299999999999,229.43000000000004,229.43000000000004,229.43000000000004,229.43000000000004,227.8299999999999,229.69000000000003,227.8299999999999,227.8299999999999,227.8299999999999,227.8299999999999,227.8299999999999,229.96,229.96,228.10999999999987,228.10999999999987,228.10999999999987,230.22,230.48,230.48,230.74000000000004,228.3899999999999,228.3899999999999,228.3899999999999,228.3899999999999,228.3899999999999,228.3899999999999,228.3899999999999,231.02,231.02,228.3899999999999,228.3899999999999,228.3899999999999,231.29,231.29,231.29,228.3899999999999,231.56000000000003,231.56000000000003,231.56000000000003,228.66999999999987,231.83,228.9599999999999,228.9599999999999,228.9599999999999,228.9599999999999,232.09,232.09,228.9599999999999,232.35,232.35,232.35999999999999,232.35999999999999,232.35999999999999,232.35999999999999,228.9599999999999,228.9599999999999,228.9599999999999,228.9599999999999,228.9599999999999,228.9599999999999,228.9599999999999,228.9599999999999,228.9599999999999,232.61999999999998,228.9599999999999,228.9599999999999,232.88999999999996,232.88999999999996,232.88999999999996,232.88999999999996,232.88999999999996,232.88999999999996,229.23999999999987,233.16,233.16,229.5199999999999,229.5199999999999,229.5199999999999,229.5199999999999,229.80999999999986,229.80999999999986,229.80999999999986,229.80999999999986,229.80999999999986,229.80999999999986,229.80999999999986,229.80999999999986,229.80999999999986,233.70999999999995,233.70999999999995,233.70999999999995,229.80999999999986,233.98999999999998,233.98999999999998,233.98999999999998,233.98999999999998,233.98999999999998,233.98999999999998,233.98999999999998,229.80999999999986,234.27,230.09999999999988,230.09999999999988,230.09999999999988,234.54999999999998,234.54999999999998,234.54999999999998,234.54999999999998,234.54999999999998,234.54999999999998,230.09999999999988,230.3899999999999,230.3899999999999,230.3899999999999,230.3899999999999,230.3899999999999,235.1,230.66999999999993,230.66999999999993,230.66999999999993,230.66999999999993,230.66999999999993,235.1,235.1,235.1,235.1,235.1,230.9599999999999,230.9599999999999,230.9599999999999,230.9599999999999,231.23999999999987,235.37000000000003,235.37000000000003,235.37000000000003,231.23999999999987,231.23999999999987,231.23999999999987,231.23999999999987,235.65000000000006,231.52999999999983,231.52999999999983,231.52999999999983,235.93000000000004,235.93000000000004,235.93000000000004,235.93000000000004,231.52999999999983,231.52999999999983,231.52999999999983,236.21000000000006,236.21000000000006,231.80999999999986,231.80999999999986,236.21000000000006,236.21000000000006,236.21000000000006,231.80999999999986,231.80999999999986,236.4800000000001,236.4800000000001,232.09999999999988,232.09999999999988,236.4800000000001,236.4800000000001,232.3899999999999,232.3899999999999,232.3899999999999,236.4800000000001,236.4800000000001,236.4800000000001,236.4800000000001,232.6899999999999,232.6899999999999,232.6899999999999,232.97999999999988,236.76000000000008,236.76000000000008,236.76000000000008,236.76000000000008,232.97999999999988,232.97999999999988,236.76000000000008,236.76000000000008,236.76000000000008,232.97999999999988,236.76000000000008,236.76000000000008,236.76000000000008,232.97999999999988,232.97999999999988,232.97999999999988,232.97999999999988,232.97999999999988,232.97999999999988,237.05000000000004,237.05000000000004,237.05000000000004,237.05000000000004,237.05000000000004,237.05000000000004,232.97999999999988,232.97999999999988,232.97999999999988,232.97999999999988,237.6200000000001,237.6200000000001,237.6200000000001,237.6200000000001,233.2799999999999,233.2799999999999,237.90000000000006,233.2799999999999,233.2799999999999,233.2799999999999,233.2799999999999,233.2799999999999,233.2799999999999,233.2799999999999,233.2799999999999,238.19000000000008,238.19000000000008,238.19000000000008,238.19000000000008,233.2799999999999,238.20000000000007,233.5699999999999,233.5699999999999,238.4800000000001,238.4800000000001,238.4800000000001,238.4800000000001,238.4800000000001,238.4800000000001,238.4800000000001,233.86999999999992,233.86999999999992,233.86999999999992,233.86999999999992,238.4800000000001,238.4800000000001,233.86999999999992,238.4800000000001,238.4800000000001,238.4800000000001,238.4800000000001,238.4800000000001,234.16999999999987,234.16999999999987,234.16999999999987,234.16999999999987,234.16999999999987,238.77000000000012,238.77000000000012,238.77000000000012,238.77000000000012,238.77000000000012,234.46999999999989,234.46999999999989,239.0600000000001,234.7699999999999,234.7699999999999,234.7699999999999,239.3500000000001,239.3500000000001,239.3500000000001,239.3500000000001,239.3500000000001,239.3500000000001,239.3500000000001,239.3500000000001,239.3500000000001,239.3500000000001,239.3500000000001,234.7699999999999,239.3500000000001,239.3500000000001,239.3500000000001,239.3500000000001,234.7699999999999,234.7699999999999,239.64000000000013,239.64000000000013,239.64000000000013,239.64000000000013,235.06999999999985,239.64000000000013,239.64000000000013,239.64000000000013,239.64000000000013,239.64000000000013,235.36999999999986,235.36999999999986,235.36999999999986,235.36999999999986,235.36999999999986,235.36999999999986,235.36999999999986,235.36999999999986,239.64000000000013,239.64000000000013,239.64000000000013,235.36999999999986,239.94000000000014,235.66999999999987,235.66999999999987,235.66999999999987,235.67999999999986,235.67999999999986,235.67999999999986,239.94000000000014,239.94000000000014,235.97999999999988,235.97999999999988,235.97999999999988,240.24000000000015,240.24000000000015,240.24000000000015,240.24000000000015,240.24000000000015,240.24000000000015,240.24000000000015,236.27999999999983,236.27999999999983,236.28999999999988,236.28999999999988,236.28999999999988,240.54000000000016,236.58999999999983,236.58999999999983,240.54000000000016,240.54000000000016,240.54000000000016,236.58999999999983,236.58999999999983,236.58999999999983,236.58999999999983,240.84000000000017,240.84000000000017,236.88999999999984,240.84000000000017,236.88999999999984,240.84000000000017,236.88999999999984,240.84000000000017,236.88999999999984,240.84000000000017,240.84000000000017,240.84000000000017,236.88999999999984,240.84000000000017,240.84000000000017,240.84000000000017,237.19999999999985,237.19999999999985,237.50999999999985,237.50999999999985,237.50999999999985,237.50999999999985,237.50999999999985,237.50999999999985,237.50999999999985,237.50999999999985,237.50999999999985,237.50999999999985,237.50999999999985,237.50999999999985,237.50999999999985,237.50999999999985,237.50999999999985,237.50999999999985,237.50999999999985,237.50999999999985,237.50999999999985,237.50999999999985,237.50999999999985,237.50999999999985,237.50999999999985,237.50999999999985,237.50999999999985,237.50999999999985,241.1300000000002,241.1300000000002,241.1300000000002,241.1300000000002,241.1300000000002,237.50999999999985,237.50999999999985,237.50999999999985,241.1300000000002,241.1300000000002,237.80999999999986,237.80999999999986,237.80999999999986,237.80999999999986,237.80999999999986,237.80999999999986,237.80999999999986,237.80999999999986,237.80999999999986,237.80999999999986,237.80999999999986,237.80999999999986,237.80999999999986,237.80999999999986,237.80999999999986,237.80999999999986,237.80999999999986,237.80999999999986,237.80999999999986,237.80999999999986,237.80999999999986,237.80999999999986,237.80999999999986,241.42000000000016,238.11999999999986,238.11999999999986,238.11999999999986,238.11999999999986,238.11999999999986,238.11999999999986,238.11999999999986,238.11999999999986,238.11999999999986,238.11999999999986,238.11999999999986,238.11999999999986,238.11999999999986,238.11999999999986,238.11999999999986,238.11999999999986,241.42000000000016,241.42000000000016,241.42000000000016,241.42000000000016,238.41999999999987,238.41999999999987,238.41999999999987,238.41999999999987,238.41999999999987,238.41999999999987,238.41999999999987,238.41999999999987,238.41999999999987,238.41999999999987,238.41999999999987,238.41999999999987,241.42000000000016,241.42000000000016,241.42000000000016,241.42000000000016,241.42000000000016,238.72999999999988,238.72999999999988,238.72999999999988,238.72999999999988,238.73999999999987,238.73999999999987,238.73999999999987,238.73999999999987,238.73999999999987,241.71000000000018,241.71000000000018,239.04999999999987,239.04999999999987,239.04999999999987,242.00000000000014,239.35999999999987,239.35999999999987,239.35999999999987,239.35999999999987,239.35999999999987,239.35999999999987,239.35999999999987,239.35999999999987,239.35999999999987,239.35999999999987,239.35999999999987,239.35999999999987,239.35999999999987,239.35999999999987,239.35999999999987,239.35999999999987,242.30000000000015,239.66999999999987,239.66999999999987,239.66999999999987,242.30000000000015,242.30000000000015,239.96999999999989,239.96999999999989,239.96999999999989,239.96999999999989,239.96999999999989,239.96999999999989,239.96999999999989,239.96999999999989,239.96999999999989,239.96999999999989,239.97999999999988,239.97999999999988,239.97999999999988,239.97999999999988,239.97999999999988,239.97999999999988,239.97999999999988,239.97999999999988,239.97999999999988,242.30000000000015,239.97999999999988,239.97999999999988,239.97999999999988,239.97999999999988,239.97999999999988,239.97999999999988,239.97999999999988,239.97999999999988,242.6100000000001,242.6100000000001,240.28999999999988,240.28999999999988,240.28999999999988,240.28999999999988,240.28999999999988,240.28999999999988,240.28999999999988,242.9100000000001,242.9100000000001,242.9100000000001,240.59999999999988,240.59999999999988,240.59999999999988,240.59999999999988,240.59999999999988,240.59999999999988,240.59999999999988,243.21000000000012,243.21000000000012,243.21000000000012,243.21000000000012,243.21000000000012,240.91999999999987,240.91999999999987,240.91999999999987,240.91999999999987,240.91999999999987,243.52000000000012,241.22999999999988,241.22999999999988,241.22999999999988,243.84000000000012,243.84000000000012,243.84000000000012,243.84000000000012,241.54999999999987,241.54999999999987,241.54999999999987,241.54999999999987,241.54999999999987,243.84000000000012,243.84000000000012,243.84000000000012,243.84000000000012,241.86999999999986,241.86999999999986,241.86999999999986,244.15000000000012,242.18999999999986,242.18999999999986,244.46000000000012,244.46000000000012,244.46000000000012,244.46000000000012,242.18999999999986,242.18999999999986,242.18999999999986,242.18999999999986,242.18999999999986,242.18999999999986,242.18999999999986,242.18999999999986,242.18999999999986,242.18999999999986,242.18999999999986,242.18999999999986,242.18999999999986,242.18999999999986,242.18999999999986,242.18999999999986,242.18999999999986,242.18999999999986,242.18999999999986,242.18999999999986,242.18999999999986,242.18999999999986,242.18999999999986,242.18999999999986,242.18999999999986,242.18999999999986,242.18999999999986,242.18999999999986,242.18999999999986,242.18999999999986,242.18999999999986,244.76000000000008,244.76000000000008,244.76000000000008,242.50999999999985,242.50999999999985,242.50999999999985,242.50999999999985,242.50999999999985,242.50999999999985,242.50999999999985,242.50999999999985,242.50999999999985,242.50999999999985,242.50999999999985,242.50999999999985,242.50999999999985,242.50999999999985,242.50999999999985,242.50999999999985,242.50999999999985,242.50999999999985,242.50999999999985,245.05000000000004,245.05000000000004,245.05000000000004,245.05000000000004,245.05000000000004,245.05000000000004,245.05000000000004,242.82999999999984,242.82999999999984,242.82999999999984,245.05000000000004,245.05000000000004,243.1499999999999,245.05000000000004,245.05000000000004,245.05000000000004,245.05000000000004,243.47999999999988,243.47999999999988,243.47999999999988,245.36000000000004,245.36000000000004,245.36000000000004,245.36000000000004,245.36000000000004,243.80999999999986,243.80999999999986,243.80999999999986,243.80999999999986,243.80999999999986,243.80999999999986,243.80999999999986,243.80999999999986,245.67000000000004,245.67000000000004,245.6800000000001,245.6800000000001,244.13999999999984,244.13999999999984,244.13999999999984,244.13999999999984,244.13999999999984,245.98000000000005,245.98000000000005,244.46999999999989,244.46999999999989,244.46999999999989,244.46999999999989,244.46999999999989,245.98000000000005,244.78999999999988,244.78999999999988,244.78999999999988,245.98000000000005,244.78999999999988,244.78999999999988,244.78999999999988,244.78999999999988,244.78999999999988,244.78999999999988,244.78999999999988,244.78999999999988,244.78999999999988,244.78999999999988,244.78999999999988,244.78999999999988,244.78999999999988,244.78999999999988,244.78999999999988,244.78999999999988,244.78999999999988,244.78999999999988,244.78999999999988,244.78999999999988,244.78999999999988,246.28000000000006,246.28000000000006,246.29000000000005,244.78999999999988,246.60000000000005,246.60000000000005,244.78999999999988,244.78999999999988,244.78999999999988,244.78999999999988,244.78999999999988,244.78999999999988,244.78999999999988,244.78999999999988,244.78999999999988,244.79999999999987,244.79999999999987,244.79999999999987,244.79999999999987,244.79999999999987,244.79999999999987,244.79999999999987,246.60000000000005,246.60000000000005,246.60000000000005,246.60000000000005,246.60000000000005,244.79999999999987,244.79999999999987,244.79999999999987,246.60000000000005,246.60000000000005,246.60000000000005,246.60000000000005,246.60000000000005,246.60000000000005,246.60000000000005,246.61000000000004,246.61000000000004,244.79999999999987,244.79999999999987,244.79999999999987,244.79999999999987,244.79999999999987,244.79999999999987,244.79999999999987,244.79999999999987,244.79999999999987,244.79999999999987,244.79999999999987,244.79999999999987,244.79999999999987,244.79999999999987,244.79999999999987,244.79999999999987,244.79999999999987,244.79999999999987,244.79999999999987,246.92000000000004,246.92000000000004,246.92000000000004,246.92000000000004,246.92000000000004,246.92000000000004,246.92000000000004,246.92000000000004,246.92000000000004,246.92000000000004,246.92000000000004,246.92000000000004,246.92000000000004,246.92000000000004,246.92000000000004,246.92000000000004,246.92000000000004,246.92000000000004,246.92000000000004,246.92000000000004,246.92000000000004,246.92000000000004,246.92000000000004,246.93000000000004,246.93000000000004,246.93000000000004,246.93000000000004,244.79999999999987,244.79999999999987,247.25000000000003,247.25000000000003,247.25000000000003,245.11999999999986,245.12999999999985,245.12999999999985,247.55000000000004,247.55000000000004,245.45999999999984,245.45999999999984,245.45999999999984,245.45999999999984,245.45999999999984,245.45999999999984,245.45999999999984,245.45999999999984,245.45999999999984,247.86000000000004,247.86000000000004,247.86000000000004,247.86000000000004,247.86000000000004,247.86000000000004,247.87000000000003,247.87000000000003,245.78999999999988,245.78999999999988,245.78999999999988,245.78999999999988,245.78999999999988,248.17000000000004,248.17000000000004,248.17000000000004,248.17000000000004,248.17000000000004,248.17000000000004,248.17000000000004,248.17000000000004,248.17000000000004,248.17000000000004,248.17000000000004,248.17000000000004,248.17000000000004,248.17000000000004,246.11999999999986,246.11999999999986,246.11999999999986,246.11999999999986,246.11999999999986,246.11999999999986,246.11999999999986,246.11999999999986,246.11999999999986,246.11999999999986,246.11999999999986,246.11999999999986,246.11999999999986,248.17000000000004,248.17000000000004,248.17000000000004,246.45999999999984,246.45999999999984,246.45999999999984,246.45999999999984,246.45999999999984,246.45999999999984,246.45999999999984,246.45999999999984,246.45999999999984,248.48000000000005,246.78999999999982,246.78999999999982,246.78999999999982,246.78999999999982,246.78999999999982,246.78999999999982,246.78999999999982,246.78999999999982,246.78999999999982,246.78999999999982,246.78999999999982,246.78999999999982,246.78999999999982,246.78999999999982,246.78999999999982,246.78999999999982,248.79000000000005,248.79000000000005,248.79000000000005,248.79000000000005,248.79000000000005,248.79000000000005,248.79000000000005,247.11999999999986,247.11999999999986,247.11999999999986,247.11999999999986,247.11999999999986,247.11999999999986,247.11999999999986,247.11999999999986,247.11999999999986,247.11999999999986,247.11999999999986,247.11999999999986,247.11999999999986,247.11999999999986,247.12999999999985,249.09000000000006,247.12999999999985,249.09000000000006,247.12999999999985,249.09000000000006,247.12999999999985,249.09000000000006,247.12999999999985,249.09000000000006,247.12999999999985,249.09000000000006,247.12999999999985,249.09000000000006,247.12999999999985,249.09000000000006,247.12999999999985,249.09000000000006,247.12999999999985,249.09000000000006,247.12999999999985,249.09000000000006,247.12999999999985,249.09000000000006,247.12999999999985,249.09000000000006,247.12999999999985,249.09000000000006,247.12999999999985,249.09000000000006,247.12999999999985,249.09000000000006,247.12999999999985,249.09000000000006,247.12999999999985,249.09000000000006,247.12999999999985,249.09000000000006,247.12999999999985,249.09000000000006,247.12999999999985,249.09000000000006,247.12999999999985,249.09000000000006,247.12999999999985,249.09000000000006,247.12999999999985,249.09000000000006,247.12999999999985,249.09000000000006,247.12999999999985,249.09000000000006,247.12999999999985,249.09000000000006,247.12999999999985,249.09000000000006,247.12999999999985,249.09000000000006,247.12999999999985,249.09000000000006,247.12999999999985,247.12999999999985,247.12999999999985,247.12999999999985,247.13999999999984,247.13999999999984,247.13999999999984,247.13999999999984,247.13999999999984,247.13999999999984,247.13999999999984,247.13999999999984,247.13999999999984,247.13999999999984,247.13999999999984,247.13999999999984,247.13999999999984,247.13999999999984,247.13999999999984,247.13999999999984,247.13999999999984,247.13999999999984,247.13999999999984,247.13999999999984,247.13999999999984,247.13999999999984,247.13999999999984,247.13999999999984,247.13999999999984,247.13999999999984,247.13999999999984,247.13999999999984,247.13999999999984,247.13999999999984,247.13999999999984,247.13999999999984,247.13999999999984,247.13999999999984,247.13999999999984,247.13999999999984,247.13999999999984,247.13999999999984,247.13999999999984,247.13999999999984,247.13999999999984,247.13999999999984,247.13999999999984,247.13999999999984,247.13999999999984,247.13999999999984,247.13999999999984,247.13999999999984,247.13999999999984,247.13999999999984,247.13999999999984,247.13999999999984,247.13999999999984,247.13999999999984,247.13999999999984,247.13999999999984,247.13999999999984,247.13999999999984,247.13999999999984,247.13999999999984,247.13999999999984,247.13999999999984,247.13999999999984,247.13999999999984,247.13999999999984,247.13999999999984,247.13999999999984,247.13999999999984,247.13999999999984,247.13999999999984,247.13999999999984,247.13999999999984,247.13999999999984,247.13999999999984,247.13999999999984,247.13999999999984,247.13999999999984,247.13999999999984,247.13999999999984,247.13999999999984,247.13999999999984,247.13999999999984,247.13999999999984,247.13999999999984,247.13999999999984,247.13999999999984,247.13999999999984,247.13999999999984,247.13999999999984,247.13999999999984,247.13999999999984,247.13999999999984,247.13999999999984,247.13999999999984,247.13999999999984,247.13999999999984,247.13999999999984,247.13999999999984,247.13999999999984,247.13999999999984,247.13999999999984,247.13999999999984,247.13999999999984,247.13999999999984,247.13999999999984,247.13999999999984,247.14999999999984,247.14999999999984,247.14999999999984,247.14999999999984,247.14999999999984,247.14999999999984,247.14999999999984,247.14999999999984,247.14999999999984,247.14999999999984,247.14999999999984,247.15999999999983,247.15999999999983,247.15999999999983,247.15999999999983,247.15999999999983,247.15999999999983,247.15999999999983,247.15999999999983,247.15999999999983,247.15999999999983,247.15999999999983,247.15999999999983,247.15999999999983,247.15999999999983,247.15999999999983,247.15999999999983,247.15999999999983,247.15999999999983,247.15999999999983,247.15999999999983,247.15999999999983,247.15999999999983,247.16999999999987,247.16999999999987,247.16999999999987,247.16999999999987,247.16999999999987,247.16999999999987,247.16999999999987,247.16999999999987,247.16999999999987,247.16999999999987,247.16999999999987,247.16999999999987,247.16999999999987,247.16999999999987,247.16999999999987,247.16999999999987,249.09000000000006,247.50999999999985,247.50999999999985,247.50999999999985,247.50999999999985,247.50999999999985,247.50999999999985,247.50999999999985,247.50999999999985,247.50999999999985,247.50999999999985,247.50999999999985,247.50999999999985,247.50999999999985,247.50999999999985,247.50999999999985,247.50999999999985,249.09000000000006,249.09000000000006,249.09000000000006,249.09000000000006,249.09000000000006,247.8399999999999,247.8399999999999,247.8399999999999,249.09000000000006,247.8399999999999,249.09000000000006,247.8399999999999,249.09000000000006,247.8399999999999,249.09000000000006,247.8399999999999,249.09000000000006,247.8399999999999,249.09000000000006,247.8399999999999,249.09000000000006,247.8399999999999,249.09000000000006,247.8399999999999,247.8399999999999,247.8399999999999,247.8399999999999,247.8399999999999,247.8399999999999,247.8399999999999,247.8399999999999,247.8399999999999,247.8399999999999,247.8399999999999,247.8399999999999,247.8399999999999,247.8399999999999,247.8399999999999,247.8399999999999,247.8399999999999,247.8399999999999,247.8399999999999,247.8399999999999,247.8399999999999,247.8399999999999,247.8399999999999,247.8399999999999,247.8399999999999,249.09000000000006,249.09000000000006,249.09000000000006,249.09000000000006,249.09000000000006,249.1000000000001,249.1000000000001,249.1000000000001,249.1000000000001,248.17999999999992,248.17999999999992,248.17999999999992,248.17999999999992,248.17999999999992,248.17999999999992,248.17999999999992,248.17999999999992,248.17999999999992,248.17999999999992,248.17999999999992,248.17999999999992,248.17999999999992,248.17999999999992,248.17999999999992,248.17999999999992,248.17999999999992,248.17999999999992,248.17999999999992,248.17999999999992,248.17999999999992,248.17999999999992,249.4100000000001,248.51999999999995,248.51999999999995,248.51999999999995,248.51999999999995,248.51999999999995,248.51999999999995,248.51999999999995,248.51999999999995,248.51999999999995,248.51999999999995,249.72000000000006,248.51999999999995,248.51999999999995,248.51999999999995,248.51999999999995,248.51999999999995,248.51999999999995,248.51999999999995,248.51999999999995,248.51999999999995,248.51999999999995,248.51999999999995,248.51999999999995,248.51999999999995,248.51999999999995,248.51999999999995,248.51999999999995,248.51999999999995,248.51999999999995,248.51999999999995,248.51999999999995,248.51999999999995,248.51999999999995,248.51999999999995,248.51999999999995,248.51999999999995,248.51999999999995,248.51999999999995,248.51999999999995,248.51999999999995,250.03000000000006,250.03000000000006,250.03000000000006,250.03000000000006,250.03000000000006,250.03000000000006,248.85999999999999,248.85999999999999,248.85999999999999,248.85999999999999,248.85999999999999,248.85999999999999,248.85999999999999,248.85999999999999,248.85999999999999,248.85999999999999,248.85999999999999,248.85999999999999,248.85999999999999,248.85999999999999,248.85999999999999,248.85999999999999,248.85999999999999,248.85999999999999,248.85999999999999,248.85999999999999,248.85999999999999,248.85999999999999,248.85999999999999,248.85999999999999,248.85999999999999,248.85999999999999,248.85999999999999,248.85999999999999,248.85999999999999,248.85999999999999,248.85999999999999,248.87000000000003,248.87000000000003,248.87000000000003,248.87000000000003,248.87000000000003,248.87000000000003,248.87000000000003,248.87000000000003,248.87000000000003,248.87000000000003,248.87000000000003,248.87000000000003,248.87000000000003,250.0400000000001,250.0400000000001,250.0400000000001,249.22,249.22,249.22,249.22,250.3600000000001,249.22,250.3600000000001,249.22,250.3600000000001,249.22,250.3600000000001,250.3600000000001,250.3600000000001,250.3600000000001,250.3600000000001,250.3600000000001,250.3600000000001,250.3600000000001,250.3600000000001,250.3600000000001,250.3600000000001,250.3600000000001,250.3600000000001,250.3600000000001,250.3600000000001,250.3600000000001,250.3700000000001,250.69000000000008,250.69000000000008,250.69000000000008,249.57000000000002,250.69000000000008,250.69000000000008,249.57000000000002,250.69000000000008,249.57000000000002,250.69000000000008,250.69000000000008,250.69000000000008,250.69000000000008,250.69000000000008,250.69000000000008,250.69000000000008,250.69000000000008,250.69000000000008,250.69000000000008,251.01000000000013,251.01000000000013,249.57000000000002,251.01000000000013,249.57000000000002,251.01000000000013,249.57000000000002,249.57000000000002,249.57000000000002,249.57000000000002,249.57000000000002,249.57000000000002,249.57000000000002,249.57000000000002,249.57000000000002,249.57000000000002,249.57000000000002,249.57000000000002,249.57000000000002,249.57000000000002,249.57000000000002,249.57000000000002,249.57000000000002,249.57000000000002,249.57000000000002,251.3500000000001,251.3500000000001,251.3500000000001,251.3500000000001,251.3500000000001,251.3500000000001,251.3500000000001,249.57000000000002,249.57000000000002,249.57000000000002,249.57000000000002,249.57000000000002,249.57000000000002,249.57000000000002,249.57000000000002,249.57000000000002,249.58,249.58,249.58,249.58,249.58,249.58,249.58,249.58,249.58,249.58,249.58,249.58,249.58,249.58,249.58,249.58,249.58,249.58,249.58,249.58,249.58,249.58,249.58,249.58,249.58,249.58,249.58,249.58,249.58,249.58,249.58,249.58,249.58,249.58,249.58,249.58,249.59,249.59,249.59,249.59,249.59,249.59,249.59,249.59,249.59,249.59,249.59,249.59,249.59,249.59,249.59,249.59,249.59,249.59,249.59,249.59,249.59,249.59,249.59,249.59,249.59,249.59,249.59,249.59,249.59,249.59,249.59,249.59,249.59,249.60000000000005,249.60000000000005,249.60000000000005,249.60000000000005,249.60000000000005,249.60000000000005,249.60000000000005,249.60000000000005,249.60000000000005,249.60000000000005,249.60000000000005,249.60000000000005,249.60000000000005,249.60000000000005,249.60000000000005,249.60000000000005,249.60000000000005,249.60000000000005,249.60000000000005,249.60000000000005,249.60000000000005,249.60000000000005,249.60000000000005,249.60000000000005,249.60000000000005,249.60000000000005,249.60000000000005,249.60000000000005,249.60000000000005,249.60000000000005,249.60000000000005,249.60000000000005,249.60000000000005,249.60000000000005,249.60000000000005,249.60000000000005,249.60000000000005,249.60000000000005,249.60000000000005,249.60000000000005,249.60000000000005,249.60000000000005,249.60000000000005,249.60000000000005,249.60000000000005,249.60000000000005,249.60000000000005,249.60000000000005,249.60000000000005,249.60000000000005,249.60000000000005,249.60000000000005,249.60000000000005,249.60000000000005,249.60000000000005,249.60000000000005,249.60000000000005,249.60000000000005,249.60000000000005,249.60000000000005,249.60000000000005,249.60000000000005,249.60000000000005,249.60000000000005,249.60000000000005,249.60000000000005,249.60000000000005,249.60000000000005,249.60000000000005,251.6800000000001,251.6800000000001,251.6800000000001,251.6800000000001,251.6800000000001,251.6800000000001,251.6800000000001,251.6800000000001,251.6800000000001,251.6800000000001,251.6800000000001,251.6800000000001,251.6800000000001,251.6800000000001,251.6800000000001,251.6800000000001,251.6800000000001,251.6800000000001,251.6800000000001,251.6800000000001,251.6800000000001,251.6800000000001,251.6800000000001,251.6800000000001,251.6800000000001,251.6800000000001,251.6800000000001,251.6800000000001,251.6800000000001,251.6800000000001,251.6800000000001,251.6800000000001,249.60000000000005,249.60000000000005,249.60000000000005,249.60000000000005,249.60000000000005,249.60000000000005,249.60000000000005,249.60000000000005,249.60000000000005,249.60000000000005,249.60000000000005,249.60000000000005,249.60000000000005,249.60000000000005,249.60000000000005,249.60000000000005,249.60000000000005,249.60000000000005,249.60000000000005,249.60000000000005,249.60000000000005,249.60000000000005,249.60000000000005,249.60000000000005,249.60000000000005,249.60000000000005,249.60000000000005,249.60000000000005,249.60000000000005,249.60000000000005,249.60000000000005,249.60000000000005,249.60000000000005,249.60000000000005,249.60000000000005,249.60000000000005,249.60000000000005,249.60000000000005,249.60000000000005,249.60000000000005,249.60000000000005,249.60000000000005,249.60000000000005,249.60000000000005,249.60000000000005,249.60000000000005,249.60000000000005,249.60000000000005,249.60000000000005,249.60000000000005,249.60000000000005,249.60000000000005,249.60000000000005,249.60000000000005,249.60000000000005,249.60000000000005,249.60000000000005,249.60000000000005,249.60000000000005,249.60000000000005,249.60000000000005,249.60000000000005,249.60000000000005,249.60000000000005,249.60000000000005,249.60000000000005,249.60000000000005,249.60000000000005,249.60000000000005,249.60000000000005,249.60000000000005,249.60000000000005,249.60000000000005,249.61000000000004,249.61000000000004,249.61000000000004,249.61000000000004,249.61000000000004,249.61000000000004,252.01000000000008,249.61000000000004,249.61000000000004,249.61000000000004,249.61000000000004,249.61000000000004,249.61000000000004,249.6200000000001,249.6200000000001,249.6200000000001,249.6200000000001,249.6200000000001,249.6200000000001,249.6200000000001,249.6200000000001,249.6200000000001,249.6200000000001,249.6200000000001,249.6200000000001,249.6200000000001,249.6200000000001,249.6200000000001,249.6200000000001,249.6200000000001,249.6200000000001,249.6200000000001,249.6200000000001,249.6200000000001,249.6200000000001,249.6200000000001,249.6200000000001,249.6200000000001,249.6200000000001,249.6200000000001,249.6200000000001,249.6200000000001,249.6200000000001,249.6200000000001,249.6200000000001,249.6200000000001,249.6200000000001,249.6200000000001,249.6200000000001,249.6200000000001,249.6200000000001,249.6200000000001,249.6200000000001,249.6200000000001,249.6200000000001,249.6200000000001,249.6200000000001,249.6200000000001,249.6200000000001,249.6200000000001,249.6200000000001,249.6200000000001,249.6200000000001,249.6200000000001,249.6200000000001,249.6200000000001,249.6200000000001,249.6200000000001,249.6200000000001,249.6200000000001,249.6200000000001,249.6200000000001,249.6200000000001,249.6200000000001,249.6200000000001,249.6200000000001,249.6200000000001,249.6200000000001,249.6200000000001,249.6200000000001,249.6200000000001,249.6200000000001,249.6200000000001,249.6200000000001,249.6200000000001,249.6200000000001,249.6200000000001,249.6200000000001,249.6200000000001,249.6200000000001,249.6200000000001,249.6200000000001,249.6200000000001,249.6200000000001,249.6200000000001,249.6200000000001,249.6200000000001,249.6200000000001,249.6200000000001,249.6200000000001,249.6200000000001,249.6200000000001,249.6200000000001,249.6200000000001,249.6200000000001,249.6200000000001,249.6200000000001,249.6200000000001,249.6200000000001,249.6200000000001,249.6200000000001,249.6200000000001,249.6200000000001,249.6200000000001,249.6200000000001,249.6200000000001,249.6200000000001,249.6200000000001,249.6200000000001,249.6200000000001,249.6200000000001,249.6200000000001,249.6200000000001,249.6200000000001,249.6200000000001,249.6200000000001,249.6200000000001,249.6200000000001,249.6200000000001,249.6200000000001,249.6200000000001,249.6200000000001,249.6200000000001,249.6200000000001,249.6200000000001,249.6200000000001,249.6200000000001,249.6200000000001,249.6200000000001,249.6200000000001,249.6200000000001,249.6200000000001,249.6200000000001,249.6200000000001,249.6200000000001,249.6200000000001,249.6200000000001,249.6200000000001,249.6200000000001,249.6200000000001,249.6200000000001,249.6200000000001,249.6200000000001,249.6200000000001,249.6200000000001,249.6200000000001,249.6200000000001,249.6200000000001,249.6200000000001,249.6200000000001,249.6200000000001,249.6200000000001,249.6200000000001,249.6200000000001,249.6200000000001,249.6200000000001,249.6200000000001,249.6200000000001,249.6200000000001,249.6200000000001,249.6200000000001,249.6200000000001,249.6200000000001,249.6200000000001,249.6200000000001,249.6200000000001,249.6200000000001,249.6200000000001,249.6200000000001,249.6200000000001,249.6200000000001,249.6200000000001,249.6200000000001,249.6200000000001,249.6200000000001,249.6200000000001,249.6200000000001,249.6200000000001,249.6200000000001,249.6200000000001,249.6200000000001,249.6200000000001,249.6200000000001,249.6200000000001,249.6200000000001,249.6200000000001,249.6200000000001,249.6200000000001,249.6200000000001,249.6200000000001,249.6200000000001,249.6200000000001,249.6200000000001,249.6200000000001,249.6200000000001,249.6200000000001,249.6200000000001,249.6200000000001,249.6200000000001,249.6200000000001,249.6200000000001,249.6200000000001,249.6200000000001,249.6200000000001,249.6200000000001,249.6200000000001,249.6200000000001,249.6200000000001,249.6200000000001,249.6200000000001,249.6200000000001,249.6200000000001,249.6200000000001,249.6200000000001,249.6200000000001,249.6200000000001,249.6200000000001,252.34000000000006,249.6200000000001,252.34000000000006,249.6200000000001,252.34000000000006,249.6200000000001,252.35000000000005,249.6200000000001,249.6200000000001,249.6200000000001,249.6200000000001,249.6200000000001,249.6200000000001,249.6200000000001,249.6200000000001,249.6200000000001,249.6200000000001,249.6200000000001,249.6200000000001,249.6200000000001,249.6200000000001,249.6200000000001,249.6200000000001,249.6200000000001,249.6200000000001,249.6200000000001,249.6200000000001,249.6200000000001,249.6200000000001,249.6200000000001,249.6200000000001,249.6200000000001,249.6200000000001,249.6200000000001,249.6200000000001,249.6200000000001,249.6200000000001,249.6200000000001,249.6200000000001,249.6200000000001,249.6200000000001,249.6200000000001,249.6200000000001,249.6200000000001,249.6200000000001,249.6200000000001,249.6200000000001,249.6200000000001,249.6200000000001,249.6200000000001,249.6200000000001,249.6200000000001,249.6200000000001,249.6200000000001,249.6200000000001,249.6200000000001,249.6200000000001,249.6200000000001,249.6200000000001,249.6200000000001,249.6200000000001,249.6200000000001,249.6200000000001,249.6200000000001,249.6200000000001,249.6200000000001,249.6200000000001,249.6200000000001,249.6200000000001,249.6200000000001,249.6200000000001,249.6200000000001,249.6200000000001,249.6200000000001,249.6200000000001,249.6200000000001,249.6200000000001,249.6200000000001,249.6200000000001,249.6200000000001,249.6200000000001,249.6200000000001,249.6200000000001,249.6200000000001,249.6200000000001,249.6200000000001,249.6200000000001,249.6200000000001,249.6200000000001,249.6200000000001,249.6200000000001,249.6200000000001,249.6200000000001,249.6200000000001,249.6200000000001,249.6200000000001,249.6200000000001,249.6200000000001,249.6200000000001,249.6200000000001,249.6200000000001,249.6200000000001,249.6200000000001,249.63000000000008,249.63000000000008,249.63000000000008,249.63000000000008,249.63000000000008,249.63000000000008,249.63000000000008,249.63000000000008,249.63000000000008,249.63000000000008,249.63000000000008,249.63000000000008,249.63000000000008,249.63000000000008,249.63000000000008,249.63000000000008,249.63000000000008,249.63000000000008,249.63000000000008,249.63000000000008,249.63000000000008,249.63000000000008,249.63000000000008,249.63000000000008,249.63000000000008,249.63000000000008,249.63000000000008,249.63000000000008,249.63000000000008,249.63000000000008,249.63000000000008,249.63000000000008,249.63000000000008,249.63000000000008,249.63000000000008,249.63000000000008,249.63000000000008,249.63000000000008,249.63000000000008,249.63000000000008,249.63000000000008,249.63000000000008,249.63000000000008,249.63000000000008,249.63000000000008,249.63000000000008,249.63000000000008,249.63000000000008,249.63000000000008,249.63000000000008,249.63000000000008,249.63000000000008,249.64000000000007,249.64000000000007,249.64000000000007,249.64000000000007,249.64000000000007,249.64000000000007,249.64000000000007,249.64000000000007,249.64000000000007,249.64000000000007,249.64000000000007,249.64000000000007,249.64000000000007,249.64000000000007,249.64000000000007,249.64000000000007,249.64000000000007,249.64000000000007,249.64000000000007,249.64000000000007,249.64000000000007,249.64000000000007,249.64000000000007,249.64000000000007,249.64000000000007,249.64000000000007,249.64000000000007,249.64000000000007,249.64000000000007,249.64000000000007,249.64000000000007,249.64000000000007,249.64000000000007,249.64000000000007,249.64000000000007,249.64000000000007,249.64000000000007,249.64000000000007,249.64000000000007,249.64000000000007,249.64000000000007,249.64000000000007,249.64000000000007,249.64000000000007,249.64000000000007,249.64000000000007,249.64000000000007,249.64000000000007,249.64000000000007,249.64000000000007,249.64000000000007,249.64000000000007,249.64000000000007,249.64000000000007,249.64000000000007,249.64000000000007,249.64000000000007,249.64000000000007,249.64000000000007,249.64000000000007,249.64000000000007,249.64000000000007,249.64000000000007,249.64000000000007,249.64000000000007,249.64000000000007,249.65000000000006,249.65000000000006,249.65000000000006,249.65000000000006,249.65000000000006,249.65000000000006,249.65000000000006,249.65000000000006,252.6800000000001,249.65000000000006,252.6800000000001,249.65000000000006,252.6800000000001,249.65000000000006,252.6800000000001,249.65000000000006,252.6800000000001,249.65000000000006,252.6800000000001,249.65000000000006,252.6800000000001,249.65000000000006,249.65000000000006,249.65000000000006,249.65000000000006,249.65000000000006,249.65000000000006,249.65000000000006,249.65000000000006,249.65000000000006,249.65000000000006,249.65000000000006,249.65000000000006,249.65000000000006,249.65000000000006,249.65000000000006,249.65000000000006,249.65000000000006,249.65000000000006,249.65000000000006,249.65000000000006,249.65000000000006,249.65000000000006,249.65000000000006,249.65000000000006,249.65000000000006,249.65000000000006,249.66000000000005,249.66000000000005,249.66000000000005,249.66000000000005,249.66000000000005,249.66000000000005,249.66000000000005,249.66000000000005,249.66000000000005,249.66000000000005,249.66000000000005,249.66000000000005,249.66000000000005,253.01000000000008,253.01000000000008,253.01000000000008,253.01000000000008,253.01000000000008,253.01000000000008,253.01000000000008,253.01000000000008,253.01000000000008,253.01000000000008,253.02000000000007,253.02000000000007,253.02000000000007,253.02000000000007,253.02000000000007,253.02000000000007,253.02000000000007,253.02000000000007,253.02000000000007,253.02000000000007,253.03000000000011,253.03000000000011,253.03000000000011,253.03000000000011,253.03000000000011,253.03000000000011,253.03000000000011,253.03000000000011,253.03000000000011,253.03000000000011,250.00000000000009,250.00000000000009,250.00000000000009,250.00000000000009,250.00000000000009,250.01000000000008,250.01000000000008,250.01000000000008,250.01000000000008,250.01000000000008,250.01000000000008,250.01000000000008,250.01000000000008,250.01000000000008,250.01000000000008,250.01000000000008,250.01000000000008,250.01000000000008,250.01000000000008,250.01000000000008,250.01000000000008,250.01000000000008,250.01000000000008,250.01000000000008,250.01000000000008,250.01000000000008,250.01000000000008,250.01000000000008,250.01000000000008,250.01000000000008,250.01000000000008,250.01000000000008,250.01000000000008,250.01000000000008,250.01000000000008,250.01000000000008,250.01000000000008,250.01000000000008,250.01000000000008,250.01000000000008,250.01000000000008,250.01000000000008,250.01000000000008,250.01000000000008,250.01000000000008,250.01000000000008,250.01000000000008,250.01000000000008,250.01000000000008,250.01000000000008,250.01000000000008,250.01000000000008,250.01000000000008,250.01000000000008,250.01000000000008,250.01000000000008,250.01000000000008,250.01000000000008,250.01000000000008,250.01000000000008,250.01000000000008,250.01000000000008,250.01000000000008,250.01000000000008,250.01000000000008,250.01000000000008,250.01000000000008,250.01000000000008,250.01000000000008,250.01000000000008,250.01000000000008,250.01000000000008,250.01000000000008,250.01000000000008,250.01000000000008,250.01000000000008,250.01000000000008,250.01000000000008,250.01000000000008,250.01000000000008,250.02000000000007,250.02000000000007,250.02000000000007,250.02000000000007,250.02000000000007,250.02000000000007,250.02000000000007,250.02000000000007,250.02000000000007,250.02000000000007,250.02000000000007,250.03000000000006,250.03000000000006,250.03000000000006,250.03000000000006,250.03000000000006,250.03000000000006,250.03000000000006,250.03000000000006,250.03000000000006,250.03000000000006,250.03000000000006,250.03000000000006,250.03000000000006,250.03000000000006,250.03000000000006,250.03000000000006,250.03000000000006,250.03000000000006,250.03000000000006,250.03000000000006,250.03000000000006,250.03000000000006,250.03000000000006,250.03000000000006,250.03000000000006,250.03000000000006,250.03000000000006,250.03000000000006,250.03000000000006,250.03000000000006,250.03000000000006,250.03000000000006,250.03000000000006,250.03000000000006,250.03000000000006,250.03000000000006,250.03000000000006,250.03000000000006,250.03000000000006,250.03000000000006,250.03000000000006,250.04000000000005,250.04000000000005,250.04000000000005,250.04000000000005,250.04000000000005,250.04000000000005,250.04000000000005,250.04000000000005,250.04000000000005,250.04000000000005,250.05000000000004,250.05000000000004,250.05000000000004,250.05000000000004,250.05000000000004,250.05000000000004,250.05000000000004,250.05000000000004,250.05000000000004,250.05000000000004,250.05000000000004,250.05000000000004,250.05000000000004,250.05000000000004,250.05000000000004,250.05000000000004,250.05000000000004,250.05000000000004,250.05000000000004,250.05000000000004,250.05000000000004,250.06000000000003,250.06000000000003,250.06000000000003,250.06000000000003,250.06000000000003,250.06000000000003,250.06000000000003,250.06000000000003,250.06000000000003,250.06000000000003,250.06000000000003,250.06000000000003,250.06000000000003,250.06000000000003,250.06000000000003,250.06000000000003,250.06000000000003,250.06000000000003,250.06000000000003,250.06000000000003,250.06000000000003,250.07000000000002,250.07000000000002,250.07000000000002,250.07000000000002,250.07000000000002,250.07000000000002,250.07000000000002,250.07000000000002,250.07000000000002,250.07000000000002,250.07000000000002,250.07000000000002,250.07000000000002,250.07000000000002,250.07000000000002,250.07000000000002,253.38000000000008,250.07000000000002,253.38000000000008,250.07000000000002,253.38000000000008,250.07000000000002,253.38000000000008,250.07000000000002,250.07000000000002,250.07000000000002,250.07000000000002,250.07000000000002,250.07000000000002,250.07000000000002,250.07000000000002,250.07000000000002,250.07000000000002,250.07000000000002,250.07000000000002,250.07000000000002,250.07000000000002,250.07000000000002,250.07000000000002,250.07000000000002,250.07000000000002,250.07000000000002,250.07000000000002,250.07000000000002,250.07000000000002,250.07000000000002,250.07000000000002,250.07000000000002,250.07000000000002,250.07000000000002,250.07000000000002,250.07000000000002,250.07000000000002,250.07000000000002,250.07000000000002,250.07000000000002,250.07000000000002,250.07000000000002,250.07000000000002,250.07000000000002,250.07000000000002,250.07000000000002,250.07000000000002,250.07000000000002,250.07000000000002,250.07000000000002,250.07000000000002,250.07000000000002,250.07000000000002,250.07000000000002,250.07000000000002,250.07000000000002,250.07000000000002,250.07000000000002,250.07000000000002,250.07000000000002,250.07000000000002,250.08,250.08,250.08,250.08,250.08,250.08,250.08,250.08,250.08,250.08,250.08,250.08,250.08,250.08,250.08,250.08,250.08,250.08,250.08,250.08,250.08,250.08,250.08,250.08,250.08,250.08,250.08,250.08,250.08,250.08,250.08,250.08,250.08,250.08,250.08,250.08,250.08,250.08,250.08,250.08,250.08,250.09,250.09,250.09,250.09,250.09,250.09,250.09,250.09,250.09,250.09,250.09,250.09,250.09,250.09,250.09,250.09,250.09,250.09,250.09,250.09,250.09,250.09,250.09,250.09,250.09,250.09,250.09,250.09,250.09,250.1,250.1,250.1,250.1,250.1,250.1,250.1,250.1,253.71000000000006,253.71000000000006,253.71000000000006,253.71000000000006,253.71000000000006,253.71000000000006,253.71000000000006,253.71000000000006,253.71000000000006,253.71000000000006,253.71000000000006,253.71000000000006,253.71000000000006,253.71000000000006,253.71000000000006,253.72000000000006,253.72000000000006,253.72000000000006,253.72000000000006,253.72000000000006,253.72000000000006,253.72000000000006,253.72000000000006,253.72000000000006,253.72000000000006,250.44000000000003,250.44000000000003,250.44000000000003,250.44000000000003,250.44000000000003,250.44000000000003,250.44000000000003,250.44000000000003,250.44000000000003,250.44000000000003,250.44000000000003,250.44000000000003,250.44000000000003,250.44000000000003,250.44000000000003,250.44000000000003,250.44000000000003,250.44000000000003,250.44000000000003,250.44000000000003,250.44000000000003,250.44000000000003,250.45000000000002,250.45000000000002,250.45000000000002,250.45000000000002,250.45000000000002,250.45000000000002,250.45000000000002,250.45000000000002,250.45000000000002,250.45000000000002,250.45000000000002,250.45000000000002,250.45000000000002,250.45000000000002,250.45000000000002,250.45000000000002,250.45000000000002,250.45000000000002,250.45000000000002,250.45000000000002,250.45000000000002,250.45000000000002,250.45000000000002,250.45000000000002,250.45000000000002,250.45000000000002,250.45000000000002,250.45000000000002,250.45000000000002,250.45000000000002,250.45000000000002,250.45000000000002,250.45000000000002,250.45000000000002,250.45000000000002,250.45000000000002,250.45000000000002,250.45000000000002,250.45000000000002,250.45000000000002,250.45000000000002,250.45000000000002,250.46,250.46,250.46,250.46,250.46,250.46,250.46,250.46,250.46,250.46,250.46,250.46,250.46,250.46,250.46,250.46,250.46,250.46,250.46,250.46,250.46,250.46,250.46,250.46,250.46,250.46,250.46,250.46,250.46,250.46,250.46,250.46,250.46,250.46,250.46,254.06000000000003,254.06000000000003,254.06000000000003,250.80000000000004,250.80000000000004,250.80000000000004,250.80000000000004,254.39000000000001,250.80000000000004,254.39000000000001,250.80000000000004,254.40000000000006,250.80000000000004,254.40000000000006,250.80000000000004,254.40000000000006,250.80000000000004,250.80000000000004,250.80000000000004,250.80000000000004,250.80000000000004,250.80000000000004,250.80000000000004,250.81000000000003,250.81000000000003,250.81000000000003,250.81000000000003,250.81000000000003,250.81000000000003,250.81000000000003,250.81000000000003,250.81000000000003,250.81000000000003,250.81000000000003,250.81000000000003,250.81000000000003,250.81000000000003,250.81000000000003,250.81000000000003,250.81000000000003,250.81000000000003,250.81000000000003,250.81000000000003,250.81000000000003,250.81000000000003,250.81000000000003,250.81000000000003,250.81000000000003,250.81000000000003,250.81000000000003,250.81000000000003,250.81000000000003,250.81000000000003,250.81000000000003,250.81000000000003,250.81000000000003,250.81000000000003,250.81000000000003,250.81000000000003,250.81000000000003,250.81000000000003,250.81000000000003,250.81000000000003,250.81000000000003,250.81000000000003,250.81000000000003,250.81000000000003,250.81000000000003,250.81000000000003,250.81000000000003,250.81000000000003,250.81000000000003,250.81000000000003,250.81000000000003,250.81000000000003,250.81000000000003,250.81000000000003,250.81000000000003,250.81000000000003,250.81000000000003,250.81000000000003,250.81000000000003,250.81000000000003,250.81000000000003,250.81000000000003,250.81000000000003,250.81000000000003,250.81000000000003,250.81000000000003,250.81000000000003,250.81000000000003,250.81000000000003,250.81000000000003,250.81000000000003,250.81000000000003,250.81000000000003,250.81000000000003,250.81000000000003,250.81000000000003,250.81000000000003,250.81000000000003,250.81000000000003,250.81000000000003,250.81000000000003,250.81000000000003,250.81000000000003,250.81000000000003,250.81000000000003,250.82000000000008,250.82000000000008,250.82000000000008,250.82000000000008,250.82000000000008,250.82000000000008,250.82000000000008,250.82000000000008,250.82000000000008,250.82000000000008,250.82000000000008,250.82000000000008,250.82000000000008,250.82000000000008,250.82000000000008,250.82000000000008,250.82000000000008,250.82000000000008,250.82000000000008,250.82000000000008,250.82000000000008,250.82000000000008,250.82000000000008,250.82000000000008,250.82000000000008,250.82000000000008,250.82000000000008,250.82000000000008,250.82000000000008,250.82000000000008,250.83000000000007,250.83000000000007,250.83000000000007,250.83000000000007,250.83000000000007,250.83000000000007,250.83000000000007,250.83000000000007,250.83000000000007,250.83000000000007,250.83000000000007,250.83000000000007,250.83000000000007,250.83000000000007,250.83000000000007,250.83000000000007,250.83000000000007,250.83000000000007,250.83000000000007,250.83000000000007,250.83000000000007,250.83000000000007,250.83000000000007,250.83000000000007,250.83000000000007,250.83000000000007,250.83000000000007,250.83000000000007,250.83000000000007,250.83000000000007,250.83000000000007,250.83000000000007,250.83000000000007,250.83000000000007,250.83000000000007,250.83000000000007,250.83000000000007,250.83000000000007,250.83000000000007,254.73000000000005,254.73000000000005,254.73000000000005,254.73000000000005,254.73000000000005,254.73000000000005,254.73000000000005,254.73000000000005,254.73000000000005,254.73000000000005,254.73000000000005,254.73000000000005,254.73000000000005,254.73000000000005,254.74000000000004,251.17000000000004,251.17000000000004,251.17000000000004,251.17000000000004,251.17000000000004,251.17000000000004,251.17000000000004,251.17000000000004,251.17000000000004,251.17000000000004,251.17000000000004,251.17000000000004,251.17000000000004,251.17000000000004,251.17000000000004,251.17000000000004,251.17000000000004,251.17000000000004,251.17000000000004,251.17000000000004,251.17000000000004,251.17000000000004,251.17000000000004,251.17000000000004,251.18000000000004,251.18000000000004,251.18000000000004,251.18000000000004,251.18000000000004,251.18000000000004,251.18000000000004,251.18000000000004,251.18000000000004,251.18000000000004,251.18000000000004,251.18000000000004,251.18000000000004,251.18000000000004,251.18000000000004,251.18000000000004,251.18000000000004,251.18000000000004,251.18000000000004,251.18000000000004,251.18000000000004,251.18000000000004,251.18000000000004,251.18000000000004,251.18000000000004,251.18000000000004,251.18000000000004,251.18000000000004,251.18000000000004,251.18000000000004,251.18000000000004,251.18000000000004,251.18000000000004,251.18000000000004,251.18000000000004,251.18000000000004,251.18000000000004,251.18000000000004,251.18000000000004,251.18000000000004,251.18000000000004,251.18000000000004,251.18000000000004,251.18000000000004,255.07000000000002,251.18000000000004,255.07000000000002,251.18000000000004,255.07000000000002,251.18000000000004,255.07000000000002,251.18000000000004,255.07000000000002,251.18000000000004,255.07000000000002,251.19000000000003,255.07000000000002,251.19000000000003,255.07000000000002,251.19000000000003,255.07000000000002,251.19000000000003,255.07000000000002,251.19000000000003,255.07000000000002,251.19000000000003,255.07000000000002,251.19000000000003,255.07000000000002,251.19000000000003,255.07000000000002,251.19000000000003,255.07000000000002,251.19000000000003,255.08,251.19000000000003,255.08,251.20000000000007,255.08,251.20000000000007,251.20000000000007,251.20000000000007,251.20000000000007,251.20000000000007,251.20000000000007,251.20000000000007,251.20000000000007,251.20000000000007,251.20000000000007,251.20000000000007,251.20000000000007,251.20000000000007,251.20000000000007,251.20000000000007,251.20000000000007,251.20000000000007,251.20000000000007,251.20000000000007,251.20000000000007,251.20000000000007,251.20000000000007,251.20000000000007,251.20000000000007,251.20000000000007,251.20000000000007,251.20000000000007,251.20000000000007,251.20000000000007,251.20000000000007,251.20000000000007,251.20000000000007,251.20000000000007,251.20000000000007,251.20000000000007,251.20000000000007,251.20000000000007,251.20000000000007,251.20000000000007,251.20000000000007,251.20000000000007,251.20000000000007,251.20000000000007,251.20000000000007,251.20000000000007,251.20000000000007,251.20000000000007,251.20000000000007,251.20000000000007,251.20000000000007,251.21000000000012,251.21000000000012,251.21000000000012,251.21000000000012,251.21000000000012,251.21000000000012,251.21000000000012,251.21000000000012,251.21000000000012,251.21000000000012,251.21000000000012,251.2200000000001,251.2200000000001,251.2200000000001,255.41,255.41,255.41,255.41,255.41,255.41,251.2200000000001,251.2200000000001,251.2200000000001,251.2200000000001,251.2200000000001,251.2200000000001,251.2200000000001,251.2200000000001,251.2200000000001,251.2200000000001,251.2200000000001,251.2200000000001,251.2200000000001,251.2200000000001,251.2200000000001,251.2200000000001,251.2200000000001,251.2200000000001,251.2200000000001,251.2200000000001,251.2200000000001,251.2200000000001,251.2200000000001,251.2200000000001,251.2200000000001,251.2200000000001,251.2200000000001,251.2200000000001,251.2200000000001,251.2200000000001,251.2200000000001,251.2200000000001,251.2200000000001,251.2200000000001,251.2200000000001,251.2200000000001,251.2200000000001,251.2200000000001,251.2200000000001,251.2200000000001,251.2200000000001,251.2200000000001,255.75000000000003,255.75000000000003,251.5600000000001,251.57000000000008,251.57000000000008,251.57000000000008,251.57000000000008,251.57000000000008,251.57000000000008,251.57000000000008,251.57000000000008,251.57000000000008,251.58000000000013,251.58000000000013,251.58000000000013,251.58000000000013,251.58000000000013,251.58000000000013,251.58000000000013,251.58000000000013,251.58000000000013,251.58000000000013,251.58000000000013,251.59000000000012,251.59000000000012,251.59000000000012,251.59000000000012,251.59000000000012,251.59000000000012,251.59000000000012,251.59000000000012,251.59000000000012,251.59000000000012,251.59000000000012,251.59000000000012,251.59000000000012,251.59000000000012,251.59000000000012,251.59000000000012,251.59000000000012,251.59000000000012,251.59000000000012,251.59000000000012,251.59000000000012,251.59000000000012,251.59000000000012,251.59000000000012,251.59000000000012,251.59000000000012,251.59000000000012,251.59000000000012,251.59000000000012,251.59000000000012,251.59000000000012,251.59000000000012,251.59000000000012,251.59000000000012,251.59000000000012,251.59000000000012,251.59000000000012,251.59000000000012,251.59000000000012,251.59000000000012,251.59000000000012,251.59000000000012,251.59000000000012,251.59000000000012,251.59000000000012,251.59000000000012,251.59000000000012,251.59000000000012,251.59000000000012,251.59000000000012,251.59000000000012,251.59000000000012,251.59000000000012,251.59000000000012,251.59000000000012,251.59000000000012,251.59000000000012,251.59000000000012,251.59000000000012,251.59000000000012,251.6000000000001,251.6000000000001,251.6000000000001,251.6000000000001,251.6000000000001,251.6000000000001,251.6000000000001,251.6000000000001,251.6000000000001,251.6000000000001,251.6000000000001,251.6000000000001,251.6000000000001,251.6000000000001,251.6000000000001,251.6000000000001,251.6000000000001,251.6000000000001,251.6000000000001,251.6000000000001,251.6000000000001,256.08000000000004,256.08000000000004,256.08000000000004,256.08000000000004,256.08000000000004,256.08000000000004,256.08000000000004,256.08000000000004,256.08000000000004,256.08000000000004,256.08000000000004,256.08000000000004,256.08000000000004,251.94000000000014,251.94000000000014,251.94000000000014,251.94000000000014,251.94000000000014,251.94000000000014,251.94000000000014,251.94000000000014,251.94000000000014,256.4100000000001,251.94000000000014,256.4100000000001,251.94000000000014,256.4100000000001,251.94000000000014,256.4100000000001,251.94000000000014,251.94000000000014,251.94000000000014,251.95000000000013,251.95000000000013,251.95000000000013,251.95000000000013,251.95000000000013,251.95000000000013,251.95000000000013,251.95000000000013,251.95000000000013,251.95000000000013,251.96000000000012,251.96000000000012,251.96000000000012,251.96000000000012,251.96000000000012,251.96000000000012,251.96000000000012,251.96000000000012,251.96000000000012,251.96000000000012,251.96000000000012,251.96000000000012,251.96000000000012,251.96000000000012,251.96000000000012,251.96000000000012,251.96000000000012,251.96000000000012,251.96000000000012,251.96000000000012,251.96000000000012,251.96000000000012,251.96000000000012,251.96000000000012,251.96000000000012,251.96000000000012,251.96000000000012,251.96000000000012,251.96000000000012,251.96000000000012,251.96000000000012,251.96000000000012,251.96000000000012,251.96000000000012,251.96000000000012,251.96000000000012,251.96000000000012,251.96000000000012,251.96000000000012,251.96000000000012,251.96000000000012,251.96000000000012,251.96000000000012,251.96000000000012,251.96000000000012,251.96000000000012,251.96000000000012,251.96000000000012,251.96000000000012,251.96000000000012,251.96000000000012,251.96000000000012,251.96000000000012,251.96000000000012,251.96000000000012,251.96000000000012,251.96000000000012,251.96000000000012,251.96000000000012,251.96000000000012,251.96000000000012,251.96000000000012,251.96000000000012,251.96000000000012,251.96000000000012,251.96000000000012,251.96000000000012,251.96000000000012,251.96000000000012,251.96000000000012,251.96000000000012,251.96000000000012,251.96000000000012,251.96000000000012,251.96000000000012,251.96000000000012,251.96000000000012,256.75000000000006,252.31000000000014,252.31000000000014,252.31000000000014,252.31000000000014,252.31000000000014,252.31000000000014,252.31000000000014,252.31000000000014,252.31000000000014,252.31000000000014,252.31000000000014,252.31000000000014,252.31000000000014,252.31000000000014,252.31000000000014,252.31000000000014,252.31000000000014,252.31000000000014,252.31000000000014,252.32000000000014,252.32000000000014,252.32000000000014,252.32000000000014,252.32000000000014,252.32000000000014,252.32000000000014,252.32000000000014,252.32000000000014,252.32000000000014,252.32000000000014,252.32000000000014,252.32000000000014,252.32000000000014,252.32000000000014,252.32000000000014,252.32000000000014,252.32000000000014,252.32000000000014,252.32000000000014,252.32000000000014,252.33000000000013,252.33000000000013,252.33000000000013,252.33000000000013,252.33000000000013,252.33000000000013,252.33000000000013,252.33000000000013,252.33000000000013,252.33000000000013,252.33000000000013,252.33000000000013,252.33000000000013,252.33000000000013,252.33000000000013,252.33000000000013,252.33000000000013,252.33000000000013,252.33000000000013,252.33000000000013,252.33000000000013,252.33000000000013,252.33000000000013,252.33000000000013,252.33000000000013,252.33000000000013,252.33000000000013,252.33000000000013,252.33000000000013,252.33000000000013,252.33000000000013,252.33000000000013,252.33000000000013,252.33000000000013,252.33000000000013,252.33000000000013,252.33000000000013,252.33000000000013,252.33000000000013,252.33000000000013,252.33000000000013,252.33000000000013,252.33000000000013,252.33000000000013,252.33000000000013,252.33000000000013,252.33000000000013,252.33000000000013,252.33000000000013,252.33000000000013,252.33000000000013,252.33000000000013,252.33000000000013,252.33000000000013,252.33000000000013,252.33000000000013,252.33000000000013,252.33000000000013,252.33000000000013,252.33000000000013,252.33000000000013,252.33000000000013,252.33000000000013,252.33000000000013,252.33000000000013,252.33000000000013,252.33000000000013,252.33000000000013,252.33000000000013,252.33000000000013,
252.33000000000013,252.33000000000013,252.33000000000013,252.33000000000013,252.33000000000013,252.33000000000013,252.33000000000013,252.33000000000013,252.33000000000013,252.33000000000013,252.33000000000013,257.0800000000001,252.33000000000013,257.0800000000001,252.33000000000013,257.0800000000001,252.33000000000013,257.0800000000001,252.33000000000013,257.0800000000001,252.33000000000013,252.33000000000013,252.34000000000012,252.34000000000012,252.34000000000012,252.34000000000012,252.34000000000012,252.34000000000012,252.34000000000012,252.34000000000012,252.34000000000012,252.3500000000001,252.3500000000001,252.3500000000001,252.3500000000001,252.3500000000001,252.3500000000001,252.3500000000001,252.36000000000016,252.36000000000016,252.36000000000016,252.36000000000016,252.37000000000015,252.37000000000015,252.37000000000015,252.37000000000015,252.40000000000012,252.40000000000012,252.4100000000001,252.4200000000001,252.4200000000001,252.4300000000001,252.4300000000001,252.44000000000008,252.44000000000008,252.44000000000008,252.44000000000008,252.45000000000007,252.4700000000001,252.50000000000009,252.50000000000009,252.50000000000009,252.51000000000008,252.53000000000011,252.53000000000011,252.5500000000001,252.5500000000001,252.5500000000001,252.5500000000001,252.5500000000001,257.4200000000001,257.4200000000001,257.4200000000001,257.4200000000001,257.4200000000001,252.5600000000001,257.4200000000001,252.5600000000001,252.5600000000001,252.5600000000001,252.5600000000001,252.5600000000001,252.5600000000001,252.58000000000007,252.60000000000005,252.60000000000005,252.60000000000005,252.60000000000005,252.6200000000001,252.6200000000001,252.64000000000007,252.64000000000007,252.64000000000007,252.66000000000005,252.6800000000001,252.6800000000001,252.6800000000001,252.7300000000001,252.7300000000001,252.75000000000009,252.75000000000009,252.75000000000009,252.75000000000009,252.75000000000009,252.8000000000001,252.8000000000001,252.82000000000008,252.82000000000008,252.82000000000008,257.7600000000001,257.7600000000001,257.7600000000001,252.84000000000012,252.84000000000012,252.8700000000001,252.9300000000001,252.9300000000001,252.9300000000001,252.96000000000012,253.01000000000008,253.0400000000001,253.07000000000008,253.07000000000008,253.07000000000008,253.13000000000008,253.13000000000008,253.1600000000001,257.7600000000001,253.1600000000001,257.7600000000001,253.1600000000001,257.7600000000001,253.1600000000001,257.7600000000001,253.1700000000001,253.1700000000001,253.26000000000013,253.2900000000001,253.32000000000014,253.32000000000014,253.32000000000014,253.3500000000001,253.39000000000013,253.39000000000013,253.46000000000012,257.7600000000001,253.50000000000014,253.53000000000011,253.57000000000014,253.57000000000014,253.57000000000014,253.57000000000014,253.61000000000016,253.61000000000016,253.61000000000016,253.61000000000016,253.64000000000013,253.64000000000013,253.67000000000016,253.71000000000018,253.79000000000016,258.1000000000001,258.1000000000001,258.1000000000001,258.1000000000001,258.1000000000001,253.83000000000013,253.91000000000017,253.91000000000017,254.04000000000016,254.04000000000016,254.08000000000013,254.08000000000013,254.08000000000013,254.13000000000014,258.4500000000001,258.4500000000001,258.4500000000001,258.4500000000001,258.4500000000001,258.4500000000001,258.4500000000001,258.4500000000001,258.4500000000001,258.4500000000001,254.22000000000017,254.26000000000013,254.31000000000014,254.31000000000014,254.31000000000014,254.31000000000014,254.31000000000014,254.31000000000014,254.31000000000014,254.31000000000014,254.31000000000014,254.31000000000014,254.31000000000014,254.40000000000018,254.44000000000014,258.4500000000001,258.4500000000001,258.4500000000001,258.4500000000001,258.4500000000001,258.4500000000001,258.4500000000001,258.4500000000001,258.4500000000001,258.4500000000001,258.4500000000001,254.49000000000015,254.49000000000015,254.54000000000016,254.63000000000014,254.67000000000016,254.72000000000017,254.72000000000017,258.80000000000007,254.82000000000014,254.87000000000015,254.87000000000015,254.92000000000016,254.92000000000016,254.97000000000017,255.02000000000018,255.08000000000018,259.1500000000001,259.1500000000001,259.1500000000001,259.1500000000001,259.1500000000001,259.1500000000001,255.23000000000016,255.28000000000017,255.28000000000017,255.28000000000017,255.28000000000017,255.33000000000018,255.3800000000002,259.5000000000001,259.5000000000001,259.5000000000001,259.5000000000001,259.5000000000001,259.5000000000001,259.5000000000001,259.5000000000001,259.5000000000001,255.4900000000002,255.4900000000002,255.60000000000016,255.60000000000016,255.60000000000016,255.6100000000002,255.66000000000017,255.66000000000017,255.66000000000017,255.72000000000017,255.72000000000017,255.72000000000017,255.72000000000017,255.72000000000017,255.72000000000017,259.8600000000001,259.8600000000001,259.8600000000001,259.8600000000001,259.8600000000001,259.8600000000001,259.8600000000001,259.8600000000001,259.8600000000001,259.8600000000001,259.8600000000001,259.8600000000001,259.8600000000001,259.8600000000001,259.8600000000001,259.8600000000001,259.8600000000001,259.8600000000001,259.8600000000001,259.8600000000001,255.78000000000017,255.84000000000012,255.84000000000012,255.84000000000012,255.84000000000012,255.90000000000012,255.90000000000012,255.90000000000012,255.96000000000012,256.0200000000001,256.0200000000001,256.0200000000001,256.0200000000001,256.0200000000001,256.0200000000001,256.0200000000001,256.0200000000001,256.0800000000001,260.21000000000015,260.21000000000015,260.21000000000015,260.21000000000015,256.2000000000001,256.2100000000001,256.3300000000001,256.3900000000001,256.4500000000001,260.5600000000001,256.5100000000001,256.5200000000001,256.5800000000001,256.5800000000001,256.6500000000001,256.7800000000001,256.7800000000001,256.7800000000001,256.7800000000001,256.7800000000001,256.7800000000001,256.7800000000001,260.9200000000001,260.9200000000001,260.9200000000001,260.9200000000001,260.9200000000001,260.9200000000001,260.9200000000001,260.9200000000001,256.8500000000001,256.8500000000001,256.9800000000001,256.9800000000001,256.9800000000001,256.9800000000001,257.1200000000001,261.2800000000001,261.2800000000001,261.2800000000001,261.2800000000001,257.1900000000001,261.2800000000001,261.2800000000001,257.1900000000001,261.2800000000001,261.2800000000001,261.2800000000001,261.2800000000001,261.2800000000001,261.2800000000001,261.2800000000001,261.29000000000013,261.29000000000013,261.29000000000013,261.29000000000013,261.29000000000013,261.29000000000013,261.29000000000013,261.29000000000013,261.29000000000013,261.29000000000013,261.29000000000013,261.29000000000013,261.29000000000013,261.29000000000013,261.29000000000013,261.29000000000013,261.29000000000013,257.3300000000001,257.3300000000001,257.4000000000001,257.4000000000001,257.4000000000001,257.4000000000001,257.4700000000001,257.4700000000001,257.4700000000001,257.4700000000001,257.5500000000001,261.29000000000013,261.29000000000013,261.29000000000013,257.6200000000001,257.6200000000001,257.7000000000001,257.7000000000001,257.7000000000001,257.7700000000001,257.8500000000001,257.8500000000001,257.9300000000001,261.29000000000013,257.9300000000001,257.9300000000001,257.9300000000001,257.9300000000001,257.9300000000001,258.0800000000001,258.1600000000001,258.1600000000001,258.2400000000001,261.29000000000013,261.29000000000013,261.29000000000013,258.3100000000001,258.3800000000001,258.3800000000001,258.4600000000001,258.4600000000001,258.4600000000001,258.5400000000001,258.5400000000001,261.29000000000013,258.62000000000006,261.29000000000013,258.62000000000006,261.29000000000013,258.62000000000006,261.29000000000013,258.62000000000006,261.29000000000013,261.29000000000013,261.29000000000013,258.62000000000006,258.7000000000001,258.7800000000001,258.86000000000007,261.6400000000001,261.6400000000001,261.6400000000001,261.6400000000001,261.6400000000001,261.6400000000001,261.6400000000001,261.6400000000001,261.6400000000001,261.6400000000001,261.6400000000001,261.6400000000001,261.6400000000001,258.9400000000001,259.0200000000001,259.0200000000001,259.1000000000001,259.1000000000001,259.1000000000001,262.0000000000001,262.0000000000001,259.2600000000001,259.2600000000001,259.2600000000001,259.3400000000001,259.4300000000001,259.4300000000001,259.4300000000001,259.60000000000014,259.60000000000014,262.0000000000001,262.0000000000001,259.7000000000001,259.8700000000001,262.34000000000015,262.34000000000015,262.34000000000015,259.9500000000001,260.04000000000013,260.22000000000014,262.69000000000017,262.69000000000017,262.69000000000017,262.69000000000017,262.69000000000017,262.69000000000017,260.3100000000001,262.69000000000017,262.69000000000017,262.70000000000016,262.70000000000016,260.4000000000001,260.4900000000001,260.4900000000001,260.67000000000013,263.0600000000002,260.7600000000001,260.85000000000014,260.85000000000014,260.85000000000014,260.9400000000001,263.42000000000013,263.42000000000013,263.42000000000013,261.03000000000014,261.03000000000014,261.1200000000001,261.22000000000014,261.22000000000014,261.3100000000001,261.3100000000001,263.78000000000014,261.4000000000001,261.4000000000001,261.4000000000001,261.4000000000001,261.4900000000001,261.5900000000001,261.5900000000001,261.5900000000001,261.5900000000001,261.5900000000001,261.5900000000001,261.5900000000001,261.6900000000001,263.78000000000014,263.78000000000014,263.78000000000014,263.78000000000014,263.78000000000014,263.78000000000014,263.78000000000014,263.78000000000014,263.78000000000014,263.78000000000014,263.78000000000014,263.78000000000014,263.78000000000014,263.78000000000014,263.78000000000014,263.78000000000014,263.79000000000013,263.79000000000013,263.79000000000013,263.79000000000013,263.79000000000013,263.79000000000013,263.79000000000013,263.79000000000013,263.79000000000013,263.79000000000013,263.79000000000013,263.79000000000013,263.79000000000013,263.79000000000013,263.79000000000013,263.79000000000013,263.79000000000013,263.79000000000013,261.7900000000001,261.8900000000001,261.8900000000001,261.8900000000001,261.9900000000001,261.9900000000001,264.1600000000001,264.1600000000001,264.1600000000001,264.1600000000001,264.1600000000001,264.1600000000001,264.1600000000001,264.1600000000001,262.09000000000015,262.1900000000001,262.1900000000001,262.1900000000001,262.1900000000001,262.29000000000013,262.39000000000016,262.39000000000016,262.39000000000016,264.5300000000001,264.5300000000001,264.5300000000001,264.5300000000001,264.5300000000001,264.54000000000013,262.4900000000001,262.60000000000014,264.9000000000001,262.8000000000001,262.90000000000015,262.90000000000015,263.0000000000001,263.10000000000014,265.2600000000001,265.2600000000001,265.2600000000001,265.2600000000001,265.2600000000001,265.2600000000001,265.2600000000001,265.2600000000001,265.2600000000001,265.2600000000001,265.2600000000001,265.2600000000001,265.2600000000001,265.2600000000001,265.2600000000001,265.2600000000001,265.2600000000001,265.2600000000001,265.2600000000001,265.2600000000001,265.2600000000001,265.2600000000001,265.2600000000001,265.2600000000001,263.20000000000016,263.3100000000002,263.3100000000002,263.3100000000002,263.41000000000014,263.41000000000014,263.41000000000014,265.2600000000001,265.2600000000001,265.2600000000001,265.2600000000001,265.2600000000001,265.2600000000001,265.2600000000001,265.2600000000001,265.2600000000001,265.2600000000001,265.2600000000001,265.2600000000001,265.2600000000001,265.2600000000001,265.2600000000001,265.2600000000001,265.2600000000001,265.2600000000001,265.2600000000001,265.2600000000001,265.2600000000001,265.2600000000001,265.2600000000001,265.2600000000001,265.2600000000001,265.2600000000001,265.2600000000001,265.2600000000001,265.2600000000001,265.2600000000001,265.2600000000001,265.2600000000001,265.2600000000001,265.2600000000001,265.2700000000001,265.2700000000001,265.2700000000001,265.2700000000001,265.2700000000001,265.2700000000001,265.2700000000001,265.2700000000001,265.2700000000001,265.2700000000001,265.2700000000001,265.2700000000001,265.2700000000001,265.2700000000001,265.2700000000001,265.2700000000001,265.2700000000001,265.2700000000001,265.2700000000001,265.2700000000001,265.2700000000001,265.2700000000001,265.2700000000001,265.2700000000001,265.2700000000001,265.2700000000001,265.2700000000001,265.2700000000001,265.2700000000001,265.2700000000001,265.2700000000001,265.2700000000001,265.2700000000001,265.2700000000001,265.2700000000001,265.2700000000001,265.2700000000001,265.2700000000001,265.2700000000001,265.2700000000001,265.2700000000001,265.2700000000001,265.2700000000001,265.2700000000001,265.2700000000001,265.2700000000001,265.2700000000001,265.2700000000001,265.2700000000001,265.2700000000001,265.2700000000001,265.2700000000001,265.2700000000001,265.2800000000001,263.5100000000001,265.2800000000001,265.2800000000001,265.2800000000001,263.7200000000001,263.7200000000001,263.7200000000001,263.7200000000001,263.7200000000001,263.8300000000001,265.2800000000001,265.2800000000001,265.2800000000001,265.2800000000001,265.2800000000001,265.2800000000001,265.2800000000001,265.2800000000001,265.2800000000001,265.2800000000001,265.2800000000001,265.2800000000001,265.2800000000001,265.2800000000001,265.2800000000001,265.2800000000001,265.2800000000001,265.2800000000001,265.2800000000001,265.2800000000001,265.2800000000001,265.2800000000001,265.2800000000001,265.2800000000001,265.2800000000001,265.2800000000001,265.2800000000001,265.2800000000001,265.2800000000001,265.2800000000001,265.2800000000001,265.2800000000001,265.2800000000001,265.2800000000001,265.2800000000001,263.9400000000001,264.04000000000013,264.04000000000013,264.04000000000013,264.1500000000001,264.1500000000001,264.1500000000001,264.2600000000001,265.2800000000001,265.2800000000001,265.2800000000001,265.2800000000001,265.2800000000001,265.2800000000001,265.2900000000001,265.2900000000001,265.2900000000001,265.2900000000001,265.2900000000001,265.2900000000001,265.2900000000001,265.2900000000001,265.2900000000001,265.2900000000001,265.2900000000001,265.2900000000001,265.2900000000001,265.2900000000001,265.2900000000001,265.2900000000001,265.2900000000001,265.2900000000001,265.2900000000001,265.2900000000001,265.2900000000001,265.2900000000001,265.2900000000001,265.2900000000001,265.2900000000001,265.2900000000001,265.2900000000001,265.2900000000001,265.2900000000001,264.3700000000001,265.2900000000001,265.2900000000001,265.2900000000001,265.2900000000001,264.5900000000001,265.2900000000001,264.5900000000001,265.2900000000001,265.2900000000001,265.2900000000001,265.2900000000001,265.2900000000001,265.2900000000001,265.2900000000001,265.2900000000001,265.2900000000001,265.2900000000001,265.2900000000001,265.2900000000001,265.2900000000001,265.2900000000001,265.2900000000001,265.2900000000001,265.2900000000001,265.2900000000001,265.2900000000001,265.2900000000001,265.2900000000001,265.2900000000001,265.2900000000001,265.2900000000001,265.2900000000001,265.2900000000001,265.2900000000001,265.2900000000001,265.2900000000001,265.2900000000001,265.2900000000001,265.30000000000007,265.30000000000007,265.30000000000007,265.30000000000007,265.30000000000007,265.30000000000007,265.30000000000007,265.30000000000007,265.30000000000007,265.30000000000007,265.30000000000007,265.30000000000007,265.30000000000007,265.30000000000007,265.30000000000007,265.30000000000007,265.30000000000007,265.30000000000007,265.30000000000007,265.30000000000007,265.30000000000007,265.30000000000007,265.30000000000007,265.30000000000007,265.30000000000007,265.30000000000007,265.30000000000007,265.30000000000007,265.30000000000007,265.30000000000007,265.30000000000007,265.30000000000007,265.30000000000007,265.30000000000007,265.30000000000007,265.30000000000007,265.30000000000007,265.30000000000007,265.30000000000007,265.30000000000007,265.30000000000007,264.7000000000001,265.30000000000007,264.7000000000001,265.30000000000007,265.30000000000007,265.30000000000007,265.30000000000007,265.30000000000007,265.30000000000007,265.30000000000007,265.30000000000007,265.30000000000007,265.30000000000007,265.30000000000007,265.30000000000007,265.30000000000007,265.30000000000007,265.30000000000007,265.30000000000007,265.30000000000007,265.30000000000007,265.30000000000007,265.30000000000007,265.30000000000007,265.30000000000007,265.30000000000007,265.30000000000007,265.30000000000007,265.30000000000007,265.30000000000007,265.30000000000007,265.30000000000007,265.30000000000007,265.30000000000007,265.30000000000007,265.30000000000007,265.30000000000007,265.30000000000007,265.30000000000007,265.30000000000007,265.30000000000007,265.30000000000007,265.30000000000007,265.30000000000007,265.30000000000007,264.8100000000001,265.0400000000001,265.30000000000007,265.30000000000007,265.30000000000007,265.30000000000007,265.30000000000007,265.30000000000007,265.30000000000007,265.30000000000007,265.30000000000007,265.30000000000007,265.30000000000007,265.30000000000007,265.30000000000007,265.30000000000007,265.30000000000007,265.30000000000007,265.30000000000007,265.30000000000007,265.30000000000007,265.30000000000007,265.30000000000007,265.30000000000007,265.30000000000007,265.30000000000007,265.30000000000007,265.30000000000007,265.30000000000007,265.30000000000007,265.30000000000007,265.30000000000007,265.30000000000007,265.30000000000007,265.30000000000007,265.30000000000007,265.30000000000007,265.30000000000007,265.30000000000007,265.30000000000007,265.30000000000007,265.30000000000007,265.30000000000007,265.30000000000007,265.30000000000007,265.1500000000001,265.30000000000007,265.1500000000001,265.30000000000007,265.31000000000006,265.31000000000006,265.31000000000006,265.31000000000006,265.31000000000006,265.31000000000006,265.31000000000006,265.31000000000006,265.31000000000006,265.31000000000006,265.31000000000006,265.31000000000006,265.31000000000006,265.31000000000006,265.31000000000006,265.31000000000006,265.31000000000006,265.31000000000006,265.31000000000006,265.31000000000006,265.31000000000006,265.31000000000006,265.32000000000005,265.32000000000005,265.32000000000005,265.32000000000005,265.32000000000005,265.32000000000005,265.32000000000005,265.32000000000005,265.32000000000005,265.32000000000005,265.32000000000005,265.32000000000005,265.32000000000005,265.32000000000005,265.32000000000005,265.32000000000005,265.32000000000005,265.32000000000005,265.32000000000005,265.32000000000005,265.32000000000005,265.32000000000005,265.33000000000004,265.33000000000004,265.33000000000004,265.33000000000004,265.33000000000004,265.33000000000004,265.33000000000004,265.34000000000003,265.34000000000003,265.34000000000003,265.34000000000003,265.34000000000003,265.34000000000003,265.34000000000003,265.34000000000003,265.34000000000003,265.34000000000003,265.34000000000003,265.34000000000003,265.34000000000003,265.34000000000003,265.34000000000003,265.2700000000001,265.2700000000001,265.2700000000001,265.2700000000001,265.2700000000001,265.3900000000001,265.3900000000001,265.5000000000001,265.5000000000001,265.34000000000003,265.34000000000003,265.34000000000003,265.34000000000003,265.34000000000003,265.34000000000003,265.34000000000003,265.34000000000003,265.34000000000003,265.34000000000003,265.34000000000003,265.34000000000003,265.34000000000003,265.61000000000007,265.61000000000007,265.84000000000003,265.84000000000003,265.84000000000003,265.84000000000003,265.84000000000003,265.84000000000003,265.85,265.85,265.85,265.85,265.34000000000003,265.34000000000003,265.34000000000003,265.34000000000003,265.34000000000003,265.34000000000003,265.34000000000003,265.34000000000003,265.34000000000003,265.34000000000003,265.34000000000003,265.34000000000003,265.34000000000003,265.34000000000003,265.34000000000003,265.34000000000003,265.34000000000003,265.34000000000003,265.34000000000003,265.34000000000003,265.34000000000003,265.34000000000003,265.34000000000003,265.34000000000003,265.34000000000003,265.34000000000003,265.34000000000003,265.34000000000003,265.34000000000003,265.34000000000003,265.34000000000003,265.34000000000003,265.34000000000003,265.34000000000003,265.34000000000003,265.34000000000003,265.34000000000003,265.34000000000003,265.34000000000003,265.34000000000003,265.34000000000003,265.34000000000003,265.34000000000003,265.34000000000003,265.34000000000003,265.34000000000003,265.34000000000003,265.34000000000003,265.35,265.35,265.35,265.35,265.35,265.35,265.35,265.35,265.35,265.36,265.36,265.36,265.36,265.36,265.36,265.36,265.36,265.36,265.36,265.36,265.36,266.08000000000004,265.36,266.20000000000005,265.36,265.36,266.20000000000005,265.36,265.36,265.36,265.36,265.36,265.36,265.36,265.36,265.36,265.36,265.36,265.36,265.36,265.36,265.36,265.36,265.36,265.36,265.36,265.36,265.36,265.36,265.36,265.36,266.32000000000005,266.44000000000005,266.44000000000005,266.44000000000005,266.44000000000005,266.44000000000005,266.56000000000006,266.56000000000006,265.36,265.36,265.36,265.36,265.36,265.36,265.36,265.36,265.36,265.36,265.36,265.36,265.36,265.36,265.36,265.36,265.36,265.36,265.36,265.36,265.36,265.36,265.36,265.36,265.36,265.36,265.36,265.36,265.36,265.36,265.36,265.36,265.36,265.36,265.36,265.36,265.36,265.36,265.36,265.36,265.36,265.36,265.36,265.36,265.36,265.36,265.36,265.37,265.37,265.37,265.37,265.37,265.37,265.37,265.37,265.37,265.37,265.37,265.37,265.37,265.37,265.37,266.68000000000006,265.37,265.37,265.37,265.37,265.37,265.37,265.37,266.9200000000001,267.0400000000001,267.0400000000001,265.37,265.37,265.37,265.37,265.37,265.37,265.38,265.38,265.38,265.38,265.38,265.38,265.38,267.16,267.2900000000001,267.2900000000001,267.2900000000001,267.2900000000001,265.38,265.38,265.38,265.38,265.38,265.38,265.38,265.38,265.38,265.39,265.39,265.39,265.39,265.39,265.39,265.39,265.39,265.39,265.39,265.39,265.39,265.39,265.39,265.39,265.39,265.39,265.39,265.39,265.39,265.39,265.39,265.39,265.39,265.39,265.39,265.39,265.39,265.39,265.39,265.39,265.39,265.39,265.39,265.39,265.39,265.39,265.39,265.39,265.39,265.39,265.39,265.39,265.39,265.39,265.39,265.39,265.39,265.39,267.5400000000001,267.6600000000001,265.39,265.39,265.39,265.39,265.39,265.39,265.39,265.39,265.39,265.39,265.39,265.39,265.39,265.39,265.39,265.39,265.39,265.39,265.39,265.39,265.39,265.39,265.39,265.39,265.39,265.39,265.39,265.39,265.39,265.39,265.39,267.7800000000001,265.39,267.9100000000001,267.9100000000001,268.0400000000001,268.0400000000001,268.0400000000001,268.0400000000001,265.39,265.39,265.39,265.39,265.39,265.39,265.39,265.39,265.39,265.39,265.39,265.39,265.39,265.39,265.39,265.39,265.39,268.17000000000013,265.39,268.17000000000013,265.39,265.39,268.17000000000013,265.39,268.17000000000013,265.4,268.17000000000013,265.4,268.17000000000013,265.4,268.17000000000013,265.4,268.17000000000013,265.4,268.17000000000013,265.4,268.17000000000013,265.4,268.17000000000013,265.4,268.17000000000013,265.4,268.17000000000013,265.4,265.4,265.4,265.4,265.4,265.4,265.4,265.4,265.4,265.4,265.4,265.4,265.4,265.4,265.4,265.4,265.40999999999997,265.40999999999997,265.40999999999997,265.40999999999997,265.40999999999997,265.40999999999997,265.40999999999997,268.3000000000001,268.42000000000013,268.42000000000013,268.42000000000013,268.42000000000013,265.40999999999997,265.40999999999997,265.40999999999997,265.40999999999997,265.40999999999997,265.40999999999997,265.40999999999997,265.40999999999997,265.40999999999997,265.40999999999997,265.40999999999997,265.40999999999997,265.40999999999997,265.40999999999997,265.41999999999996,265.41999999999996,265.41999999999996,265.41999999999996,265.41999999999996,265.41999999999996,265.41999999999996,265.41999999999996,265.41999999999996,265.41999999999996,265.41999999999996,265.41999999999996,265.41999999999996,265.41999999999996,265.41999999999996,265.41999999999996,265.41999999999996,265.41999999999996,265.41999999999996,265.42999999999995,265.42999999999995,265.42999999999995,265.42999999999995,265.42999999999995,265.42999999999995,265.42999999999995,265.42999999999995,265.42999999999995,265.42999999999995,265.42999999999995,265.42999999999995,265.42999999999995,265.42999999999995,265.42999999999995,265.42999999999995,265.42999999999995,265.42999999999995,265.42999999999995,265.42999999999995,265.42999999999995,265.42999999999995,265.43999999999994,265.43999999999994,265.43999999999994,265.43999999999994,265.43999999999994,265.43999999999994,265.43999999999994,265.43999999999994,265.43999999999994,265.43999999999994,265.43999999999994,265.43999999999994,265.43999999999994,265.43999999999994,265.43999999999994,265.43999999999994,265.43999999999994,265.43999999999994,265.43999999999994,265.43999999999994,268.67000000000013,265.43999999999994,268.67000000000013,265.43999999999994,268.67000000000013,265.43999999999994,268.67000000000013,265.43999999999994,265.43999999999994,265.43999999999994,265.43999999999994,265.43999999999994,265.43999999999994,265.43999999999994,265.43999999999994,265.43999999999994,265.43999999999994,265.43999999999994,265.43999999999994,265.43999999999994,265.43999999999994,265.43999999999994,265.43999999999994,265.43999999999994,265.43999999999994,265.43999999999994,265.43999999999994,265.43999999999994,265.44999999999993,265.44999999999993,265.44999999999993,265.44999999999993,265.46,265.46,265.46,265.46,265.46,265.46,265.46,265.46999999999997,265.46999999999997,265.46999999999997,265.46999999999997,265.46999999999997,265.46999999999997,265.46999999999997,265.46999999999997,265.46999999999997,265.46999999999997,265.46999999999997,265.46999999999997,265.46999999999997,265.46999999999997,265.46999999999997,265.46999999999997,265.46999999999997,265.46999999999997,265.46999999999997,265.46999999999997,265.46999999999997,265.46999999999997,265.46999999999997,265.46999999999997,265.46999999999997,265.46999999999997,265.46999999999997,265.46999999999997,265.46999999999997,265.46999999999997,265.46999999999997,265.46999999999997,265.46999999999997,265.46999999999997,265.46999999999997,265.46999999999997,265.46999999999997,265.46999999999997,265.46999999999997,265.46999999999997,265.46999999999997,265.46999999999997,265.46999999999997,265.46999999999997,265.46999999999997,265.46999999999997,265.46999999999997,265.46999999999997,265.46999999999997,265.46999999999997,265.46999999999997,265.46999999999997,265.46999999999997,268.79000000000013,268.79000000000013,268.79000000000013,268.79000000000013,268.79000000000013,268.79000000000013,268.79000000000013,268.92000000000013,268.92000000000013,268.92000000000013,268.92000000000013,268.92000000000013,268.92000000000013,268.92000000000013,268.92000000000013,269.0500000000001,265.46999999999997,265.46999999999997,265.46999999999997,265.46999999999997,265.46999999999997,265.46999999999997,265.46999999999997,265.46999999999997,265.46999999999997,265.46999999999997,265.46999999999997,265.46999999999997,265.46999999999997,265.46999999999997,265.46999999999997,265.46999999999997,265.46999999999997,265.46999999999997,265.46999999999997,265.46999999999997,265.46999999999997,265.46999999999997,265.46999999999997,265.46999999999997,265.46999999999997,265.46999999999997,265.46999999999997,265.46999999999997,265.46999999999997,265.46999999999997,265.46999999999997,265.46999999999997,265.46999999999997,265.46999999999997,265.46999999999997,265.46999999999997,265.46999999999997,265.46999999999997,265.46999999999997,265.46999999999997,265.46999999999997,265.46999999999997,265.46999999999997,265.46999999999997,265.46999999999997,265.46999999999997,265.46999999999997,265.46999999999997,265.46999999999997,265.46999999999997,265.46999999999997,265.46999999999997,265.46999999999997,265.46999999999997,265.46999999999997,265.46999999999997,265.46999999999997,265.46999999999997,265.46999999999997,265.46999999999997,265.46999999999997,265.46999999999997,265.46999999999997,265.46999999999997,265.46999999999997,265.46999999999997,265.46999999999997,265.46999999999997,265.46999999999997,265.46999999999997,265.46999999999997,265.46999999999997,265.46999999999997,265.46999999999997,265.46999999999997,265.47999999999996,265.47999999999996,265.47999999999996,265.47999999999996,265.47999999999996,265.47999999999996,265.47999999999996,265.47999999999996,265.47999999999996,265.47999999999996,265.47999999999996,265.47999999999996,265.47999999999996,265.47999999999996,265.47999999999996,265.47999999999996,265.47999999999996,265.47999999999996,265.47999999999996,265.47999999999996,265.47999999999996,265.47999999999996,265.47999999999996,265.47999999999996,265.47999999999996,265.47999999999996,265.47999999999996,265.47999999999996,265.47999999999996,265.47999999999996,265.47999999999996,265.47999999999996,265.47999999999996,265.47999999999996,265.47999999999996,265.47999999999996,265.47999999999996,269.29000000000013,265.47999999999996,269.29000000000013,265.47999999999996,269.29000000000013,265.47999999999996,269.29000000000013,265.47999999999996,269.29000000000013,265.47999999999996,269.29000000000013,265.47999999999996,269.29000000000013,265.47999999999996,269.29000000000013,265.47999999999996,265.47999999999996,265.47999999999996,265.47999999999996,265.47999999999996,265.47999999999996,265.47999999999996,265.47999999999996,265.47999999999996,265.47999999999996,265.47999999999996,265.47999999999996,265.47999999999996,265.47999999999996,265.47999999999996,265.47999999999996,265.47999999999996,265.47999999999996,265.47999999999996,265.47999999999996,265.47999999999996,265.47999999999996,265.47999999999996,265.47999999999996,265.47999999999996,265.47999999999996,265.47999999999996,265.47999999999996,265.47999999999996,265.47999999999996,265.47999999999996,265.47999999999996,265.47999999999996,269.42000000000013,269.42000000000013,269.42000000000013,269.42000000000013,269.42000000000013,269.42000000000013,269.42000000000013,269.42000000000013,269.5500000000001,269.5500000000001,265.48999999999995,265.48999999999995,265.48999999999995,265.48999999999995,265.48999999999995,265.48999999999995,265.48999999999995,265.48999999999995,265.48999999999995,265.48999999999995,265.48999999999995,265.48999999999995,265.48999999999995,265.48999999999995,265.48999999999995,265.48999999999995,265.49999999999994,265.49999999999994,265.49999999999994,265.49999999999994,265.49999999999994,265.49999999999994,265.49999999999994,265.49999999999994,265.49999999999994,265.49999999999994,265.49999999999994,265.49999999999994,265.49999999999994,269.8100000000001,269.8100000000001,269.9400000000001,270.0700000000001,270.0700000000001,265.49999999999994,265.49999999999994,265.49999999999994,265.49999999999994,265.49999999999994,265.49999999999994,265.49999999999994,265.49999999999994,265.49999999999994,265.49999999999994,265.49999999999994,265.49999999999994,265.49999999999994,265.49999999999994,265.49999999999994,265.49999999999994,265.49999999999994,265.49999999999994,265.49999999999994,270.3400000000001,265.49999999999994,265.50999999999993,265.50999999999993,265.50999999999993,265.50999999999993,265.50999999999993,265.50999999999993,265.50999999999993,265.50999999999993,265.50999999999993,265.50999999999993,265.50999999999993,265.50999999999993,265.50999999999993,265.50999999999993,265.50999999999993,270.61000000000007,265.50999999999993,265.50999999999993,265.50999999999993,265.50999999999993,265.50999999999993,265.50999999999993,265.50999999999993,265.50999999999993,265.50999999999993,265.50999999999993,265.50999999999993,265.50999999999993,265.50999999999993,265.50999999999993,265.50999999999993,265.50999999999993,265.50999999999993,265.50999999999993,265.50999999999993,265.50999999999993,270.8800000000001,265.50999999999993,265.50999999999993,265.50999999999993,265.50999999999993,265.50999999999993,265.50999999999993,265.50999999999993,265.52,265.52,265.52,265.52,265.52,265.52,265.52,265.52,265.52,265.52,265.52,265.52,265.52,265.52,265.52,265.52,265.52,265.52,265.52,265.52,265.52,265.52,265.52,265.52,265.52,265.52,265.52,265.52,265.52,265.52,265.52,265.52,265.52,265.52,265.52,265.52,265.52,265.52,265.52,265.52,265.52,265.52,265.52,265.52,265.52,265.52,265.52,265.52,265.52,265.52,265.52,265.52,265.52,265.52,265.52,265.52,265.52,265.52,265.52,265.52,265.52,265.52,265.52,265.52,265.52,265.52,265.52,265.52,265.52,265.52,265.52,265.52,265.52,265.52,265.52,265.52,265.52,265.52,271.0200000000001,265.52,271.0200000000001,265.52,271.0200000000001,265.52,265.52,265.52,265.52,265.52,265.52,265.52,265.52,265.52,265.52,265.52,265.52,265.52,265.52,265.52,265.52,265.52,265.52,265.52,265.52,265.52,265.52,265.52,265.52,265.52,265.52,265.52,265.52,265.52,265.52,265.52,265.52,265.52,265.52,265.52,265.52,265.52,265.53,265.53,271.1600000000001,271.2900000000001,271.4300000000001,265.53,265.53,265.53,265.53,265.53,265.53,265.53,265.53,265.53,265.53,265.53,265.53,265.53,265.53,265.53,265.53,265.53,265.53,265.53,265.53,265.53,265.53,265.53,265.53,265.53,265.53,265.53,265.53,265.53,265.53,265.53,265.53,265.53,265.53,265.53,265.53,265.53,265.53,265.53,265.53,265.53,265.53,265.53,265.53,265.53,265.53,265.53,265.53,265.53999999999996,265.53999999999996,265.53999999999996,265.53999999999996,265.53999999999996,265.53999999999996,265.53999999999996,265.53999999999996,265.53999999999996,265.54999999999995,265.54999999999995,265.54999999999995,265.54999999999995,265.54999999999995,265.54999999999995,265.54999999999995,265.54999999999995,265.54999999999995,265.54999999999995,265.56,265.56,265.56,265.56,265.56,265.56,265.56,265.56,265.56,265.56,265.56,265.57,265.57,265.57,265.57,265.57,265.57,265.57,271.5700000000001,265.57,271.5700000000001,265.57,271.5700000000001,265.57,265.57,271.5700000000001,265.57,271.5700000000001,265.57,271.5700000000001,265.57,265.57,265.57,265.57,265.57,265.57,265.57,265.57,265.57,265.57,265.57,265.57,265.57,265.57,265.57,265.57,265.57,265.57,265.57,265.57,265.57,265.57,265.57,265.57,265.57,265.57,265.57,265.57,265.57,265.57,265.57,265.57,265.57,265.57,265.57,265.57,265.57,265.57,265.57,265.57,265.57,265.57,265.57,265.58,265.58,265.58,265.58,265.58,265.58,265.58,265.58,265.58,265.58,265.58,265.58,265.58,265.58,265.58,265.58,265.58,265.58,265.58,265.58,265.58,265.58,265.58,265.58,265.58,265.58,265.58,265.58,265.58,265.58,265.58,265.58,265.58,265.58,265.58,265.58,265.58,265.58,265.58,265.58,265.58,265.58,265.58,265.58,265.58,265.58,265.58,265.58,265.58,265.58,265.58,265.58,271.7100000000001,265.58,271.7100000000001,265.58,271.7100000000001,265.58,271.7100000000001,265.58,271.7100000000001,265.58,271.7100000000001,265.58,271.7100000000001,265.58,265.58,265.58,265.58,265.58,265.58,265.58,265.58,265.58,265.58,265.58,265.58,265.58,265.58,265.58,265.58,265.58,265.58,265.58,265.58,265.58,265.59,265.59,265.59,265.59,265.59,265.59,265.59,265.59,265.59,265.59,265.59,265.59,265.59999999999997,265.59999999999997,265.59999999999997,265.59999999999997,265.59999999999997,265.59999999999997,265.59999999999997,265.59999999999997,265.59999999999997,265.59999999999997,265.59999999999997,265.59999999999997,265.59999999999997,265.59999999999997,265.59999999999997,265.59999999999997,265.59999999999997,265.59999999999997,265.59999999999997,265.59999999999997,265.59999999999997,265.59999999999997,265.59999999999997,265.59999999999997,265.59999999999997,265.59999999999997,265.59999999999997,265.59999999999997,265.59999999999997,265.59999999999997,265.59999999999997,265.59999999999997,265.59999999999997,265.59999999999997,265.59999999999997,265.59999999999997,265.59999999999997,265.59999999999997,265.59999999999997,265.60999999999996,265.60999999999996,265.60999999999996,265.60999999999996,265.60999999999996,265.60999999999996,265.60999999999996,265.60999999999996,265.60999999999996,265.60999999999996,265.60999999999996,265.60999999999996,265.60999999999996,265.60999999999996,265.60999999999996,265.60999999999996,265.60999999999996,265.60999999999996,265.60999999999996,265.60999999999996,265.60999999999996,271.85000000000014,265.60999999999996,265.60999999999996,265.60999999999996,265.60999999999996,265.60999999999996,265.60999999999996,265.60999999999996,265.60999999999996,265.60999999999996,265.60999999999996,265.60999999999996,265.60999999999996,265.60999999999996,265.60999999999996,265.60999999999996,265.60999999999996,265.60999999999996,265.60999999999996,265.60999999999996,265.60999999999996,265.60999999999996,265.60999999999996,265.60999999999996,265.60999999999996,265.60999999999996,265.60999999999996,265.60999999999996,265.61999999999995,265.61999999999995,265.61999999999995,265.61999999999995,265.61999999999995,265.61999999999995,265.61999999999995,265.61999999999995,265.61999999999995,265.61999999999995,265.61999999999995,265.61999999999995,265.61999999999995,265.61999999999995,265.61999999999995,265.61999999999995,265.61999999999995,265.61999999999995,265.61999999999995,265.61999999999995,265.61999999999995,265.61999999999995,265.61999999999995,265.61999999999995,265.61999999999995,265.61999999999995,265.61999999999995,265.61999999999995,265.61999999999995,265.61999999999995,265.61999999999995,265.61999999999995,265.61999999999995,265.61999999999995,265.61999999999995,265.61999999999995,265.61999999999995,265.61999999999995,265.61999999999995,265.61999999999995,265.61999999999995,265.61999999999995,265.61999999999995,265.61999999999995,265.61999999999995,265.61999999999995,265.61999999999995,265.61999999999995,265.61999999999995,265.61999999999995,265.61999999999995,265.61999999999995,265.61999999999995,265.61999999999995,265.61999999999995,265.61999999999995,265.61999999999995,265.61999999999995,265.61999999999995,265.61999999999995,265.61999999999995,271.9900000000001,265.61999999999995,265.61999999999995,265.61999999999995,265.61999999999995,265.61999999999995,265.61999999999995,265.61999999999995,265.61999999999995,265.61999999999995,265.61999999999995,265.61999999999995,272.1300000000001,272.1300000000001,272.2700000000001,272.2700000000001,272.2700000000001,265.61999999999995,265.61999999999995,265.61999999999995,265.61999999999995,265.61999999999995,265.61999999999995,265.61999999999995,265.61999999999995,265.61999999999995,265.61999999999995,265.61999999999995,265.61999999999995,265.61999999999995,265.61999999999995,265.61999999999995,265.61999999999995,265.61999999999995,265.61999999999995,265.61999999999995,265.61999999999995,265.61999999999995,265.61999999999995,265.61999999999995,265.61999999999995,265.61999999999995,265.61999999999995,265.61999999999995,265.61999999999995,265.61999999999995,272.41000000000014,265.61999999999995,272.41000000000014,265.61999999999995,265.61999999999995,265.61999999999995,265.61999999999995,265.61999999999995,265.61999999999995,265.61999999999995,265.61999999999995,265.61999999999995,265.62999999999994,265.62999999999994,265.62999999999994,265.62999999999994,265.62999999999994,265.62999999999994,265.62999999999994,265.62999999999994,265.62999999999994,265.62999999999994,265.62999999999994,265.62999999999994,265.62999999999994,265.62999999999994,265.62999999999994,265.62999999999994,265.62999999999994,265.62999999999994,265.62999999999994,265.62999999999994,265.62999999999994,265.62999999999994,265.62999999999994,265.62999999999994,265.62999999999994,272.5500000000001,272.6900000000001,272.6900000000001,272.7000000000001,272.7000000000001,272.7000000000001,272.7000000000001,272.7000000000001,272.7000000000001,272.7000000000001,265.62999999999994,265.62999999999994,265.62999999999994,265.62999999999994,265.62999999999994,265.62999999999994,265.62999999999994,265.62999999999994,265.62999999999994,265.62999999999994,265.62999999999994,265.62999999999994,265.63999999999993,265.63999999999993,265.63999999999993,265.63999999999993,265.63999999999993,265.63999999999993,265.63999999999993,265.63999999999993,265.63999999999993,265.63999999999993,265.63999999999993,265.63999999999993,265.63999999999993,265.63999999999993,265.63999999999993,265.63999999999993,265.63999999999993,265.63999999999993,265.63999999999993,265.63999999999993,265.63999999999993,265.63999999999993,265.63999999999993,265.63999999999993,265.63999999999993,265.63999999999993,265.63999999999993,265.63999999999993,265.63999999999993,265.6499999999999,265.6499999999999,265.6499999999999,265.6499999999999,265.6499999999999,265.6499999999999,265.6499999999999,265.6499999999999,265.6499999999999,265.6499999999999,265.6499999999999,265.6499999999999,265.6499999999999,265.6499999999999,265.6499999999999,265.6499999999999,265.6499999999999,265.6499999999999,265.6499999999999,265.6499999999999,265.6499999999999,265.6499999999999,265.6499999999999,265.6499999999999,265.6499999999999,265.6499999999999,265.6499999999999,265.6499999999999,265.6499999999999,273.0000000000001,273.0000000000001,273.0000000000001,273.0000000000001,273.29000000000013,273.29000000000013,273.29000000000013,273.29000000000013,273.29000000000013,273.29000000000013,265.6499999999999,265.6499999999999,265.6499999999999,265.6499999999999,265.6499999999999,265.6499999999999,265.6499999999999,265.6599999999999,265.6599999999999,265.6599999999999,265.6599999999999,265.6599999999999,265.6599999999999,265.6599999999999,265.6599999999999,265.6599999999999,265.6599999999999,265.6599999999999,265.6599999999999,265.6599999999999,265.6599999999999,265.6599999999999,265.6599999999999,265.6599999999999,265.6599999999999,265.6599999999999,265.6599999999999,265.6599999999999,265.6599999999999,265.6599999999999,265.6599999999999,265.6599999999999,265.6599999999999,265.6599999999999,265.6599999999999,265.6599999999999,265.6599999999999,265.6599999999999,265.6599999999999,265.6599999999999,265.6599999999999,265.6599999999999,265.6599999999999,265.6599999999999,265.6599999999999,265.6599999999999,265.6599999999999,265.6599999999999,265.6599999999999,265.6599999999999,265.6599999999999,265.6599999999999,265.6599999999999,265.6599999999999,265.6599999999999,265.6599999999999,265.6599999999999,265.6599999999999,265.6599999999999,265.6599999999999,265.6599999999999,265.6599999999999,265.6599999999999,265.6699999999999,265.6699999999999,265.6699999999999,265.6699999999999,265.6699999999999,265.6699999999999,265.6699999999999,265.6699999999999,265.6699999999999,265.6699999999999,265.6699999999999,265.6699999999999,265.6699999999999,265.6699999999999,265.6699999999999,265.6699999999999,265.6699999999999,265.6699999999999,265.6699999999999,265.6699999999999,265.6699999999999,265.6699999999999,265.6699999999999,265.6699999999999,265.6699999999999,265.6699999999999,265.6699999999999,265.6699999999999,265.6699999999999,265.6699999999999,265.6699999999999,265.6699999999999,265.6699999999999,265.6699999999999,265.6699999999999,265.6699999999999,265.6699999999999,265.6699999999999,265.6699999999999,265.6699999999999,265.6699999999999,265.6699999999999,265.6699999999999,265.6699999999999,265.6699999999999,265.6699999999999,265.6699999999999,265.6699999999999,265.67999999999995,265.67999999999995,265.67999999999995,265.67999999999995,265.67999999999995,265.67999999999995,265.67999999999995,265.67999999999995,265.67999999999995,265.67999999999995,265.67999999999995,265.67999999999995,265.67999999999995,265.67999999999995,265.67999999999995,265.67999999999995,265.67999999999995,265.67999999999995,265.67999999999995,265.67999999999995,265.67999999999995,265.67999999999995,265.67999999999995,265.67999999999995,265.67999999999995,265.67999999999995,265.67999999999995,265.67999999999995,265.67999999999995,265.67999999999995,265.67999999999995,265.67999999999995,265.67999999999995,265.67999999999995,265.67999999999995,265.67999999999995,265.67999999999995,265.67999999999995,273.5800000000001,265.68999999999994,265.68999999999994,265.68999999999994,265.68999999999994,265.68999999999994,265.68999999999994,265.68999999999994,265.68999999999994,265.68999999999994,265.68999999999994,265.68999999999994,265.68999999999994,265.68999999999994,265.68999999999994,265.68999999999994,265.68999999999994,265.68999999999994,265.68999999999994,265.68999999999994,265.68999999999994,265.68999999999994,265.68999999999994,265.68999999999994,265.68999999999994,265.68999999999994,265.68999999999994,265.68999999999994,265.68999999999994,265.68999999999994,265.68999999999994,265.69999999999993,265.69999999999993,265.69999999999993,265.69999999999993,265.69999999999993,265.69999999999993,265.69999999999993,265.69999999999993,265.69999999999993,265.69999999999993,265.69999999999993,265.69999999999993,265.69999999999993,265.69999999999993,265.69999999999993,265.69999999999993,265.69999999999993,265.69999999999993,265.69999999999993,265.7099999999999,265.7099999999999,265.7099999999999,265.7099999999999,265.7099999999999,265.7099999999999,265.7099999999999,265.7099999999999,265.7099999999999,265.7099999999999,265.7099999999999,265.7099999999999,265.7099999999999,265.7099999999999,273.73000000000013,273.8700000000001,273.8700000000001,273.8700000000001,273.8700000000001,273.8700000000001,273.8700000000001,273.8700000000001,273.8700000000001,274.02000000000015,274.02000000000015,274.02000000000015,274.02000000000015,274.02000000000015,274.02000000000015,265.7099999999999,265.7099999999999,265.7099999999999,265.7099999999999,265.7099999999999,265.7099999999999,265.7099999999999,265.7099999999999,265.7099999999999,265.7099999999999,265.7099999999999,265.7099999999999,265.7099999999999,265.7099999999999,265.7099999999999,265.7099999999999,265.7099999999999,
265.7099999999999,265.7099999999999,265.7099999999999,265.7099999999999,265.7099999999999,265.7099999999999,265.7099999999999,265.7099999999999,265.7099999999999,265.7099999999999,265.7099999999999,265.7099999999999,265.7199999999999,265.7199999999999,265.7199999999999,265.7199999999999,265.7199999999999,265.7199999999999,265.7299999999999,265.7299999999999,265.7299999999999,265.7299999999999,265.7399999999999,265.7399999999999,265.74999999999994,265.74999999999994,265.75999999999993,265.75999999999993,265.75999999999993,265.75999999999993,265.75999999999993,265.75999999999993,265.75999999999993,265.75999999999993,265.75999999999993,265.75999999999993,265.75999999999993,265.75999999999993,265.75999999999993,274.16000000000014,265.7699999999999,265.7699999999999,265.7699999999999,265.7799999999999,265.7799999999999,265.78999999999996,265.79999999999995,265.79999999999995,265.79999999999995,265.80999999999995,265.8299999999999,265.8399999999999,265.8399999999999,265.8399999999999,265.84999999999997,265.85999999999996,265.86999999999995,265.86999999999995,265.86999999999995,265.86999999999995,265.87999999999994,265.9,265.9,265.9,265.9,265.91999999999996,265.93999999999994,265.93999999999994,265.97999999999996,265.98999999999995,265.98999999999995,265.98999999999995,265.98999999999995,265.98999999999995,266.03,266.03,266.03,266.03,266.04999999999995,266.07,266.07,266.09,266.10999999999996,266.10999999999996,274.59000000000015,274.59000000000015,274.59000000000015,274.59000000000015,274.59000000000015,274.59000000000015,266.15999999999997,266.2,266.22999999999996,266.22999999999996,266.22999999999996,266.22999999999996,266.22999999999996,266.26,266.28,266.28,266.28,266.3,266.33,266.33,266.36,266.36,266.40999999999997,266.40999999999997,266.40999999999997,266.40999999999997,266.40999999999997,274.91000000000014,266.4599999999999,266.5199999999999,266.5199999999999,266.54999999999995,275.0600000000002,275.0600000000002,266.5799999999999,266.6499999999999,266.67999999999995,266.67999999999995,266.67999999999995,266.67999999999995,266.71,275.21000000000015,275.21000000000015,266.74999999999994,266.78999999999996,266.78999999999996,266.81999999999994,275.3600000000001,266.9,266.9,266.9,266.92999999999995,266.92999999999995,266.92999999999995,266.9699999999999,275.5100000000001,267.00999999999993,267.00999999999993,267.0499999999999,267.0899999999999,267.0899999999999,275.66000000000014,267.1299999999999,267.1799999999999,275.8100000000001,267.2599999999999,267.2599999999999,267.2599999999999,267.29999999999984,267.29999999999984,267.29999999999984,267.29999999999984,275.9600000000001,275.9600000000001,267.3899999999998,267.42999999999984,267.42999999999984,267.42999999999984,267.4699999999998,276.1100000000001,276.1100000000001,276.1100000000001,276.1100000000001,276.1100000000001,276.1100000000001,276.1100000000001,267.5699999999998,267.5699999999998,267.6099999999998,276.2600000000001,276.2600000000001,267.69999999999976,267.69999999999976,267.69999999999976,267.7499999999998,276.41000000000014,276.41000000000014,276.41000000000014,276.41000000000014,276.41000000000014,276.41000000000014,276.41000000000014,276.41000000000014,276.41000000000014,267.8499999999998,267.8499999999998,267.8499999999998,267.89999999999975,267.95999999999975,267.95999999999975,268.00999999999976,276.72000000000014,276.72000000000014,276.72000000000014,268.1099999999998,268.1599999999998,268.2099999999998,268.2699999999998,268.2699999999998,268.2699999999998,268.3299999999998,277.03000000000014,268.3299999999998,268.3299999999998,268.3299999999998,268.3299999999998,268.3299999999998,268.3299999999998,268.4399999999998,268.49999999999983,268.54999999999984,268.54999999999984,268.54999999999984,268.54999999999984,268.54999999999984,268.54999999999984,268.59999999999985,277.34000000000015,277.34000000000015,268.64999999999986,268.6999999999999,268.7599999999998,268.86999999999983,268.86999999999983,268.92999999999984,268.92999999999984,268.92999999999984,268.92999999999984,268.98999999999984,268.98999999999984,268.98999999999984,269.05999999999983,277.8100000000001,269.11999999999983,269.11999999999983,277.97000000000014,269.17999999999984,269.17999999999984,269.17999999999984,269.17999999999984,269.17999999999984,269.17999999999984,269.17999999999984,269.17999999999984,269.17999999999984,269.2499999999999,269.2499999999999,269.2499999999999,278.1300000000001,278.1300000000001,278.1300000000001,278.1300000000001,269.3099999999999,278.1300000000001,278.1300000000001,269.4399999999999,278.2900000000001,278.2900000000001,278.2900000000001,269.5099999999999,269.5099999999999,269.5699999999999,269.6399999999999,269.70999999999987,269.76999999999987,278.61000000000007,278.61000000000007,278.61000000000007,278.61000000000007,278.61000000000007,269.82999999999987,269.96999999999986,270.03999999999985,270.1099999999999,278.9300000000001,278.9300000000001,270.1799999999999,270.1799999999999,270.2499999999999,270.2499999999999,270.2499999999999,270.2499999999999,279.0900000000001,270.3199999999999,270.3199999999999,270.3899999999999,270.3899999999999,270.3899999999999,279.2500000000001,279.2500000000001,270.6099999999999,270.6099999999999,270.6099999999999,270.6799999999999,270.6799999999999,279.41000000000014,279.41000000000014,279.41000000000014,279.41000000000014,279.41000000000014,270.7499999999999,270.8199999999999,270.8199999999999,270.8899999999999,279.57000000000016,279.57000000000016,270.96999999999986,270.96999999999986,270.96999999999986,270.96999999999986,270.96999999999986,271.04999999999984,279.7400000000001,279.7400000000001,279.7400000000001,279.7400000000001,279.7400000000001,279.7400000000001,271.11999999999983,271.11999999999983,271.1899999999999,279.7400000000001,271.26999999999987,271.26999999999987,271.34999999999985,279.90000000000015,271.42999999999984,271.42999999999984,271.42999999999984,280.0700000000001,280.0700000000001,271.58999999999986,271.66999999999985,271.66999999999985,271.66999999999985,271.66999999999985,271.66999999999985,271.7499999999999,271.7499999999999,271.82999999999987,271.82999999999987,280.2400000000001,280.2400000000001,280.2400000000001,271.9899999999999,280.4000000000001,280.4000000000001,272.0699999999999,272.15999999999985,280.5700000000001,272.2399999999999,272.2399999999999,272.32999999999987,272.32999999999987,280.7400000000001,272.40999999999985,272.4999999999999,272.4999999999999,280.91000000000014,272.57999999999987,272.57999999999987,272.57999999999987,281.0800000000001,281.0800000000001,272.66999999999985,272.66999999999985,272.66999999999985,272.66999999999985,272.66999999999985,272.66999999999985,281.0800000000001,281.0800000000001,281.0800000000001,272.83999999999986,281.2500000000001,273.01999999999987,273.01999999999987,273.01999999999987,273.01999999999987,273.01999999999987,273.01999999999987,281.4200000000001,273.10999999999984,281.4200000000001,281.4200000000001,281.4200000000001,273.1999999999999,273.1999999999999,273.1999999999999,281.5900000000001,281.5900000000001,273.28999999999985,273.28999999999985,273.28999999999985,273.28999999999985,273.3799999999999,281.7600000000001,281.7600000000001,273.46999999999986,273.46999999999986,273.46999999999986,273.46999999999986,273.46999999999986,273.46999999999986,273.46999999999986,273.5599999999999,281.9300000000001,281.9300000000001,273.5599999999999,273.6599999999999,273.8399999999999,282.2700000000001,282.4400000000001,274.0299999999999,274.1199999999999,274.1199999999999,274.1199999999999,274.1199999999999,274.1199999999999,282.6200000000001,282.6200000000001,282.6200000000001,282.6200000000001,282.6200000000001,282.6200000000001,274.2099999999999,274.29999999999995,274.29999999999995,274.29999999999995,274.29999999999995,282.79000000000013,274.3999999999999,274.3999999999999,274.48999999999995,282.9700000000001,282.9700000000001,282.9700000000001,274.5799999999999,274.5799999999999,283.1400000000001,283.1400000000001,274.85999999999996,283.3100000000001,274.9599999999999,274.9699999999999,275.0699999999999,275.0699999999999,275.0699999999999,283.4900000000001,275.1699999999999,275.1799999999999,275.1799999999999,283.6600000000001,283.6600000000001,283.6600000000001,275.3799999999999,283.8300000000001,283.8300000000001,275.4899999999999,275.4899999999999,275.4899999999999,275.5899999999999,284.0000000000001,275.6899999999999,275.6899999999999,275.6899999999999,275.6899999999999,275.6899999999999,284.0000000000001,284.0000000000001,275.7899999999999,275.7899999999999,275.7899999999999,275.8899999999999,284.1800000000001,284.1800000000001,275.9999999999999,275.9999999999999,284.35000000000014,284.35000000000014,284.35000000000014,276.0999999999999,276.0999999999999,276.0999999999999,276.0999999999999,284.35000000000014,276.19999999999993,284.5200000000001,284.5200000000001,284.5200000000001,284.5200000000001,284.5200000000001,276.3999999999999,276.3999999999999,276.49999999999994,276.49999999999994,284.7000000000001,284.7000000000001,284.8800000000001,284.8800000000001,276.7099999999999,276.81999999999994,276.81999999999994,276.9299999999999,285.0600000000001,285.0600000000001,285.0600000000001,285.0600000000001,277.0399999999999,285.2400000000001,285.2400000000001,285.42000000000013,285.42000000000013,285.42000000000013,277.2599999999999,285.6100000000001,285.6100000000001,277.2599999999999,277.3699999999999,285.79000000000013,285.79000000000013,277.47999999999985,277.47999999999985,277.47999999999985,277.47999999999985,277.58999999999986,285.98000000000013,285.98000000000013,277.6999999999999,286.16000000000014,286.16000000000014,277.6999999999999,277.8099999999999,277.8099999999999,286.35000000000014,277.91999999999985,286.53000000000014,286.53000000000014,278.0299999999998,278.1399999999998,278.1399999999998,286.71000000000015,278.35999999999984,286.89000000000016,286.89000000000016,286.89000000000016,278.46999999999986,278.58999999999986,278.58999999999986,278.58999999999986,278.70999999999987,278.70999999999987,278.70999999999987,287.26000000000016,287.26000000000016,287.26000000000016,287.26000000000016,278.82999999999987,287.26000000000016,287.26000000000016,287.26000000000016,278.9399999999998,278.9399999999998,278.9399999999998,278.9399999999998,287.26000000000016,287.26000000000016,287.26000000000016,279.04999999999984,279.04999999999984,279.04999999999984,287.44000000000017,279.16999999999985,279.16999999999985,279.16999999999985,279.16999999999985,279.16999999999985,279.16999999999985,279.29999999999984,279.29999999999984,279.29999999999984,279.29999999999984,287.63000000000017,279.29999999999984,279.29999999999984,279.42999999999984,279.42999999999984,279.42999999999984,287.82000000000016,287.82000000000016,279.5599999999999,279.6899999999999,279.6899999999999,279.8199999999999,279.8199999999999,288.20000000000016,279.9399999999999,279.9399999999999,279.9399999999999,279.9399999999999,288.20000000000016,280.0599999999999,280.1899999999999,280.3099999999999,280.3099999999999,280.3099999999999,280.3099999999999,280.3099999999999,280.3099999999999,280.3099999999999,288.58000000000015,280.4399999999999,280.4399999999999,280.4399999999999,280.4399999999999,280.4399999999999,280.5699999999999,288.77000000000015,280.6999999999999,280.6999999999999,288.96000000000015,280.83999999999986,280.83999999999986,280.83999999999986,280.83999999999986,280.9699999999999,281.0999999999999,281.0999999999999,281.0999999999999,281.0999999999999,289.34000000000015,289.34000000000015,289.34000000000015,289.34000000000015,281.2399999999999,281.2399999999999,281.2399999999999,281.2399999999999,289.53000000000014,289.53000000000014,281.3799999999999,281.3799999999999,281.5099999999999,289.73000000000013,289.73000000000013,281.6399999999999,281.6399999999999,281.6399999999999,281.6399999999999,281.6399999999999,281.6399999999999,281.6399999999999,281.6399999999999,281.6399999999999,281.6399999999999,281.6399999999999,281.6399999999999,281.6399999999999,281.76999999999987,281.89999999999986,281.89999999999986,290.1200000000001,282.02999999999986,282.02999999999986,282.02999999999986,282.02999999999986,282.02999999999986,290.1200000000001,290.1200000000001,290.1300000000001,282.29999999999984,290.1300000000001,290.1300000000001,290.1300000000001,282.4399999999999,290.33000000000015,282.57999999999987,282.57999999999987,282.57999999999987,282.57999999999987,282.57999999999987,282.57999999999987,290.53000000000014,290.53000000000014,290.53000000000014,282.8599999999999,282.8599999999999,290.72000000000014,290.72000000000014,282.9999999999999,282.9999999999999,282.9999999999999,290.72000000000014,283.1399999999999,290.72000000000014,283.27999999999986,283.27999999999986,283.27999999999986,283.27999999999986,283.27999999999986,283.27999999999986,283.27999999999986,283.41999999999985,290.72000000000014,290.72000000000014,283.55999999999983,283.55999999999983,283.55999999999983,290.72000000000014,290.72000000000014,283.6999999999998,283.6999999999998,283.6999999999998,283.83999999999986,283.83999999999986,283.83999999999986,283.83999999999986,283.83999999999986,283.83999999999986,283.83999999999986,283.83999999999986,283.83999999999986,283.83999999999986,283.83999999999986,283.83999999999986,283.83999999999986,283.83999999999986,283.83999999999986,283.83999999999986,283.83999999999986,283.83999999999986,283.83999999999986,283.83999999999986,283.97999999999985,290.91000000000014,290.91000000000014,290.91000000000014,290.91000000000014,284.1199999999999,290.91000000000014,290.91000000000014,290.91000000000014,290.91000000000014,284.2599999999999,284.2599999999999,284.3899999999999,284.3899999999999,284.3899999999999,284.3899999999999,284.3899999999999,291.1100000000001,291.1100000000001,291.1100000000001,291.1100000000001,291.1100000000001,291.1100000000001,291.1100000000001,284.6699999999999,284.6699999999999,284.6699999999999,284.8099999999999,291.1100000000001,291.1100000000001,291.1100000000001,285.08999999999986,291.1100000000001,291.1100000000001,285.3799999999999,285.3799999999999,291.1100000000001,291.1100000000001,291.1100000000001,291.1100000000001,291.1100000000001,285.52999999999986,285.52999999999986,291.3200000000001,285.6799999999999,285.82999999999987,291.3200000000001,291.3200000000001,291.3200000000001,291.3200000000001,291.3200000000001,291.3200000000001,291.3200000000001,291.3200000000001,291.3200000000001,291.3200000000001,291.3200000000001,285.96999999999986,285.97999999999985,285.97999999999985,285.97999999999985,291.3200000000001,286.26999999999987,291.5300000000001,286.40999999999985,286.40999999999985,291.5300000000001,286.6999999999998,286.6999999999998,286.84999999999985,291.94000000000005,291.94000000000005,291.94000000000005,286.99999999999983,286.99999999999983,292.1500000000001,292.1500000000001,287.1499999999998,287.1499999999998,287.1499999999998,287.29999999999984,287.29999999999984,287.29999999999984,292.36000000000007,287.4499999999998,287.4499999999998,287.4499999999998,292.57000000000005,287.59999999999985,287.59999999999985,287.59999999999985,287.59999999999985,287.60999999999984,287.60999999999984,292.57000000000005,287.7599999999998,287.7599999999998,287.7599999999998,287.7599999999998,287.7599999999998,287.7599999999998,287.7599999999998,287.7599999999998,287.7599999999998,287.7599999999998,292.78000000000003,287.90999999999985,292.99000000000007,292.99000000000007,292.99000000000007,288.20999999999987,293.41,293.41,293.41,293.41,293.41,293.41,293.41,293.41,288.51999999999987,293.62000000000006,288.6799999999999,288.82999999999987,288.82999999999987,288.82999999999987,288.82999999999987,288.9899999999999,288.9899999999999,288.9899999999999,288.9899999999999,288.9899999999999,288.9899999999999,288.9899999999999,288.9899999999999,294.0400000000001,294.0400000000001,294.0400000000001,294.0400000000001,294.0400000000001,289.1399999999999,289.1399999999999,294.25000000000006,294.25000000000006,289.1399999999999,289.1399999999999,289.28999999999985,294.4600000000001,289.4499999999999,289.4499999999999,289.4499999999999,294.6700000000001,294.6700000000001,289.60999999999984,289.60999999999984,294.88000000000005,294.88000000000005,294.88000000000005,294.88000000000005,294.88000000000005,289.76999999999987,289.76999999999987,289.92999999999984,289.92999999999984,289.92999999999984,295.1000000000001,295.1000000000001,290.24999999999983,290.24999999999983,295.3200000000001,295.3200000000001,295.5400000000001,295.5400000000001,295.5400000000001,295.5400000000001,295.5400000000001,290.72999999999985,290.72999999999985,290.72999999999985,290.72999999999985,290.72999999999985,295.7600000000001,295.7600000000001,295.7600000000001,295.7600000000001,290.8899999999999,290.8899999999999,290.8899999999999,290.8899999999999,290.8899999999999,295.9800000000001,295.9800000000001,291.04999999999984,291.04999999999984,291.04999999999984,291.04999999999984,291.36999999999983,296.4200000000001,296.4200000000001,296.4200000000001,291.53999999999985,291.53999999999985,296.6400000000001,296.6400000000001,296.6400000000001,291.6999999999999,296.6400000000001,291.6999999999999,296.6400000000001,296.6400000000001,291.86999999999983,291.86999999999983,296.8600000000001,296.8600000000001,296.8600000000001,296.8600000000001,292.02999999999986,292.02999999999986,297.0700000000001,297.0700000000001,297.0700000000001,297.0700000000001,297.0700000000001,292.35999999999984,297.29000000000013,297.29000000000013,297.29000000000013,297.29000000000013,297.29000000000013,292.51999999999987,292.51999999999987,292.51999999999987,297.5100000000001,297.5100000000001,297.5100000000001,297.5100000000001,297.5100000000001,297.5100000000001,292.6899999999999,292.6899999999999,297.7400000000001,297.7400000000001,297.7400000000001,297.7400000000001,297.7400000000001,292.85999999999984,292.85999999999984,292.85999999999984,292.85999999999984,292.85999999999984,293.03999999999985,293.03999999999985,297.96000000000015,297.96000000000015,297.96000000000015,298.1800000000001,298.1800000000001,298.1800000000001,298.1800000000001,298.1800000000001,298.19000000000017,298.19000000000017,298.41000000000014,298.41000000000014,298.41000000000014,298.41000000000014,298.41000000000014,298.41000000000014,298.41000000000014,298.41000000000014,298.41000000000014,298.41000000000014,293.3899999999999,293.3899999999999,293.3899999999999,293.3899999999999,293.3899999999999,293.3899999999999,293.3899999999999,293.3899999999999,293.55999999999983,298.63000000000017,298.85000000000014,298.85000000000014,293.89999999999986,293.89999999999986,293.89999999999986,299.08000000000015,294.0699999999999,294.0699999999999,294.0699999999999,294.2399999999999,299.3000000000002,299.3000000000002,299.3000000000002,294.40999999999985,299.52000000000015,299.52000000000015,299.75000000000017,299.75000000000017,299.75000000000017,299.75000000000017,299.75000000000017,299.75000000000017,299.75000000000017,299.75000000000017,299.75000000000017,299.75000000000017,299.75000000000017,294.57999999999987,294.57999999999987,294.57999999999987,294.57999999999987,294.7499999999999,299.9800000000002,299.9800000000002,299.9800000000002,294.9299999999999,294.9299999999999,300.21000000000015,300.21000000000015,300.21000000000015,295.1099999999999,295.1099999999999,300.44000000000017,300.44000000000017,300.44000000000017,300.44000000000017,300.44000000000017,300.44000000000017,300.44000000000017,300.44000000000017,300.44000000000017,300.44000000000017,300.44000000000017,295.2799999999999,300.44000000000017,300.44000000000017,300.44000000000017,300.44000000000017,295.44999999999993,300.6600000000002,300.6600000000002,300.6600000000002,295.62999999999994,295.62999999999994,300.8900000000002,300.8900000000002,295.79999999999995,295.79999999999995,295.97999999999996,295.97999999999996,295.97999999999996,295.97999999999996,295.97999999999996,296.15999999999997,296.16999999999996,296.16999999999996,296.16999999999996,301.3500000000002,301.3500000000002,301.3500000000002,301.3500000000002,301.3500000000002,301.3500000000002,301.3500000000002,301.3500000000002,296.5199999999999,301.8100000000002,301.8100000000002,301.8100000000002,301.8100000000002,301.8100000000002,296.5199999999999,296.5199999999999,301.8100000000002,296.86999999999995,296.86999999999995,296.86999999999995,296.86999999999995,301.8100000000002,297.04999999999995,297.04999999999995,297.04999999999995,302.0400000000002,297.22999999999996,297.22999999999996,302.0400000000002,297.4,297.4,302.2700000000002,302.2700000000002,302.2700000000002,302.2700000000002,302.2700000000002,302.2700000000002,302.2700000000002,297.76,297.76,297.76,297.76,297.76,297.76,302.5000000000002,302.5000000000002,302.5000000000002,302.5000000000002,297.76,297.76,302.73000000000025,297.94,297.94,297.94,302.73000000000025,302.73000000000025,302.73000000000025,302.73000000000025,302.73000000000025,298.12,298.12,302.9600000000002,303.1900000000002,303.1900000000002,303.1900000000002,303.1900000000002,303.1900000000002,303.1900000000002,303.1900000000002,303.1900000000002,303.1900000000002,303.1900000000002,298.31,298.31,303.1900000000002,303.1900000000002,298.5,298.5,298.5,298.5,298.5,303.42000000000024,298.7,298.7,298.7,303.66000000000025,298.88,303.8900000000002,298.88,298.88,304.1200000000002,304.1200000000002,304.1200000000002,304.1200000000002,299.07,299.07,304.3500000000002,304.3500000000002,304.3500000000002,304.3500000000002,304.3500000000002,299.07,299.07,299.27,304.3500000000002,304.3500000000002,304.5900000000002,299.46999999999997,299.46999999999997,304.8300000000002,304.8300000000002,304.8300000000002,304.8300000000002,304.8300000000002,304.8300000000002,304.8300000000002,304.8400000000002,304.8400000000002,299.66999999999996,299.66999999999996,305.0800000000002,299.87,299.87,299.87,305.3200000000002,300.07,300.07,300.07,305.5600000000002,305.5600000000002,305.5600000000002,305.5600000000002,300.07,300.07,305.8000000000002,305.8000000000002,305.8000000000002,305.8000000000002,305.8000000000002,300.27,300.28,300.28,300.28,300.28,306.0400000000002,306.0400000000002,306.0400000000002,300.47999999999996,300.47999999999996,300.47999999999996,306.2800000000002,306.2800000000002,300.67999999999995,300.67999999999995,306.5300000000002,300.88,301.08,306.7700000000002,301.08,301.08,307.0100000000002,307.0100000000002,307.0100000000002,307.0100000000002,307.0100000000002,301.28,301.28,301.28,301.28,307.2500000000002,301.47,301.47,307.49000000000024,307.49000000000024,307.49000000000024,307.49000000000024,307.49000000000024,307.49000000000024,307.5000000000002,307.5000000000002,301.68,301.68,307.74000000000024,301.68,307.74000000000024,307.74000000000024,301.88,302.09000000000003,302.09000000000003,302.09000000000003,302.09000000000003,308.22000000000025,308.23000000000025,308.23000000000025,308.23000000000025,308.23000000000025,308.23000000000025,302.3,302.3,302.3,308.48000000000025,308.72000000000025,308.72000000000025,308.72000000000025,308.72000000000025,308.72000000000025,302.72,308.72000000000025,308.72000000000025,302.73,308.97000000000025,308.97000000000025,308.97000000000025,302.93000000000006,309.21000000000026,309.21000000000026,309.21000000000026,309.46000000000026,309.46000000000026,309.46000000000026,309.46000000000026,309.46000000000026,309.46000000000026,309.46000000000026,309.46000000000026,309.46000000000026,309.46000000000026,309.46000000000026,309.46000000000026,309.46000000000026,303.33000000000004,303.53000000000003,303.53000000000003,309.71000000000026,309.71000000000026,309.71000000000026,309.71000000000026,309.71000000000026,309.72000000000025,303.7300000000001,303.7300000000001,309.96000000000026,303.93000000000006,310.21000000000026,303.93000000000006,304.14000000000004,304.14000000000004,310.7000000000003,310.7000000000003,310.7000000000003,304.14000000000004,304.14000000000004,304.14000000000004,304.14000000000004,304.34000000000003,304.54,311.2000000000003,311.2000000000003,311.4500000000003,304.95000000000005,304.95000000000005,311.4500000000003,311.4500000000003,304.95000000000005,304.95000000000005,311.7000000000003,305.16,311.9500000000003,311.9500000000003,311.9500000000003,311.9500000000003,311.9500000000003,311.9500000000003,305.36,305.36,312.2000000000003,312.2000000000003,312.2000000000003,305.37,312.46000000000026,305.58000000000004,305.58000000000004,305.58000000000004,305.58000000000004,305.58000000000004,305.58000000000004,312.71000000000026,312.71000000000026,312.71000000000026,312.71000000000026,305.78000000000003,312.96000000000026,305.99000000000007,313.22000000000025,313.22000000000025,313.22000000000025,313.22000000000025,313.22000000000025,313.22000000000025,313.23000000000025,313.23000000000025,313.23000000000025,305.99000000000007,306.20000000000005,306.20000000000005,306.20000000000005,313.48000000000025,306.4100000000001,313.48000000000025,306.4100000000001,313.48000000000025,306.4100000000001,306.4200000000001,306.4200000000001,306.63000000000005,313.74000000000024,313.74000000000024,306.63000000000005,314.0000000000002,314.0000000000002,306.86000000000007,306.86000000000007,306.86000000000007,306.86000000000007,306.86000000000007,306.86000000000007,314.2600000000002,307.09000000000003,314.5200000000002,307.30000000000007,314.7800000000002,314.7800000000002,307.52000000000004,307.52000000000004,315.0400000000002,307.75000000000006,315.0400000000002,315.0400000000002,315.30000000000024,315.30000000000024,315.30000000000024,308.19000000000005,315.30000000000024,315.30000000000024,308.19000000000005,315.56000000000023,315.56000000000023,315.56000000000023,315.56000000000023,315.56000000000023,315.56000000000023,315.56000000000023,315.8200000000002,315.8200000000002,308.62,308.83000000000004,308.83000000000004,316.08000000000027,316.08000000000027,316.08000000000027,308.83000000000004,316.34000000000026,316.34000000000026,316.61000000000024,316.61000000000024,316.61000000000024,316.61000000000024,316.61000000000024,316.61000000000024,309.28000000000003,309.28000000000003,309.28000000000003,309.2900000000001,309.2900000000001,316.8800000000003,309.50000000000006,309.50000000000006,309.50000000000006,309.50000000000006,317.14000000000027,317.14000000000027,309.7200000000001,309.7200000000001,309.94000000000005,309.94000000000005,309.94000000000005,317.40000000000026,317.40000000000026,310.1700000000001,310.39000000000004,317.67000000000024,317.67000000000024,317.67000000000024,317.67000000000024,310.39000000000004,317.67000000000024,317.67000000000024,317.67000000000024,317.67000000000024,317.67000000000024,317.67000000000024,317.67000000000024,317.67000000000024,317.67000000000024,310.61,310.61,310.61,310.61,310.84000000000003,317.9400000000003,311.06,311.06,311.06,311.06,311.06,311.06,311.06,311.06,311.06,311.06,311.06,311.06,317.9400000000003,317.9400000000003,311.28000000000003,311.28000000000003,311.28000000000003,311.28000000000003,311.28000000000003,311.28000000000003,311.28000000000003,311.28000000000003,311.51000000000005,311.51000000000005,311.51000000000005,311.51000000000005,311.51000000000005,318.21000000000026,318.21000000000026,318.21000000000026,318.21000000000026,318.21000000000026,311.73,311.73,311.73,311.73,311.73,311.73,311.73,311.73,311.73,311.73,311.73,318.48000000000025,318.48000000000025,311.95,311.95,311.95,311.95,311.95,311.95,311.95,311.95,318.7600000000002,312.17,312.17,312.17,312.40000000000003,312.40000000000003,312.40000000000003,318.7600000000002,318.7600000000002,312.63,312.63,319.0300000000002,319.0300000000002,312.86,312.86,312.86,313.09000000000003,313.09000000000003,319.31000000000023,319.31000000000023,319.31000000000023,319.31000000000023,313.32,313.32,319.5900000000002,319.5900000000002,313.54,313.54,313.76000000000005,313.76000000000005,319.86000000000024,313.99,313.99,313.99,313.99,313.99,313.99,313.99,313.99,313.99,313.99,313.99,313.99,313.99,313.99,313.99,313.99,313.99,313.99,319.86000000000024,319.86000000000024,319.86000000000024,319.86000000000024,319.86000000000024,319.86000000000024,314.21999999999997,319.86000000000024,319.87000000000023,319.87000000000023,319.87000000000023,314.45,320.1400000000002,320.1400000000002,320.1400000000002,320.1400000000002,320.1400000000002,320.1400000000002,320.1400000000002,320.1400000000002,314.69,320.1400000000002,320.1400000000002,320.1400000000002,320.1400000000002,320.1400000000002,315.16,315.16,315.16,315.16,315.16,315.40000000000003,315.40000000000003,315.40000000000003,315.40000000000003,315.40000000000003,315.40000000000003,320.42000000000024,320.42000000000024,320.42000000000024,320.42000000000024,315.65000000000003,315.65000000000003,315.65000000000003,315.65000000000003,320.7000000000002,320.7000000000002,320.7000000000002,315.89000000000004,320.98000000000025,320.98000000000025,320.98000000000025,320.98000000000025,320.98000000000025,316.38,316.38,316.38,320.98000000000025,320.98000000000025,320.98000000000025,316.62,316.62,321.2600000000002,321.2600000000002,321.2600000000002,321.2600000000002,316.86,316.86,316.86,316.86,316.86,316.86,316.86,316.86,321.2600000000002,317.1,317.34000000000003,317.34000000000003,317.34000000000003,321.5400000000002,321.5400000000002,317.34000000000003,321.5400000000002,321.5400000000002,321.5400000000002,317.58000000000004,317.58000000000004,317.58000000000004,317.58000000000004,317.58000000000004,317.58000000000004,317.58000000000004,317.58000000000004,317.58000000000004,317.59000000000003,317.59000000000003,317.59000000000003,321.82000000000016,317.83000000000004,317.83000000000004,317.83000000000004,317.83000000000004,321.82000000000016,321.82000000000016,321.82000000000016,321.82000000000016,321.82000000000016,321.82000000000016,318.06000000000006,318.07000000000005,322.1000000000002,318.30000000000007,318.30000000000007,318.30000000000007,318.30000000000007,318.30000000000007,322.38000000000017,322.38000000000017,322.38000000000017,318.5300000000001,318.5300000000001,318.5300000000001,318.5400000000001,318.7700000000001,318.7700000000001,318.7700000000001,322.38000000000017,318.7700000000001,322.38000000000017,318.7800000000001,318.7800000000001,322.67000000000013,322.67000000000013,319.25000000000006,319.25000000000006,322.95000000000016,322.95000000000016,322.95000000000016,322.95000000000016,322.95000000000016,319.4800000000001,319.4800000000001,319.4800000000001,322.95000000000016,322.9600000000002,322.9600000000002,319.7100000000001,322.9600000000002,322.9600000000002,322.9600000000002,322.9600000000002,319.9400000000001,319.9400000000001,319.9400000000001,319.9400000000001,320.17000000000013,320.17000000000013,323.24000000000024,323.24000000000024,323.24000000000024,320.4000000000001,323.5200000000002,323.5200000000002,323.5200000000002,323.5200000000002,323.5200000000002,323.5200000000002,323.5200000000002,323.5300000000002,323.5300000000002,323.5300000000002,323.5300000000002,320.8800000000001,320.8800000000001,320.8800000000001,323.8200000000002,321.1300000000001,321.1300000000001,324.1100000000002,324.1100000000002,324.1100000000002,324.1100000000002,321.3700000000001,321.3700000000001,321.3700000000001,321.3700000000001,321.3700000000001,321.3700000000001,321.3700000000001,321.3700000000001,321.6100000000001,321.6100000000001,324.1100000000002,324.1100000000002,324.1100000000002,324.1100000000002,324.1100000000002,324.1100000000002,324.1100000000002,321.85000000000014,324.1100000000002,322.09000000000015,322.09000000000015,322.09000000000015,322.09000000000015,322.09000000000015,324.4000000000002,324.4000000000002,322.33000000000015,322.33000000000015,322.33000000000015,322.33000000000015,322.33000000000015,322.33000000000015,322.33000000000015,322.33000000000015,322.33000000000015,322.33000000000015,322.33000000000015,324.69000000000017,322.58000000000015,322.58000000000015,324.9800000000002,324.9800000000002,324.9800000000002,324.9800000000002,324.9800000000002,322.82000000000016,325.2700000000002,325.2700000000002,323.0600000000002,325.2700000000002,323.5500000000002,323.5500000000002,323.5500000000002,323.5500000000002,323.5500000000002,323.5500000000002,323.5500000000002,325.2700000000002,325.2700000000002,325.2700000000002,325.2700000000002,323.8000000000002,323.8000000000002,323.8000000000002,323.8000000000002,323.8000000000002,323.8000000000002,325.5700000000002,325.5700000000002,325.5700000000002,325.5700000000002,325.5700000000002,325.5700000000002,324.0500000000002,324.0500000000002,325.5700000000002,325.5700000000002,325.5700000000002,325.5700000000002,325.5700000000002,324.3000000000002,324.3000000000002,324.3000000000002,324.3000000000002,325.5700000000002,325.5700000000002,324.5600000000002,324.5600000000002,324.5600000000002,324.5600000000002,324.5600000000002,324.5600000000002,324.5600000000002,325.86000000000024,325.86000000000024,324.8100000000002,325.86000000000024,325.86000000000024,325.86000000000024,325.86000000000024,325.86000000000024,325.86000000000024,325.86000000000024,325.0600000000002,325.0600000000002,326.15000000000026,325.32000000000016,325.32000000000016,325.32000000000016,325.32000000000016,325.32000000000016,325.32000000000016,326.15000000000026,325.58000000000015,325.58000000000015,325.58000000000015,325.58000000000015,325.58000000000015,325.58000000000015,325.58000000000015,325.58000000000015,326.4500000000003,326.4500000000003,325.84000000000015,325.84000000000015,325.84000000000015,325.84000000000015,326.4500000000003,326.1100000000001,326.1100000000001,326.3700000000002,326.3700000000002,326.4500000000003,326.4500000000003,326.4500000000003,326.4500000000003,326.4500000000003,326.4500000000003,326.4500000000003,326.6200000000002,326.6200000000002,326.6200000000002,326.4500000000003,326.8700000000002,326.8700000000002,326.8700000000002,326.8700000000002,326.8700000000002,326.8700000000002,326.8700000000002,326.7500000000002,326.7500000000002,326.7500000000002,326.7500000000002,326.7500000000002,327.1200000000002,327.0500000000002,327.38000000000017,327.38000000000017,327.38000000000017,327.35000000000014,327.63000000000017,327.63000000000017,327.63000000000017,327.65000000000015,327.89000000000016,327.89000000000016,328.14000000000016,327.95000000000016,327.95000000000016,327.95000000000016,327.95000000000016,327.95000000000016,328.14000000000016,328.14000000000016,328.14000000000016,328.14000000000016,327.95000000000016,328.39000000000016,328.25000000000017,328.25000000000017,328.25000000000017,328.64000000000016,328.64000000000016,328.64000000000016,328.65000000000015,328.65000000000015,328.5500000000002,328.5500000000002,328.5500000000002,328.5500000000002,328.90000000000015,328.5500000000002,328.5500000000002,328.5500000000002,328.5500000000002,328.5500000000002,328.5500000000002,328.5500000000002,329.15000000000015,329.15000000000015,329.41000000000014,329.41000000000014,328.5500000000002,328.5500000000002,328.5500000000002,329.67000000000013,329.67000000000013,329.67000000000013,328.8600000000002,328.8600000000002,329.9400000000001,329.1600000000002,330.2200000000001,329.1600000000002,329.1600000000002,329.1600000000002,329.1600000000002,329.1600000000002,329.1600000000002,329.1600000000002,329.1600000000002,329.1600000000002,329.1600000000002,329.1600000000002,329.1700000000002,329.1700000000002,329.1700000000002,329.1700000000002,329.1700000000002,329.1700000000002,329.1700000000002,329.1700000000002,330.4900000000001,330.4900000000001,330.4900000000001,329.4800000000002,329.4800000000002,329.4800000000002,329.4800000000002,329.4800000000002,329.4800000000002,329.4800000000002,329.4800000000002,329.4800000000002,329.4800000000002,329.4800000000002,329.4800000000002,330.7700000000001,330.7700000000001,329.7900000000002,329.7900000000002,329.7900000000002,331.04000000000013,331.04000000000013,331.04000000000013,330.0900000000002,331.3100000000001,331.5800000000001,330.0900000000002,330.0900000000002,330.0900000000002,330.0900000000002,330.0900000000002,330.0900000000002,330.0900000000002,330.0900000000002,330.0900000000002,330.0900000000002,330.0900000000002,330.0900000000002,330.0900000000002,330.0900000000002,330.0900000000002,330.0900000000002,330.0900000000002,330.0900000000002,330.0900000000002,331.84000000000015,331.84000000000015,330.4000000000002,330.4000000000002,330.4000000000002,330.4000000000002,330.4000000000002,330.4000000000002,330.4000000000002,330.4000000000002,330.4000000000002,330.4000000000002,330.4000000000002,330.4000000000002,330.4000000000002,330.4000000000002,330.4000000000002,330.4000000000002,330.4000000000002,330.4000000000002,330.4000000000002,330.4000000000002,330.4000000000002,330.4000000000002,330.4000000000002,330.4000000000002,330.4000000000002,330.4000000000002,332.10000000000014,332.10000000000014,332.10000000000014,332.10000000000014,332.10000000000014,332.10000000000014,332.10000000000014,332.10000000000014,332.10000000000014,332.10000000000014,332.10000000000014,330.7200000000002,330.7200000000002,330.7200000000002,330.7200000000002,330.7200000000002,332.3600000000001,332.3600000000001,332.3600000000001,332.3600000000001,332.3600000000001,331.06000000000023,331.06000000000023,331.06000000000023,331.06000000000023,331.06000000000023,331.06000000000023,332.6200000000001,332.88000000000017,332.88000000000017,332.88000000000017,332.88000000000017,332.88000000000017,331.37000000000023,331.37000000000023,331.37000000000023,331.37000000000023,331.37000000000023,331.37000000000023,331.37000000000023,331.37000000000023,331.37000000000023,331.37000000000023,331.37000000000023,331.37000000000023,331.37000000000023,331.37000000000023,331.37000000000023,331.37000000000023,331.37000000000023,331.37000000000023,331.37000000000023,331.37000000000023,331.37000000000023,331.37000000000023,331.37000000000023,331.37000000000023,331.37000000000023,331.37000000000023,331.37000000000023,331.37000000000023,331.37000000000023,331.3800000000003,331.3800000000003,331.3800000000003,331.3800000000003,331.3800000000003,331.3800000000003,331.3800000000003,331.3800000000003,331.3800000000003,331.3800000000003,331.3800000000003,331.3800000000003,331.3800000000003,331.3800000000003,333.14000000000016,333.14000000000016,333.14000000000016,331.6900000000003,331.6900000000003,333.41000000000014,332.0000000000003,332.0000000000003,332.0000000000003,332.0000000000003,332.0000000000003,332.0000000000003,332.0000000000003,332.0000000000003,332.0000000000003,332.0000000000003,332.0000000000003,332.0000000000003,332.0000000000003,332.0000000000003,332.0000000000003,332.0000000000003,332.0000000000003,332.0000000000003,332.0000000000003,333.6800000000002,332.3200000000003,333.94000000000017,332.3200000000003,333.94000000000017,333.94000000000017,334.20000000000016,332.64000000000027,332.64000000000027,332.64000000000027,332.64000000000027,332.6500000000003,332.6500000000003,332.6500000000003,332.6500000000003,332.6500000000003,332.6500000000003,334.20000000000016,334.20000000000016,334.20000000000016,334.20000000000016,332.9700000000003,332.9700000000003,332.9700000000003,334.46000000000015,333.2900000000003,333.2900000000003,333.2900000000003,334.72000000000014,333.6000000000003,333.6000000000003,333.6000000000003,333.6000000000003,333.6000000000003,333.6000000000003,333.6000000000003,333.6000000000003,334.9900000000002,334.9900000000002,333.9200000000003,333.9200000000003,333.9300000000003,333.9300000000003,333.9300000000003,333.9300000000003,333.9300000000003,333.9300000000003,333.9300000000003,333.9300000000003,333.9300000000003,333.9300000000003,333.9300000000003,333.9400000000003,333.9400000000003,333.9400000000003,333.9400000000003,333.9400000000003,333.9400000000003,333.9400000000003,333.9400000000003,333.9400000000003,333.9400000000003,333.9400000000003,333.9400000000003,333.9400000000003,333.9400000000003,333.9400000000003,333.9400000000003,333.9400000000003,333.9400000000003,333.9400000000003,333.9400000000003,333.9400000000003,333.9400000000003,333.9400000000003,335.26000000000016,334.2600000000003,334.2600000000003,334.2600000000003,334.2600000000003,335.52000000000015,334.58000000000027,334.58000000000027,334.58000000000027,334.58000000000027,334.58000000000027,335.52000000000015,335.52000000000015,335.52000000000015,335.52000000000015,334.9100000000003,334.9100000000003,334.9100000000003,334.9100000000003,334.9100000000003,335.52000000000015,335.52000000000015,335.2400000000003,335.2400000000003,335.2400000000003,335.2400000000003,335.7900000000002,335.7900000000002,335.7900000000002,335.7900000000002,335.5600000000003,335.5600000000003,335.5600000000003,335.7900000000002,335.88000000000034,335.88000000000034,335.88000000000034,335.8900000000003,335.8900000000003,335.8900000000003,335.8900000000003,335.7900000000002,335.7900000000002,336.2100000000003,336.2100000000003,336.0600000000002,336.5300000000003,336.5300000000003,336.5300000000003,336.5300000000003,336.5300000000003,336.5300000000003,336.5300000000003,336.5300000000003,336.5300000000003,336.0600000000002,336.5300000000003,336.0600000000002,336.5300000000003,336.5300000000003,336.0600000000002,336.0600000000002,336.0600000000002,336.33000000000015,336.33000000000015,336.33000000000015,336.33000000000015,336.86000000000035,336.86000000000035,336.86000000000035,336.86000000000035,336.60000000000014,336.60000000000014,336.60000000000014,336.60000000000014,336.60000000000014,336.60000000000014,336.60000000000014,336.60000000000014,336.60000000000014,337.19000000000034,337.19000000000034,337.19000000000034,337.19000000000034,337.19000000000034,337.19000000000034,336.8800000000001,337.51000000000033,337.51000000000033,337.51000000000033,337.51000000000033,337.16000000000014,337.16000000000014,337.51000000000033,337.51000000000033,337.51000000000033,337.51000000000033,337.51000000000033,337.51000000000033,337.51000000000033,337.51000000000033,337.51000000000033,337.51000000000033,337.51000000000033,337.5200000000003,337.5200000000003,337.5200000000003,337.5200000000003,337.5200000000003,337.5200000000003,337.5200000000003,337.16000000000014,337.16000000000014,337.16000000000014,337.8500000000003,337.8500000000003,337.8500000000003,337.44000000000017,337.8500000000003,337.44000000000017,337.8500000000003,337.44000000000017,337.8500000000003,337.44000000000017,337.8500000000003,337.8500000000003,337.44000000000017,337.8600000000003,337.44000000000017,337.8600000000003,337.44000000000017,337.8600000000003,337.8600000000003,337.8600000000003,337.8600000000003,338.19000000000034,338.19000000000034,338.19000000000034,338.19000000000034,337.72000000000014,337.72000000000014,337.72000000000014,338.5200000000003,338.5200000000003,338.5200000000003,338.5200000000003,338.5200000000003,338.5200000000003,338.5200000000003,338.5200000000003,338.5200000000003,338.5300000000003,338.5300000000003,338.5300000000003,338.5300000000003,338.5300000000003,338.5300000000003,338.86000000000035,338.0000000000001,338.0000000000001,339.2100000000003,339.2100000000003,339.2100000000003,339.2100000000003,339.2100000000003,339.2100000000003,339.2100000000003,339.2100000000003,339.2100000000003,339.2100000000003,338.2800000000001,339.2100000000003,339.2100000000003,339.2100000000003,339.2100000000003,339.2100000000003,339.2100000000003,339.2100000000003,339.2100000000003,339.2100000000003,339.2100000000003,338.2800000000001,338.2800000000001,338.2800000000001,338.2800000000001,338.2800000000001,339.5600000000003,339.5600000000003,338.56000000000006,338.56000000000006,338.56000000000006,338.56000000000006,339.9100000000003,338.8400000000001,338.8400000000001,338.8400000000001,338.8400000000001,338.8400000000001,338.8400000000001,338.8400000000001,340.2500000000003,338.8400000000001,338.8400000000001,338.8400000000001,338.8400000000001,338.8400000000001,338.8400000000001,338.8400000000001,340.5800000000003,340.5800000000003,340.5800000000003,340.5800000000003,340.5800000000003,340.5800000000003,340.5800000000003,340.5800000000003,340.5800000000003,340.5800000000003,340.5800000000003,340.5800000000003,340.5800000000003,340.5800000000003,340.5800000000003,340.5800000000003,340.5800000000003,340.5800000000003,340.5800000000003,340.5800000000003,340.5800000000003,340.5800000000003,340.5800000000003,338.8400000000001,339.12000000000006,339.12000000000006,339.40000000000003,340.9100000000003,340.9100000000003,340.9100000000003,339.40000000000003,339.40000000000003,341.2400000000003,341.2400000000003,341.2400000000003,341.2400000000003,341.2400000000003,341.2400000000003,341.2400000000003,341.2400000000003,341.2400000000003,341.2400000000003,341.2400000000003,341.2400000000003,341.2400000000003,341.2400000000003,341.2400000000003,341.2400000000003,341.2400000000003,341.2400000000003,341.2400000000003,341.2400000000003,341.2400000000003,339.69,339.69,339.69,339.69,341.5700000000003,339.69,339.69,339.69,341.91000000000025,341.91000000000025,341.91000000000025,341.91000000000025,341.91000000000025,341.9200000000003,339.69,339.69,339.69,339.69,339.96999999999997,339.96999999999997,339.96999999999997,339.96999999999997,339.96999999999997,342.2500000000003,340.26,340.26,340.26,342.59000000000026,342.59000000000026,342.59000000000026,342.59000000000026,342.59000000000026,342.59000000000026,342.59000000000026,342.59000000000026,342.59000000000026,342.59000000000026,342.59000000000026,342.59000000000026,342.59000000000026,342.59000000000026,342.59000000000026,342.59000000000026,342.59000000000026,342.59000000000026,342.59000000000026,342.59000000000026,342.59000000000026,342.59000000000026,340.54999999999995,340.54999999999995,340.54999999999995,340.54999999999995,340.54999999999995,340.54999999999995,342.59000000000026,340.8299999999999,340.8299999999999,340.8299999999999,342.59000000000026,342.59000000000026,342.59000000000026,342.59000000000026,342.59000000000026,342.59000000000026,341.11999999999995,341.11999999999995,341.11999999999995,341.11999999999995,341.11999999999995,342.59000000000026,342.59000000000026,341.11999999999995,341.11999999999995,341.12999999999994,341.12999999999994,342.59000000000026,342.59000000000026,342.59000000000026,342.59000000000026,342.59000000000026,342.59000000000026,342.59000000000026,342.59000000000026,342.59000000000026,342.59000000000026,342.59000000000026,342.59000000000026,342.59000000000026,342.59000000000026,342.59000000000026,342.59000000000026,342.59000000000026,341.41999999999996,341.41999999999996,342.93000000000023,342.93000000000023,342.9400000000002,342.9400000000002,341.41999999999996,343.28000000000026,343.28000000000026,343.28000000000026,341.41999999999996,341.43,341.43,341.43,341.43,343.62000000000023,343.62000000000023,343.62000000000023,343.62000000000023,343.62000000000023,343.62000000000023,343.62000000000023,343.62000000000023,343.62000000000023,343.62000000000023,343.62000000000023,341.71999999999997,341.71999999999997,341.71999999999997,343.96000000000026,343.96000000000026,343.96000000000026,343.96000000000026,343.96000000000026,343.96000000000026,343.96000000000026,343.96000000000026,343.96000000000026,343.96000000000026,343.97000000000025,343.97000000000025,343.97000000000025,343.97000000000025,343.97000000000025,343.97000000000025,343.97000000000025,343.97000000000025,341.99999999999994,344.3100000000003,344.3100000000003,344.3100000000003,344.3100000000003,344.3100000000003,344.3100000000003,342.2799999999999,342.2799999999999,344.65000000000026,344.65000000000026,344.66000000000025,342.2799999999999,345.0000000000003,345.0000000000003,345.0000000000003,345.0000000000003,345.0000000000003,345.0100000000003,345.0100000000003,345.0100000000003,342.56999999999994,342.56999999999994,342.56999999999994,342.56999999999994,342.56999999999994,345.35000000000025,345.35000000000025,345.35000000000025,345.35000000000025,345.35000000000025,345.35000000000025,345.35000000000025,345.35000000000025,345.35000000000025,345.35000000000025,345.35000000000025,345.35000000000025,345.35000000000025,345.35000000000025,345.35000000000025,345.35000000000025,342.56999999999994,345.35000000000025,342.56999999999994,345.35000000000025,342.56999999999994,345.35000000000025,345.35000000000025,342.56999999999994,342.56999999999994,342.8599999999999,342.8599999999999,345.35000000000025,345.35000000000025,345.35000000000025,345.35000000000025,345.35000000000025,345.35000000000025,345.35000000000025,345.35000000000025,343.1499999999999,345.35000000000025,343.1499999999999,343.1499999999999,345.35000000000025,345.35000000000025,345.35000000000025,343.4399999999999,343.4399999999999,343.4399999999999,343.4399999999999,345.35000000000025,345.35000000000025,345.35000000000025,345.35000000000025,345.35000000000025,345.35000000000025,345.35000000000025,345.35000000000025,345.35000000000025,345.35000000000025,345.35000000000025,345.35000000000025,345.35000000000025,345.35000000000025,345.35000000000025,345.35000000000025,345.35000000000025,345.35000000000025,345.35000000000025,345.35000000000025,345.35000000000025,345.35000000000025,345.35000000000025,345.35000000000025,345.35000000000025,345.35000000000025,345.35000000000025,345.35000000000025,345.35000000000025,345.35000000000025,345.35000000000025,345.35000000000025,345.35000000000025,345.35000000000025,345.35000000000025,345.35000000000025,343.7299999999999,343.7299999999999,343.7299999999999,343.7299999999999,344.0199999999999,344.0199999999999,345.6900000000002,345.6900000000002,345.6900000000002,345.6900000000002,345.6900000000002,344.31999999999994,344.31999999999994,344.31999999999994,344.31999999999994,346.03000000000026,344.6099999999999,344.6099999999999,344.6099999999999,344.6099999999999,344.6099999999999,346.3800000000003,346.3800000000003,346.3800000000003,346.3800000000003,346.3800000000003,344.9099999999999,344.9099999999999,344.9099999999999,344.9099999999999,344.9099999999999,344.9099999999999,344.9099999999999,344.9099999999999,346.73000000000025,346.73000000000025,346.73000000000025,346.73000000000025,346.73000000000025,346.73000000000025,346.73000000000025,346.73000000000025,346.73000000000025,346.73000000000025,346.73000000000025,346.73000000000025,346.73000000000025,346.73000000000025,346.73000000000025,346.73000000000025,346.73000000000025,346.73000000000025,346.73000000000025,346.73000000000025,346.73000000000025,346.73000000000025,346.73000000000025,346.73000000000025,346.73000000000025,346.73000000000025,346.73000000000025,346.73000000000025,346.73000000000025,346.73000000000025,346.73000000000025,346.73000000000025,346.73000000000025,346.73000000000025,346.73000000000025,346.73000000000025,346.73000000000025,346.73000000000025,346.73000000000025,346.73000000000025,346.73000000000025,346.73000000000025,346.73000000000025,346.73000000000025,346.73000000000025,346.73000000000025,346.73000000000025,346.73000000000025,346.73000000000025,346.73000000000025,346.73000000000025,346.73000000000025,346.73000000000025,346.73000000000025,346.73000000000025,346.73000000000025,346.73000000000025,346.73000000000025,346.73000000000025,346.73000000000025,346.73000000000025,346.73000000000025,346.73000000000025,346.73000000000025,346.73000000000025,346.73000000000025,346.73000000000025,346.73000000000025,346.73000000000025,346.73000000000025,346.73000000000025,346.73000000000025,346.73000000000025,346.73000000000025,346.73000000000025,346.73000000000025,346.73000000000025,346.73000000000025,346.73000000000025,346.73000000000025,346.73000000000025,346.73000000000025,346.73000000000025,346.73000000000025,346.73000000000025,344.9099999999999,346.73000000000025,346.73000000000025,346.73000000000025,346.73000000000025,346.73000000000025,346.73000000000025,346.73000000000025,346.73000000000025,346.73000000000025,346.73000000000025,346.73000000000025,346.73000000000025,346.73000000000025,346.73000000000025,346.73000000000025,346.73000000000025,346.73000000000025,346.73000000000025,346.73000000000025,346.73000000000025,346.73000000000025,346.73000000000025,346.73000000000025,346.73000000000025,346.73000000000025,346.73000000000025,346.73000000000025,346.73000000000025,346.73000000000025,346.73000000000025,346.73000000000025,346.73000000000025,346.73000000000025,346.73000000000025,346.73000000000025,346.7400000000003,346.7400000000003,346.7400000000003,346.7400000000003,346.7400000000003,346.7400000000003,346.7400000000003,346.7400000000003,346.7400000000003,346.7400000000003,346.7400000000003,346.7400000000003,346.7400000000003,346.7400000000003,346.7400000000003,346.7400000000003,346.7400000000003,346.7400000000003,346.7400000000003,346.7400000000003,346.7500000000003,346.7500000000003,346.7500000000003,346.7500000000003,346.7500000000003,346.7500000000003,346.7500000000003,346.7500000000003,346.7500000000003,346.7600000000003,346.7600000000003,346.7600000000003,346.7600000000003,346.7600000000003,346.7600000000003,346.7600000000003,346.7600000000003,346.7600000000003,346.7600000000003,346.7600000000003,346.7600000000003,346.7600000000003,346.7600000000003,346.7600000000003,346.7600000000003,346.7600000000003,346.7600000000003,346.7600000000003,346.7600000000003,346.7600000000003,346.7600000000003,346.7600000000003,346.7600000000003,346.7600000000003,346.7600000000003,346.7600000000003,346.7600000000003,346.7600000000003,346.7600000000003,346.7600000000003,346.7600000000003,346.7600000000003,346.7600000000003,346.77000000000027,346.77000000000027,346.77000000000027,346.77000000000027,346.77000000000027,346.77000000000027,346.77000000000027,346.77000000000027,346.78000000000026,346.78000000000026,346.78000000000026,346.78000000000026,346.78000000000026,346.78000000000026,346.78000000000026,346.78000000000026,346.78000000000026,346.78000000000026,346.78000000000026,346.78000000000026,346.78000000000026,346.78000000000026,346.78000000000026,346.78000000000026,346.78000000000026,346.78000000000026,346.78000000000026,346.78000000000026,346.78000000000026,346.78000000000026,346.78000000000026,346.78000000000026,346.78000000000026,346.78000000000026,346.78000000000026,346.78000000000026,346.78000000000026,346.78000000000026,346.78000000000026,346.78000000000026,346.78000000000026,346.78000000000026,346.78000000000026,346.78000000000026,346.78000000000026,346.78000000000026,346.78000000000026,346.78000000000026,346.78000000000026,346.78000000000026,346.79000000000025,346.79000000000025,346.79000000000025,346.79000000000025,346.79000000000025,346.79000000000025,346.79000000000025,346.79000000000025,346.79000000000025,346.79000000000025,346.79000000000025,346.79000000000025,346.79000000000025,346.79000000000025,346.79000000000025,346.79000000000025,346.79000000000025,346.79000000000025,346.79000000000025,346.79000000000025,346.79000000000025,346.79000000000025,346.79000000000025,346.79000000000025,346.79000000000025,346.79000000000025,346.79000000000025,346.79000000000025,346.79000000000025,346.79000000000025,346.79000000000025,346.79000000000025,346.79000000000025,344.9099999999999,346.79000000000025,346.79000000000025,344.9099999999999,346.79000000000025,344.9099999999999,346.79000000000025,344.9099999999999,346.79000000000025,344.9099999999999,346.79000000000025,344.9099999999999,346.79000000000025,344.9099999999999,346.79000000000025,346.79000000000025,346.79000000000025,346.79000000000025,346.79000000000025,346.79000000000025,346.79000000000025,346.79000000000025,346.79000000000025,346.79000000000025,346.79000000000025,346.79000000000025,346.79000000000025,346.79000000000025,346.79000000000025,346.79000000000025,346.79000000000025,346.79000000000025,346.79000000000025,346.79000000000025,346.79000000000025,346.79000000000025,346.79000000000025,346.79000000000025,346.79000000000025,346.79000000000025,346.79000000000025,346.79000000000025,346.79000000000025,346.79000000000025,346.79000000000025,346.79000000000025,346.79000000000025,346.79000000000025,346.79000000000025,346.79000000000025,346.79000000000025,346.79000000000025,346.79000000000025,346.79000000000025,346.79000000000025,346.79000000000025,346.79000000000025,346.79000000000025,346.79000000000025,346.79000000000025,346.79000000000025,346.79000000000025,346.79000000000025,346.79000000000025,346.79000000000025,346.79000000000025,346.79000000000025,346.79000000000025,346.79000000000025,346.79000000000025,346.79000000000025,346.79000000000025,346.79000000000025,346.79000000000025,346.79000000000025,346.79000000000025,346.79000000000025,346.79000000000025,346.79000000000025,346.79000000000025,346.79000000000025,346.79000000000025,346.79000000000025,346.79000000000025,346.79000000000025,346.79000000000025,346.79000000000025,346.79000000000025,346.79000000000025,346.79000000000025,346.79000000000025,346.79000000000025,346.79000000000025,346.80000000000024,346.80000000000024,346.80000000000024,346.80000000000024,346.80000000000024,346.80000000000024,346.80000000000024,346.80000000000024,346.80000000000024,346.80000000000024,346.80000000000024,346.80000000000024,346.80000000000024,346.80000000000024,346.80000000000024,346.80000000000024,346.80000000000024,346.80000000000024,346.80000000000024,346.80000000000024,346.80000000000024,346.80000000000024,346.80000000000024,346.80000000000024,346.80000000000024,346.80000000000024,345.19999999999993,345.2099999999999,347.1400000000002,347.1400000000002,347.1400000000002,347.1400000000002,347.1400000000002,347.1400000000002,347.1400000000002,347.1400000000002,347.1400000000002,347.1400000000002,347.1400000000002,347.1400000000002,347.1400000000002,347.1400000000002,347.1400000000002,347.1400000000002,347.1400000000002,347.1400000000002,347.1400000000002,347.1400000000002,347.1400000000002,347.1400000000002,347.1400000000002,347.1400000000002,347.1400000000002,347.1400000000002,347.1400000000002,347.1400000000002,347.1400000000002,347.1400000000002,347.1400000000002,347.1400000000002,347.1400000000002,347.1400000000002,347.1400000000002,347.1400000000002,347.1400000000002,347.1500000000002,347.1500000000002,347.1500000000002,345.49999999999994,347.1500000000002,347.1500000000002,347.1500000000002,347.1500000000002,347.1500000000002,347.1500000000002,347.1500000000002,347.1500000000002,347.1500000000002,347.1500000000002,347.1500000000002,347.1500000000002,347.1500000000002,347.1500000000002,347.1500000000002,347.1500000000002,347.1500000000002,347.1500000000002,347.1500000000002,347.1500000000002,347.1500000000002,347.1500000000002,347.1500000000002,347.1500000000002,347.1500000000002,347.1500000000002,347.1500000000002,347.1500000000002,347.1500000000002,347.1500000000002,347.1500000000002,347.1500000000002,347.1500000000002,347.1500000000002,347.1500000000002,347.1500000000002,347.1500000000002,347.1500000000002,347.1500000000002,347.1500000000002,347.1500000000002,347.1500000000002,347.1500000000002,347.1500000000002,347.1500000000002,347.1500000000002,347.1500000000002,347.1500000000002,347.1500000000002,347.1500000000002,347.1500000000002,347.1500000000002,347.1500000000002,347.1600000000002,347.1600000000002,347.1600000000002,347.1600000000002,347.1600000000002,347.1600000000002,347.1600000000002,347.1600000000002,347.1600000000002,347.1600000000002,347.1600000000002,347.1600000000002,347.1600000000002,347.1600000000002,347.1600000000002,347.1600000000002,347.1600000000002,347.1600000000002,347.1600000000002,347.1700000000002,347.1700000000002,347.1700000000002,347.1700000000002,347.1700000000002,347.1700000000002,347.1700000000002,347.1700000000002,347.1700000000002,347.1700000000002,347.1700000000002,347.1700000000002,347.1700000000002,347.1700000000002,347.1700000000002,347.1700000000002,347.1800000000002,347.1800000000002,347.1800000000002,347.1800000000002,347.1800000000002,347.1800000000002,347.1800000000002,347.1800000000002,347.1800000000002,347.1800000000002,347.1800000000002,347.1800000000002,347.1800000000002,347.1800000000002,347.1800000000002,347.1800000000002,347.1800000000002,347.1800000000002,347.1800000000002,347.1800000000002,347.1800000000002,347.1800000000002,347.1800000000002,347.1800000000002,347.1800000000002,347.1800000000002,347.1800000000002,347.1800000000002,347.1800000000002,347.1800000000002,347.1800000000002,347.1800000000002,347.1800000000002,347.1800000000002,347.1800000000002,347.1800000000002,347.1800000000002,347.1800000000002,347.1800000000002,347.1800000000002,347.1800000000002,347.1800000000002,347.1800000000002,347.1800000000002,347.1800000000002,347.1800000000002,347.1800000000002,347.1900000000002,347.1900000000002,347.1900000000002,347.1900000000002,347.1900000000002,347.1900000000002,347.1900000000002,347.1900000000002,347.1900000000002,347.1900000000002,347.1900000000002,347.1900000000002,347.1900000000002,347.1900000000002,347.1900000000002,347.1900000000002,347.1900000000002,347.1900000000002,347.1900000000002,347.1900000000002,347.1900000000002,347.1900000000002,347.1900000000002,347.1900000000002,347.1900000000002,347.1900000000002,347.1900000000002,347.1900000000002,347.1900000000002,347.1900000000002,347.1900000000002,347.1900000000002,347.1900000000002,347.1900000000002,347.1900000000002,347.1900000000002,345.7899999999999,347.1900000000002,347.1900000000002,347.1900000000002,347.1900000000002,347.1900000000002,347.1900000000002,347.1900000000002,347.1900000000002,347.1900000000002,347.1900000000002,347.1900000000002,347.1900000000002,347.1900000000002,347.1900000000002,347.1900000000002,347.1900000000002,347.1900000000002,347.1900000000002,347.1900000000002,347.1900000000002,347.1900000000002,347.1900000000002,347.1900000000002,347.1900000000002,347.1900000000002,347.1900000000002,347.1900000000002,347.1900000000002,347.1900000000002,347.1900000000002,347.1900000000002,347.1900000000002,347.1900000000002,347.1900000000002,347.1900000000002,347.1900000000002,347.1900000000002,347.1900000000002,347.1900000000002,347.1900000000002,347.1900000000002,347.1900000000002,347.1900000000002,347.1900000000002,347.1900000000002,347.1900000000002,347.1900000000002,347.1900000000002,347.1900000000002,347.1900000000002,347.1900000000002,347.1900000000002,347.1900000000002,347.1900000000002,347.1900000000002,347.1900000000002,347.1900000000002,347.1900000000002,347.1900000000002,347.1900000000002,347.1900000000002,347.1900000000002,347.1900000000002,347.1900000000002,347.1900000000002,347.1900000000002,347.1900000000002,347.1900000000002,347.1900000000002,347.1900000000002,347.1900000000002,347.1900000000002,347.1900000000002,347.1900000000002,347.1900000000002,347.1900000000002,347.1900000000002,347.1900000000002,347.1900000000002,347.1900000000002,347.1900000000002,347.1900000000002,347.1900000000002,347.1900000000002,347.1900000000002,347.1900000000002,347.1900000000002,347.1900000000002,347.1900000000002,347.1900000000002,347.1900000000002,347.1900000000002,347.1900000000002,347.1900000000002,347.1900000000002,347.1900000000002,347.1900000000002,347.1900000000002,347.1900000000002,347.1900000000002,347.1900000000002,347.1900000000002,347.1900000000002,347.1900000000002,347.1900000000002,347.1900000000002,347.1900000000002,347.1900000000002,347.1900000000002,347.1900000000002,347.1900000000002,347.1900000000002,347.2000000000003,347.2000000000003,347.2000000000003,347.2000000000003,347.2000000000003,347.2000000000003,345.7899999999999,345.7899999999999,345.7899999999999,347.2000000000003,347.2000000000003,347.2000000000003,347.2000000000003,347.2000000000003,347.2000000000003,347.2000000000003,347.2000000000003,347.2000000000003,347.2000000000003,347.2000000000003,347.2000000000003,347.2000000000003,347.2000000000003,347.2000000000003,347.2000000000003,347.2000000000003,347.2000000000003,347.2000000000003,347.2000000000003,347.2000000000003,347.2000000000003,347.2000000000003,346.09999999999985,346.09999999999985,346.39999999999986,347.55000000000024,347.55000000000024,347.55000000000024,347.55000000000024,347.55000000000024,347.55000000000024,347.55000000000024,347.55000000000024,347.55000000000024,347.55000000000024,347.55000000000024,346.39999999999986,347.90000000000026,347.90000000000026,347.90000000000026,347.90000000000026,347.90000000000026,347.90000000000026,347.90000000000026,347.90000000000026,347.90000000000026,347.90000000000026,347.90000000000026,347.90000000000026,347.90000000000026,347.90000000000026,347.90000000000026,347.90000000000026,347.90000000000026,347.90000000000026,347.90000000000026,347.90000000000026,347.90000000000026,347.90000000000026,347.90000000000026,347.90000000000026,347.90000000000026,347.90000000000026,347.90000000000026,347.90000000000026,347.90000000000026,347.90000000000026,347.90000000000026,347.90000000000026,347.90000000000026,347.90000000000026,347.90000000000026,347.90000000000026,347.90000000000026,347.90000000000026,347.90000000000026,347.90000000000026,347.90000000000026,347.90000000000026,347.90000000000026,347.90000000000026,347.90000000000026,347.90000000000026,347.90000000000026,347.90000000000026,347.90000000000026,347.90000000000026,347.90000000000026,347.90000000000026,347.90000000000026,347.90000000000026,347.90000000000026,347.91000000000025,347.91000000000025,347.91000000000025,347.91000000000025,347.91000000000025,347.91000000000025,347.91000000000025,347.91000000000025,347.91000000000025,347.91000000000025,347.91000000000025,347.91000000000025,347.91000000000025,347.91000000000025,347.91000000000025,347.91000000000025,347.91000000000025,347.91000000000025,347.91000000000025,347.91000000000025,347.91000000000025,347.91000000000025,347.91000000000025,347.91000000000025,347.91000000000025,347.91000000000025,347.91000000000025,347.91000000000025,347.91000000000025,347.91000000000025,347.91000000000025,347.91000000000025,347.91000000000025,347.91000000000025,347.91000000000025,347.91000000000025,347.91000000000025,347.91000000000025,347.91000000000025,347.91000000000025,347.91000000000025,347.91000000000025,347.91000000000025,347.91000000000025,347.91000000000025,347.91000000000025,347.91000000000025,347.91000000000025,347.91000000000025,347.91000000000025,347.91000000000025,347.91000000000025,347.91000000000025,347.91000000000025,347.91000000000025,347.91000000000025,347.91000000000025,347.91000000000025,347.9200000000003,347.9200000000003,347.9200000000003,347.9200000000003,347.9200000000003,347.9200000000003,347.9200000000003,347.9200000000003,347.9200000000003,347.9200000000003,346.6999999999999,347.9200000000003,346.6999999999999,347.9200000000003,347.9200000000003,346.6999999999999,347.9200000000003,346.6999999999999,347.9200000000003,346.6999999999999,347.9200000000003,346.6999999999999,347.9200000000003,347.9200000000003,347.9300000000003,347.9300000000003,347.9300000000003,347.9300000000003,347.9300000000003,347.9300000000003,347.9300000000003,347.9300000000003,347.9400000000003,347.9400000000003,347.9400000000003,347.9400000000003,347.9400000000003,347.9400000000003,347.9400000000003,347.9400000000003,347.9500000000003,347.9500000000003,347.9500000000003,347.9500000000003,347.9500000000003,347.9500000000003,347.9500000000003,347.9500000000003,347.9500000000003,347.9500000000003,347.9500000000003,347.9500000000003,347.9500000000003,347.9500000000003,347.9500000000003,347.9500000000003,347.9500000000003,347.9500000000003,347.9500000000003,347.9500000000003,347.9500000000003,347.9500000000003,347.9500000000003,347.9500000000003,347.9500000000003,347.9500000000003,347.9500000000003,347.9500000000003,347.9500000000003,347.9500000000003,347.9500000000003,347.9500000000003,347.9500000000003,347.9500000000003,347.9500000000003,347.96000000000026,347.96000000000026,347.96000000000026,347.96000000000026,347.96000000000026,347.96000000000026,347.96000000000026,347.96000000000026,347.96000000000026,347.97000000000025,347.97000000000025,347.97000000000025,347.97000000000025,347.97000000000025,347.97000000000025,347.97000000000025,347.97000000000025,347.97000000000025,347.97000000000025,347.97000000000025,347.97000000000025,347.97000000000025,347.97000000000025,347.97000000000025,347.97000000000025,347.97000000000025,347.97000000000025,347.97000000000025,347.97000000000025,347.97000000000025,347.97000000000025,347.97000000000025,347.97000000000025,347.97000000000025,347.97000000000025,347.97000000000025,347.97000000000025,347.97000000000025,347.97000000000025,347.97000000000025,347.97000000000025,347.97000000000025,347.97000000000025,347.97000000000025,347.97000000000025,347.97000000000025,347.97000000000025,347.97000000000025,347.97000000000025,347.97000000000025,347.97000000000025,347.97000000000025,347.97000000000025,347.97000000000025,347.97000000000025,347.97000000000025,347.97000000000025,347.97000000000025,347.97000000000025,347.97000000000025,347.97000000000025,347.97000000000025,347.97000000000025,347.97000000000025,347.97000000000025,347.97000000000025,347.97000000000025,347.97000000000025,347.97000000000025,347.97000000000025,347.97000000000025,347.97000000000025,347.97000000000025,347.97000000000025,347.97000000000025,347.97000000000025,347.97000000000025,347.97000000000025,347.97000000000025,347.97000000000025,347.97000000000025,347.97000000000025,347.97000000000025,347.97000000000025,347.97000000000025,347.97000000000025,347.97000000000025,347.97000000000025,347.97000000000025,347.97000000000025,347.97000000000025,347.97000000000025,347.97000000000025,347.97000000000025,347.97000000000025,347.97000000000025,347.97000000000025,347.97000000000025,347.97000000000025,347.97000000000025,347.97000000000025,347.97000000000025,347.97000000000025,347.97000000000025,347.97000000000025,347.97000000000025,347.97000000000025,347.97000000000025,347.97000000000025,347.97000000000025,347.97000000000025,347.97000000000025,347.98000000000025,347.98000000000025,347.98000000000025,347.98000000000025,347.98000000000025,347.98000000000025,346.6999999999999,347.98000000000025,347.99000000000024,347.99000000000024,347.99000000000024,347.99000000000024,347.99000000000024,347.99000000000024,347.99000000000024,347.99000000000024,347.99000000000024,347.99000000000024,347.99000000000024,347.99000000000024,347.99000000000024,347.99000000000024,347.99000000000024,348.0000000000002,348.0000000000002,348.0000000000002,348.0000000000002,348.0000000000002,348.0000000000002,348.0000000000002,348.0000000000002,348.0000000000002,348.0000000000002,348.0000000000002,348.0000000000002,348.0000000000002,348.0000000000002,348.0000000000002,348.0000000000002,348.0000000000002,348.0000000000002,348.0000000000002,348.0000000000002,348.0000000000002,348.0000000000002,348.0000000000002,348.0000000000002,348.0000000000002,348.0000000000002,348.0000000000002,348.0000000000002,348.0000000000002,348.0000000000002,348.0000000000002,348.0000000000002,348.0000000000002,348.0000000000002,348.0000000000002,348.0000000000002,348.0000000000002,348.0000000000002,348.0000000000002,348.0000000000002,348.0000000000002,348.0000000000002,348.0000000000002,348.0000000000002,348.0000000000002,348.0000000000002,348.0000000000002,348.0100000000002,348.0100000000002,348.0100000000002,348.0100000000002,348.0100000000002,348.0100000000002,348.0100000000002,348.0100000000002,348.0100000000002,348.0100000000002,348.0100000000002,348.0100000000002,348.0100000000002,348.0100000000002,348.0100000000002,348.0100000000002,348.0100000000002,348.0100000000002,348.0100000000002,348.0100000000002,347.0099999999999,348.0100000000002,348.0100000000002,348.0100000000002,348.0100000000002,348.0100000000002,348.0100000000002,348.0100000000002,348.0100000000002,348.0100000000002,348.0100000000002,348.0100000000002,348.0100000000002,348.0100000000002,348.0100000000002,348.0100000000002,348.0100000000002,348.0100000000002,348.0100000000002,348.0100000000002,348.0100000000002,348.0100000000002,348.0100000000002,348.0100000000002,348.0100000000002,348.0100000000002,348.0100000000002,348.0100000000002,348.0100000000002,348.0100000000002,348.0100000000002,348.0100000000002,348.0100000000002,348.0100000000002,348.0100000000002,348.0100000000002,348.0100000000002,348.0100000000002,348.0100000000002,348.0100000000002,348.0100000000002,348.0100000000002,348.0100000000002,348.0100000000002,348.0100000000002,348.0100000000002,348.0100000000002,348.0100000000002,348.0100000000002,348.0100000000002,348.0100000000002,348.0100000000002,348.0100000000002,347.0099999999999,348.0100000000002,348.0100000000002,348.0100000000002,348.0100000000002,348.0100000000002,348.0100000000002,348.0100000000002,348.0100000000002,348.0100000000002,348.0100000000002,348.0100000000002,348.0100000000002,348.0100000000002,348.02000000000027,348.02000000000027,348.02000000000027,348.02000000000027,348.02000000000027,348.02000000000027,348.02000000000027,348.02000000000027,348.02000000000027,348.02000000000027,348.02000000000027,348.02000000000027,348.02000000000027,348.02000000000027,348.02000000000027,348.02000000000027,348.02000000000027,348.02000000000027,348.02000000000027,348.02000000000027,348.02000000000027,348.02000000000027,348.02000000000027,348.02000000000027,348.02000000000027,348.02000000000027,348.02000000000027,348.02000000000027,348.02000000000027,348.03000000000026,348.03000000000026,348.03000000000026,348.03000000000026,348.03000000000026,348.03000000000026,348.03000000000026,348.04000000000025,348.04000000000025,348.04000000000025,348.04000000000025,348.04000000000025,348.04000000000025,348.04000000000025,348.04000000000025,348.04000000000025,348.04000000000025,348.04000000000025,348.04000000000025,348.04000000000025,348.04000000000025,348.04000000000025,348.04000000000025,348.04000000000025,348.04000000000025,348.04000000000025,348.04000000000025,348.04000000000025,348.04000000000025,348.04000000000025,348.04000000000025,348.04000000000025,348.04000000000025,348.04000000000025,348.04000000000025,348.04000000000025,348.04000000000025,348.04000000000025,348.04000000000025,348.04000000000025,348.04000000000025,348.04000000000025,348.04000000000025,348.04000000000025,348.04000000000025,348.04000000000025,348.04000000000025,348.04000000000025,348.04000000000025,348.04000000000025,348.04000000000025,348.04000000000025,348.04000000000025,348.04000000000025,348.04000000000025,348.04000000000025,348.04000000000025,348.04000000000025,348.04000000000025,348.04000000000025,348.04000000000025,348.04000000000025,348.04000000000025,348.04000000000025,348.04000000000025,348.04000000000025,348.04000000000025,348.04000000000025,348.04000000000025,348.04000000000025,348.04000000000025,348.04000000000025,348.04000000000025,348.04000000000025,348.04000000000025,348.04000000000025,348.04000000000025,348.04000000000025,348.04000000000025,348.04000000000025,348.04000000000025,348.04000000000025,348.04000000000025,348.04000000000025,348.04000000000025,348.04000000000025,348.04000000000025,348.04000000000025,348.04000000000025,348.04000000000025,348.04000000000025,348.04000000000025,348.04000000000025,348.04000000000025,348.04000000000025,348.05000000000024,348.05000000000024,348.05000000000024,348.05000000000024,348.05000000000024,348.05000000000024,348.05000000000024,348.05000000000024,348.05000000000024,348.05000000000024,348.05000000000024,348.05000000000024,348.05000000000024,348.05000000000024,348.05000000000024,348.05000000000024,348.05000000000024,348.05000000000024,348.05000000000024,348.05000000000024,348.05000000000024,348.05000000000024,348.05000000000024,348.05000000000024,348.05000000000024,348.05000000000024,347.3199999999999,348.05000000000024,347.3199999999999,348.05000000000024,348.05000000000024,347.3199999999999,348.05000000000024,347.3199999999999,348.05000000000024,347.3199999999999,348.05000000000024,347.3199999999999,348.05000000000024,347.3199999999999,348.05000000000024,347.3199999999999,348.05000000000024,347.3199999999999,348.05000000000024,347.3199999999999,348.05000000000024,347.3199999999999,348.05000000000024,347.3199999999999,348.05000000000024,347.3199999999999,348.05000000000024,347.3199999999999,348.05000000000024,347.3199999999999,348.05000000000024,347.3199999999999,348.05000000000024,347.3199999999999,348.05000000000024,347.3199999999999,348.05000000000024,347.3199999999999,348.05000000000024,348.05000000000024,348.05000000000024,348.05000000000024,348.05000000000024,348.05000000000024,348.05000000000024,348.05000000000024,348.05000000000024,348.05000000000024,348.05000000000024,348.05000000000024,348.05000000000024,348.05000000000024,348.05000000000024,348.05000000000024,348.05000000000024,348.05000000000024,348.05000000000024,348.05000000000024,348.05000000000024,348.05000000000024,348.05000000000024,348.05000000000024,348.05000000000024,348.05000000000024,348.05000000000024,348.05000000000024,348.05000000000024,348.05000000000024,348.05000000000024,348.05000000000024,348.05000000000024,348.05000000000024,348.05000000000024,348.05000000000024,348.05000000000024,348.05000000000024,348.05000000000024,348.05000000000024,348.05000000000024,348.05000000000024,348.05000000000024,348.05000000000024,348.05000000000024,348.05000000000024,348.05000000000024,348.05000000000024,348.05000000000024,348.05000000000024,348.05000000000024,348.05000000000024,348.05000000000024,348.06000000000023,348.06000000000023,348.06000000000023,348.06000000000023,348.06000000000023,348.06000000000023,348.06000000000023,348.06000000000023,348.06000000000023,348.06000000000023,348.06000000000023,348.06000000000023,348.06000000000023,348.06000000000023,348.06000000000023,348.06000000000023,348.06000000000023,348.06000000000023,348.06000000000023,348.06000000000023,348.06000000000023,348.06000000000023,348.06000000000023,348.06000000000023,348.06000000000023,348.06000000000023,348.06000000000023,348.06000000000023,348.06000000000023,348.06000000000023,348.06000000000023,348.0700000000002,348.0700000000002,348.0700000000002,348.0700000000002,348.0700000000002,348.0700000000002,348.0700000000002,348.0800000000002,348.0800000000002,348.0800000000002,348.0800000000002,348.0800000000002,348.0800000000002,347.6199999999999,347.6199999999999,347.6199999999999,347.6199999999999,347.6199999999999,347.6199999999999,347.6199999999999,347.6199999999999,348.0800000000002,348.0800000000002,348.0800000000002,348.0800000000002,348.0800000000002,348.0800000000002,348.0800000000002,348.0800000000002,348.0800000000002,348.0800000000002,348.0800000000002,348.0800000000002,348.0800000000002,348.0800000000002,348.0800000000002,348.0800000000002,348.0800000000002,348.0800000000002,348.0800000000002,348.0800000000002,348.0800000000002,348.0800000000002,348.0800000000002,348.0800000000002,348.0800000000002,348.0800000000002,348.0800000000002,348.0800000000002,348.0800000000002,348.0800000000002,348.0800000000002,348.0800000000002,348.0800000000002,348.0800000000002,348.0800000000002,348.0800000000002,348.0800000000002,348.0800000000002,348.0800000000002,348.0800000000002,348.0800000000002,348.0800000000002,348.0800000000002,348.0800000000002,348.0800000000002,348.0800000000002,348.0800000000002,348.0800000000002,348.0800000000002,348.0900000000002,348.0900000000002,348.0900000000002,348.0900000000002,348.0900000000002,348.0900000000002,348.0900000000002,348.0900000000002,348.0900000000002,348.0900000000002,347.6199999999999,348.0900000000002,347.6199999999999,348.0900000000002,348.0900000000002,347.6199999999999,348.0900000000002,347.6199999999999,348.0900000000002,347.6199999999999,348.0900000000002,347.6199999999999,348.0900000000002,348.0900000000002,348.0900000000002,348.0900000000002,348.0900000000002,348.0900000000002,348.0900000000002,348.0900000000002,348.0900000000002,348.0900000000002,348.0900000000002,348.0900000000002,348.0900000000002,348.0900000000002,348.0900000000002,348.10000000000025,348.10000000000025,348.10000000000025,348.10000000000025,348.10000000000025,348.10000000000025,348.10000000000025,348.10000000000025,348.10000000000025,348.10000000000025,348.10000000000025,348.10000000000025,348.10000000000025,348.10000000000025,348.10000000000025,348.10000000000025,348.10000000000025,348.10000000000025,348.10000000000025,348.10000000000025,348.10000000000025,348.10000000000025,348.10000000000025,348.10000000000025,348.10000000000025,348.10000000000025,348.10000000000025,348.10000000000025,348.10000000000025,348.10000000000025,348.10000000000025,348.10000000000025,348.10000000000025,348.10000000000025,348.10000000000025,348.10000000000025,348.10000000000025,348.10000000000025,348.10000000000025,348.10000000000025,348.10000000000025,348.10000000000025,348.10000000000025,348.10000000000025,348.10000000000025,348.10000000000025,348.10000000000025,348.10000000000025,348.10000000000025,348.10000000000025,348.10000000000025,348.10000000000025,348.10000000000025,348.10000000000025,348.10000000000025,348.10000000000025,348.10000000000025,348.10000000000025,348.10000000000025,348.10000000000025,348.10000000000025,348.10000000000025,348.10000000000025,348.10000000000025,348.10000000000025,348.10000000000025,348.10000000000025,348.10000000000025,348.10000000000025,348.10000000000025,348.10000000000025,348.10000000000025,348.10000000000025,348.10000000000025,348.10000000000025,348.10000000000025,348.10000000000025,348.10000000000025,348.10000000000025,348.10000000000025,348.10000000000025,348.10000000000025,348.10000000000025,348.10000000000025,348.10000000000025,348.10000000000025,348.10000000000025,348.10000000000025,348.10000000000025,348.10000000000025,348.10000000000025,348.10000000000025,348.10000000000025,348.10000000000025,348.10000000000025,348.10000000000025,348.10000000000025,348.10000000000025,348.10000000000025,348.10000000000025,348.10000000000025,348.10000000000025,348.10000000000025,348.10000000000025,348.10000000000025,348.10000000000025,348.10000000000025,348.10000000000025,348.10000000000025,348.10000000000025,348.10000000000025,348.10000000000025,348.10000000000025,348.10000000000025,348.10000000000025,348.10000000000025,348.10000000000025,348.10000000000025,348.10000000000025,348.10000000000025,348.10000000000025,348.10000000000025,348.10000000000025,348.10000000000025,348.10000000000025,348.10000000000025,348.11000000000024,348.11000000000024,348.11000000000024,348.11000000000024,348.11000000000024,348.11000000000024,348.11000000000024,348.11000000000024,348.11000000000024,348.11000000000024,348.11000000000024,348.11000000000024,348.11000000000024,348.11000000000024,348.11000000000024,348.11000000000024,348.11000000000024,348.11000000000024,348.11000000000024,348.11000000000024,348.11000000000024,348.11000000000024,348.11000000000024,348.11000000000024,348.11000000000024,348.11000000000024,348.11000000000024,348.11000000000024,348.11000000000024,348.11000000000024,348.11000000000024,348.11000000000024,348.11000000000024,347.6199999999999,348.11000000000024,347.6199999999999,348.11000000000024,348.11000000000024,347.6199999999999,348.11000000000024,347.6199999999999,348.11000000000024,347.6199999999999,348.11000000000024,347.6199999999999,348.11000000000024,347.6199999999999,348.11000000000024,347.6199999999999,348.11000000000024,348.11000000000024,348.11000000000024,348.11000000000024,348.11000000000024,348.11000000000024,348.11000000000024,348.11000000000024,348.11000000000024,348.11000000000024,348.11000000000024,348.11000000000024,348.11000000000024,348.11000000000024,348.11000000000024,348.11000000000024,348.11000000000024,348.11000000000024,348.11000000000024,348.11000000000024,348.11000000000024,348.11000000000024,348.11000000000024,348.11000000000024,348.11000000000024,348.11000000000024,348.1200000000003,348.1200000000003,348.1200000000003,348.1200000000003,348.1200000000003,348.1200000000003,348.1200000000003,348.1200000000003,348.1200000000003,348.1200000000003,348.1200000000003,348.1200000000003,348.1200000000003,348.1200000000003,348.1200000000003,348.1200000000003,348.1200000000003,348.1200000000003,348.1200000000003,348.1200000000003,348.1200000000003,348.1200000000003,348.1200000000003,348.1200000000003,348.1300000000003,348.1300000000003,348.1300000000003,348.1300000000003,348.1300000000003,348.1300000000003,348.1300000000003,348.1300000000003,348.1300000000003,348.1300000000003,348.1300000000003,348.1300000000003,348.1300000000003,348.1300000000003,348.1300000000003,348.1300000000003,348.1300000000003,348.1300000000003,348.14000000000027,348.14000000000027,348.14000000000027,348.14000000000027,348.14000000000027,348.14000000000027,348.14000000000027,348.14000000000027,348.14000000000027,348.14000000000027,348.14000000000027,348.14000000000027,348.14000000000027,348.14000000000027,348.14000000000027,348.14000000000027,348.14000000000027,348.14000000000027,348.14000000000027,348.14000000000027,348.14000000000027,348.14000000000027,348.14000000000027,348.14000000000027,348.14000000000027,348.14000000000027,348.14000000000027,348.14000000000027,348.14000000000027,348.14000000000027,348.14000000000027,348.14000000000027,348.14000000000027,348.14000000000027,348.14000000000027,348.14000000000027,348.14000000000027,348.14000000000027,348.14000000000027,348.14000000000027,348.14000000000027,348.14000000000027,348.14000000000027,348.14000000000027,348.14000000000027,348.14000000000027,348.14000000000027,348.14000000000027,348.14000000000027,348.14000000000027,348.14000000000027,348.14000000000027,348.14000000000027,348.14000000000027,348.14000000000027,348.14000000000027,348.14000000000027,347.91999999999985,347.91999999999985,347.91999999999985,347.91999999999985,347.91999999999985,347.91999999999985,347.91999999999985,347.91999999999985,347.91999999999985,348.14000000000027,348.14000000000027,348.14000000000027,348.14000000000027,348.14000000000027,348.15000000000026,348.15000000000026,348.15000000000026,348.15000000000026,348.15000000000026,348.15000000000026,348.15000000000026,348.15000000000026,348.16000000000025,348.16000000000025,348.16000000000025,348.16000000000025,348.16000000000025,348.16000000000025,348.16000000000025,348.16000000000025,348.17000000000024,348.17000000000024,348.17000000000024,348.17000000000024,348.2299999999998,348.17000000000024,348.17000000000024,348.2299999999998,348.17000000000024,348.2299999999998,348.17000000000024,348.2299999999998,348.17000000000024,348.2299999999998,348.17000000000024,348.2299999999998,348.17000000000024,348.2299999999998,348.17000000000024,348.2299999999998,348.17000000000024,348.2299999999998,348.17000000000024,348.2299999999998,348.17000000000024,348.2299999999998,348.17000000000024,348.2299999999998,348.17000000000024,348.2299999999998,348.17000000000024,348.2299999999998,348.17000000000024,348.2299999999998,348.17000000000024,348.2299999999998,348.17000000000024,348.2299999999998,348.17000000000024,348.2299999999998,348.17000000000024,348.2299999999998,348.17000000000024,348.2299999999998,348.17000000000024,348.2299999999998,348.17000000000024,348.2299999999998,348.17000000000024,348.2299999999998,348.17000000000024,348.2299999999998,348.17000000000024,348.2299999999998,348.17000000000024,348.2299999999998,348.17000000000024,348.2299999999998,348.17000000000024,348.17000000000024,348.17000000000024,348.17000000000024,348.17000000000024,348.17000000000024,348.17000000000024,348.17000000000024,348.17000000000024,348.17000000000024,348.17000000000024,348.17000000000024,348.17000000000024,348.17000000000024,348.17000000000024,348.17000000000024,348.17000000000024,348.17000000000024,348.17000000000024,348.17000000000024,348.17000000000024,348.17000000000024,348.17000000000024,348.17000000000024,348.17000000000024,348.17000000000024,348.17000000000024,348.17000000000024,348.17000000000024,348.17000000000024,348.17000000000024,348.17000000000024,348.17000000000024,348.17000000000024,348.17000000000024,348.17000000000024,348.17000000000024,348.17000000000024,348.17000000000024,348.17000000000024,348.17000000000024,348.17000000000024,348.17000000000024,348.17000000000024,348.17000000000024,348.17000000000024,348.17000000000024,348.17000000000024,348.17000000000024,348.17000000000024,348.17000000000024,348.18000000000023,348.18000000000023,348.18000000000023,348.18000000000023,348.18000000000023,348.18000000000023,348.18000000000023,348.18000000000023,348.18000000000023,348.18000000000023,348.18000000000023,348.18000000000023,348.18000000000023,348.18000000000023,348.18000000000023,348.18000000000023,348.18000000000023,348.18000000000023,348.18000000000023,348.18000000000023,348.18000000000023,348.18000000000023,348.18000000000023,348.18000000000023,348.18000000000023,348.18000000000023,348.18000000000023,348.18000000000023,348.18000000000023,348.18000000000023,348.18000000000023,348.18000000000023,348.18000000000023,348.18000000000023,348.18000000000023,348.18000000000023,348.18000000000023,348.18000000000023,348.18000000000023,348.18000000000023,348.18000000000023,348.18000000000023,348.18000000000023,348.18000000000023,348.18000000000023,348.5399999999998,348.5399999999998,348.18000000000023,348.18000000000023,348.18000000000023,348.18000000000023,348.18000000000023,348.18000000000023,348.18000000000023,348.18000000000023,348.18000000000023,348.18000000000023,348.18000000000023,348.18000000000023,348.18000000000023,348.18000000000023,348.18000000000023,348.18000000000023,348.18000000000023,348.18000000000023,348.18000000000023,
348.18000000000023,348.18000000000023,348.18000000000023,348.18000000000023,348.18000000000023,348.18000000000023,348.18000000000023,348.18000000000023,348.18000000000023,348.18000000000023,348.18000000000023,348.18000000000023,348.18000000000023,348.18000000000023,348.8499999999998,348.18000000000023,348.8499999999998,348.18000000000023,348.18000000000023,348.18000000000023,348.18000000000023,348.18000000000023,348.1900000000003,348.1900000000003,348.1900000000003,348.1900000000003,348.2000000000003,348.2000000000003,348.2000000000003,348.2000000000003,348.2000000000003,348.2000000000003,348.2000000000003,348.2000000000003,348.2000000000003,348.21000000000026,348.21000000000026,348.2200000000003,348.2200000000003,348.2400000000003,348.2400000000003,348.2400000000003,348.2400000000003,348.2400000000003,348.2500000000003,348.2500000000003,348.2500000000003,348.2500000000003,348.2500000000003,348.26000000000033,348.26000000000033,348.26000000000033,348.26000000000033,348.26000000000033,348.26000000000033,348.2700000000003,348.2700000000003,348.2700000000003,348.2700000000003,348.2800000000003,348.29000000000036,348.31000000000034,348.32000000000033,348.3300000000003,348.37000000000035,348.37000000000035,349.1799999999998,349.1799999999998,349.1799999999998,349.1799999999998,349.1799999999998,349.1799999999998,349.1799999999998,349.1799999999998,349.1799999999998,348.3900000000003,349.1799999999998,349.1799999999998,349.1799999999998,349.1799999999998,349.1799999999998,349.1799999999998,349.1799999999998,349.1799999999998,349.1799999999998,349.1799999999998,349.1799999999998,349.1799999999998,349.1799999999998,349.1799999999998,349.1799999999998,349.1799999999998,349.1799999999998,349.1799999999998,349.1799999999998,349.1799999999998,349.1799999999998,349.1799999999998,349.1799999999998,348.44000000000034,348.44000000000034,348.44000000000034,348.4600000000004,348.4600000000004,348.4600000000004,348.50000000000034,348.53000000000037,348.53000000000037,348.53000000000037,348.55000000000035,348.55000000000035,348.55000000000035,348.55000000000035,348.55000000000035,348.62000000000035,348.62000000000035,348.62000000000035,348.6500000000004,348.6500000000004,348.6500000000004,348.6500000000004,348.7000000000004,348.7000000000004,349.50999999999976,349.50999999999976,349.50999999999976,349.50999999999976,349.50999999999976,348.73000000000036,349.50999999999976,348.73000000000036,349.50999999999976,349.50999999999976,349.50999999999976,349.50999999999976,349.50999999999976,348.7600000000004,348.7600000000004,348.7600000000004,348.7600000000004,348.7600000000004,348.7600000000004,348.7600000000004,348.78000000000037,348.8100000000004,348.8100000000004,348.8400000000004,348.9000000000004,348.9000000000004,348.9000000000004,348.99000000000035,348.99000000000035,349.0200000000004,349.8399999999998,349.8399999999998,349.8399999999998,349.0800000000004,349.1100000000004,349.1400000000004,349.2000000000004,349.2000000000004,349.2000000000004,349.2000000000004,349.2000000000004,349.2000000000004,349.2700000000004,350.1599999999998,349.3100000000004,350.1599999999998,350.1599999999998,350.1599999999998,350.1599999999998,350.1599999999998,350.1599999999998,350.1599999999998,350.1599999999998,349.3800000000004,349.42000000000036,349.42000000000036,349.42000000000036,349.42000000000036,349.5000000000004,349.5000000000004,349.54000000000036,349.54000000000036,349.5800000000004,349.6200000000004,349.6200000000004,349.6200000000004,349.6200000000004,350.4799999999998,350.4799999999998,350.4799999999998,350.4799999999998,350.4799999999998,350.4799999999998,349.6500000000004,349.6900000000004,349.7700000000004,349.8100000000004,349.8500000000004,349.8500000000004,349.8600000000004,349.8600000000004,349.9000000000004,349.9400000000004,350.79999999999984,350.79999999999984,350.79999999999984,350.79999999999984,350.79999999999984,350.79999999999984,350.79999999999984,350.79999999999984,350.79999999999984,350.80999999999983,350.80999999999983,350.80999999999983,350.80999999999983,350.80999999999983,350.80999999999983,350.80999999999983,350.80999999999983,349.9800000000004,349.9800000000004,349.9800000000004,349.9800000000004,349.9800000000004,350.0600000000004,350.0600000000004,350.0600000000004,350.0600000000004,350.11000000000035,350.1500000000004,350.1500000000004,350.1500000000004,350.1500000000004,350.2000000000004,351.1399999999998,351.1399999999998,351.1399999999998,351.1399999999998,351.1399999999998,351.1399999999998,351.1399999999998,351.1399999999998,351.1399999999998,351.1399999999998,351.1399999999998,351.1399999999998,351.1399999999998,351.1399999999998,350.3400000000004,350.3900000000004,350.3900000000004,350.44000000000034,350.49000000000035,350.54000000000036,351.45999999999987,351.45999999999987,350.69000000000034,350.74000000000035,350.85000000000036,350.85000000000036,350.85000000000036,351.45999999999987,351.45999999999987,350.9600000000004,350.9600000000004,350.9600000000004,351.0100000000004,351.0100000000004,351.06000000000034,351.06000000000034,351.06000000000034,351.06000000000034,351.1100000000003,351.16000000000025,351.77999999999986,351.77999999999986,351.77999999999986,351.77999999999986,351.77999999999986,351.77999999999986,351.77999999999986,351.77999999999986,351.77999999999986,351.78999999999985,351.78999999999985,351.78999999999985,351.78999999999985,351.78999999999985,351.22000000000025,351.33000000000027,351.39000000000027,351.39000000000027,351.4400000000003,351.4500000000003,351.4500000000003,351.4500000000003,351.5100000000003,351.5100000000003,351.5100000000003,351.5100000000003,352.1199999999999,352.1199999999999,352.1199999999999,352.1199999999999,352.1199999999999,352.1199999999999,352.1199999999999,352.1199999999999,352.1199999999999,352.1199999999999,352.1199999999999,351.5700000000003,351.6300000000003,351.6300000000003,351.7500000000003,351.8100000000003,351.8100000000003,352.1199999999999,352.1199999999999,351.8700000000003,351.9300000000003,351.9300000000003,351.9900000000003,351.9900000000003,351.9900000000003,352.0600000000003,352.0600000000003,352.0600000000003,352.0600000000003,352.0600000000003,352.0600000000003,352.13000000000034,352.44999999999993,352.44999999999993,352.44999999999993,352.44999999999993,352.44999999999993,352.19000000000034,352.19000000000034,352.19000000000034,352.26000000000033,352.32000000000033,352.3900000000003,352.3900000000003,352.45000000000033,352.45000000000033,352.45000000000033,352.7899999999999,352.7899999999999,352.7999999999999,352.7999999999999,352.7999999999999,352.5200000000003,352.5800000000003,352.5800000000003,352.5800000000003,352.5800000000003,352.6500000000003,352.7100000000003,352.7700000000003,352.7700000000003,353.1199999999999,353.1199999999999,353.1199999999999,353.1199999999999,353.1299999999999,353.1299999999999,353.1299999999999,353.1299999999999,353.1299999999999,353.1299999999999,353.1299999999999,353.1299999999999,353.1299999999999,353.1299999999999,353.1299999999999,353.1299999999999,353.1299999999999,353.1299999999999,353.1299999999999,353.1299999999999,353.1299999999999,353.1299999999999,353.1299999999999,352.8400000000003,353.1299999999999,353.1299999999999,352.8400000000003,353.1299999999999,352.8400000000003,353.1299999999999,352.8400000000003,353.1299999999999,352.8400000000003,352.8400000000003,352.8400000000003,352.8400000000003,352.9000000000003,353.0300000000003,353.0300000000003,353.0300000000003,353.1000000000003,353.1000000000003,353.4499999999999,353.4499999999999,353.4499999999999,353.4499999999999,353.1700000000003,353.2400000000003,353.2400000000003,353.2400000000003,353.2400000000003,353.2400000000003,353.2400000000003,353.2400000000003,353.3100000000003,353.76999999999987,353.4500000000003,353.4500000000003,353.4500000000003,353.52000000000027,353.52000000000027,353.52000000000027,353.52000000000027,353.59000000000026,353.67000000000024,354.08999999999986,354.09999999999985,354.09999999999985,354.09999999999985,354.09999999999985,354.09999999999985,354.09999999999985,354.09999999999985,354.09999999999985,354.09999999999985,353.74000000000024,354.09999999999985,354.09999999999985,354.09999999999985,354.09999999999985,354.09999999999985,354.09999999999985,354.09999999999985,354.09999999999985,354.09999999999985,354.09999999999985,354.09999999999985,354.09999999999985,354.09999999999985,354.09999999999985,354.09999999999985,354.09999999999985,354.09999999999985,354.09999999999985,354.10999999999984,354.10999999999984,354.10999999999984,354.10999999999984,354.10999999999984,354.10999999999984,354.10999999999984,354.10999999999984,354.10999999999984,354.10999999999984,354.10999999999984,354.10999999999984,354.10999999999984,354.10999999999984,354.10999999999984,354.10999999999984,354.10999999999984,354.10999999999984,354.10999999999984,354.10999999999984,354.10999999999984,354.10999999999984,354.10999999999984,354.10999999999984,354.10999999999984,354.10999999999984,353.81000000000023,354.10999999999984,353.81000000000023,354.10999999999984,353.81000000000023,354.10999999999984,353.81000000000023,354.10999999999984,353.81000000000023,354.10999999999984,354.10999999999984,354.10999999999984,354.10999999999984,353.8800000000002,353.8800000000002,353.8800000000002,353.9600000000002,353.9600000000002,353.9600000000002,354.04000000000025,354.04000000000025,354.42999999999984,354.42999999999984,354.42999999999984,354.42999999999984,354.2700000000002,354.3500000000002,354.3500000000002,354.3500000000002,354.3500000000002,354.74999999999983,354.74999999999983,354.74999999999983,354.74999999999983,354.74999999999983,354.51000000000016,354.51000000000016,354.59000000000015,354.75000000000017,354.76000000000016,354.76000000000016,354.76000000000016,354.76000000000016,355.0799999999998,354.84000000000015,354.84000000000015,354.84000000000015,354.84000000000015,354.84000000000015,354.84000000000015,354.92000000000013,354.92000000000013,355.39999999999986,355.39999999999986,355.08000000000015,355.08000000000015,355.17000000000013,355.2500000000001,355.2500000000001,355.2500000000001,355.2500000000001,355.3400000000001,355.3400000000001,355.72999999999985,355.43000000000006,355.43000000000006,355.5100000000001,355.5900000000001,355.6800000000001,356.05999999999983,356.05999999999983,356.05999999999983,356.05999999999983,356.05999999999983,356.05999999999983,356.05999999999983,356.0699999999998,356.0699999999998,356.0699999999998,356.0699999999998,356.0699999999998,356.0699999999998,356.0699999999998,356.0699999999998,356.0699999999998,356.0699999999998,356.0699999999998,356.0699999999998,355.7700000000001,355.7700000000001,355.9500000000001,356.3899999999999,356.3899999999999,356.04000000000013,356.13000000000017,356.13000000000017,356.13000000000017,356.13000000000017,356.13000000000017,356.70999999999987,356.40000000000015,357.03999999999985,356.4900000000002,356.4900000000002,356.6700000000002,356.7700000000002,356.7700000000002,356.7700000000002,357.3899999999999,357.3899999999999,357.3899999999999,357.3899999999999,357.3899999999999,357.3899999999999,357.3899999999999,357.3899999999999,357.3899999999999,357.3899999999999,357.3899999999999,357.3899999999999,357.3899999999999,357.3899999999999,357.3899999999999,357.3899999999999,357.3899999999999,357.3899999999999,357.3899999999999,357.3899999999999,357.3899999999999,357.3899999999999,357.3899999999999,357.3899999999999,357.3899999999999,357.3899999999999,357.3899999999999,357.3899999999999,357.3899999999999,357.3899999999999,357.3899999999999,357.3899999999999,357.3899999999999,357.3899999999999,357.3899999999999,357.3899999999999,357.3899999999999,357.3899999999999,356.8600000000002,356.8600000000002,356.9500000000002,357.0500000000002,357.0500000000002,357.0500000000002,357.0500000000002,357.0500000000002,357.72999999999985,357.25000000000017,357.25000000000017,357.25000000000017,357.25000000000017,357.3500000000002,358.07999999999987,358.07999999999987,358.07999999999987,358.07999999999987,357.5500000000002,357.65000000000015,358.40999999999985,358.40999999999985,358.40999999999985,357.94000000000017,357.94000000000017,358.72999999999985,358.72999999999985,358.72999999999985,358.04000000000013,358.13000000000017,358.13000000000017,358.13000000000017,359.0599999999999,359.0599999999999,359.0599999999999,359.0599999999999,358.23000000000013,358.23000000000013,358.34000000000015,358.34000000000015,358.34000000000015,359.3899999999999,359.3899999999999,359.3899999999999,359.3899999999999,359.3899999999999,359.3899999999999,359.3899999999999,358.34000000000015,359.3899999999999,359.3899999999999,358.34000000000015,359.3899999999999,358.34000000000015,358.44000000000017,359.7299999999999,359.7299999999999,358.65000000000015,358.76000000000016,358.76000000000016,358.76000000000016,360.0699999999999,360.0699999999999,360.0699999999999,360.0699999999999,360.0699999999999,360.0699999999999,360.0699999999999,360.0699999999999,360.0699999999999,360.0699999999999,360.0699999999999,360.0699999999999,360.0699999999999,360.0699999999999,360.0699999999999,360.0699999999999,360.0699999999999,360.0699999999999,360.0699999999999,360.0699999999999,360.0699999999999,360.0699999999999,360.0699999999999,358.8600000000001,358.97000000000014,358.97000000000014,359.08000000000015,359.08000000000015,359.08000000000015,359.08000000000015,359.08000000000015,359.08000000000015,360.0699999999999,359.1800000000002,359.39000000000016,359.39000000000016,360.0699999999999,359.50000000000017,359.6100000000002,359.6100000000002,359.6100000000002,359.6100000000002,359.6100000000002,359.6100000000002,359.6100000000002,359.6100000000002,359.72000000000014,360.0699999999999,360.0699999999999,360.0699999999999,359.94000000000017,359.94000000000017,360.0500000000002,360.0500000000002,360.0500000000002,360.0500000000002,360.0500000000002,360.0500000000002,360.0500000000002,360.0500000000002,360.0500000000002,360.0500000000002,360.07999999999987,360.07999999999987,360.07999999999987,360.07999999999987,360.2700000000002,360.3900000000002,360.40999999999985,360.40999999999985,360.40999999999985,360.40999999999985,360.40999999999985,360.40999999999985,360.3900000000002,360.5000000000002,360.5000000000002,360.5000000000002,360.73999999999984,360.73999999999984,360.74999999999983,360.74999999999983,360.61000000000024,360.61000000000024,360.73000000000025,360.73000000000025,360.73000000000025,360.73000000000025,361.0799999999998,361.0799999999998,361.0799999999998,361.0799999999998,360.8400000000002,360.8400000000002,360.8400000000002,360.8400000000002,360.8400000000002,360.9500000000002,361.06000000000023,361.06000000000023,361.40999999999985,361.40999999999985,361.40999999999985,361.40999999999985,361.40999999999985,361.40999999999985,361.40999999999985,361.40999999999985,361.40999999999985,361.40999999999985,361.40999999999985,361.40999999999985,361.18000000000023,361.30000000000024,361.74999999999983,361.74999999999983,361.42000000000024,361.42000000000024,361.42000000000024,361.66000000000025,362.0899999999998,362.0899999999998,362.0899999999998,362.0899999999998,362.0899999999998,362.0899999999998,362.0899999999998,362.0899999999998,362.0899999999998,362.0899999999998,362.0899999999998,362.0899999999998,361.78000000000026,361.78000000000026,361.78000000000026,361.90000000000026,361.90000000000026,361.90000000000026,361.90000000000026,361.90000000000026,362.0899999999998,362.0899999999998,362.0899999999998,362.02000000000027,362.02000000000027,362.02000000000027,362.02000000000027,362.02000000000027,362.14000000000027,362.14000000000027,362.14000000000027,362.0899999999998,362.2600000000003,362.2600000000003,362.39000000000027,362.39000000000027,362.4199999999998,362.4199999999998,362.4199999999998,362.64000000000027,362.64000000000027,362.64000000000027,362.89000000000027,362.7599999999998,362.7599999999998,362.7599999999998,362.7699999999998,362.7699999999998,362.7699999999998,362.7699999999998,363.0100000000003,363.0100000000003,362.7699999999998,362.7699999999998,362.7699999999998,363.1300000000003,362.7699999999998,363.1300000000003,362.7699999999998,363.1300000000003,362.7699999999998,362.7699999999998,363.2600000000003,363.2700000000003,363.2700000000003,363.2700000000003,363.2700000000003,363.4000000000003,363.4000000000003,363.4000000000003,363.4000000000003,363.4000000000003,363.4000000000003,363.4000000000003,363.4000000000003,363.4000000000003,363.4000000000003,363.4000000000003,363.4000000000003,363.10999999999984,363.10999999999984,363.5300000000003,363.5300000000003,363.5300000000003,363.5300000000003,363.5300000000003,363.5300000000003,363.5300000000003,363.6600000000003,363.4499999999998,363.4499999999998,363.4499999999998,363.7900000000003,363.4499999999998,363.7900000000003,363.4499999999998,363.7900000000003,363.4499999999998,363.4499999999998,363.4499999999998,363.4499999999998,363.4499999999998,363.4499999999998,363.4499999999998,364.0400000000003,364.0400000000003,364.0400000000003,364.0400000000003,363.7999999999998,363.7999999999998,363.7999999999998,363.7999999999998,363.7999999999998,363.7999999999998,363.7999999999998,363.7999999999998,363.7999999999998,363.7999999999998,363.7999999999998,363.7999999999998,363.7999999999998,364.1700000000003,364.3000000000003,364.3000000000003,364.3000000000003,364.4300000000003,364.4300000000003,364.4300000000003,364.4300000000003,364.4300000000003,364.4300000000003,364.4300000000003,364.4300000000003,364.4300000000003,364.4300000000003,364.4300000000003,364.4300000000003,364.4300000000003,364.4300000000003,364.4300000000003,364.13999999999976,364.13999999999976,364.13999999999976,364.13999999999976,364.13999999999976,364.13999999999976,364.13999999999976,364.13999999999976,364.5600000000003,364.5600000000003,364.5600000000003,364.5600000000003,364.5600000000003,364.5600000000003,364.4799999999998,364.4799999999998,364.4799999999998,364.4799999999998,364.4799999999998,364.4799999999998,364.4799999999998,364.4799999999998,364.70000000000033,364.8300000000003,364.8300000000003,364.9600000000003,364.81999999999977,364.81999999999977,364.81999999999977,364.81999999999977,364.81999999999977,364.81999999999977,364.81999999999977,364.81999999999977,364.81999999999977,364.81999999999977,364.81999999999977,364.81999999999977,364.81999999999977,364.81999999999977,364.81999999999977,364.81999999999977,364.81999999999977,364.81999999999977,364.81999999999977,364.81999999999977,364.81999999999977,364.81999999999977,364.81999999999977,364.81999999999977,364.81999999999977,364.81999999999977,364.81999999999977,364.81999999999977,364.81999999999977,364.82999999999976,364.82999999999976,364.82999999999976,364.82999999999976,364.82999999999976,364.82999999999976,364.82999999999976,364.82999999999976,364.83999999999975,364.83999999999975,364.83999999999975,364.83999999999975,364.83999999999975,365.1000000000003,364.83999999999975,365.1000000000003,364.83999999999975,364.83999999999975,365.1000000000003,364.83999999999975,365.1000000000003,364.83999999999975,364.83999999999975,364.83999999999975,364.83999999999975,364.83999999999975,364.83999999999975,364.83999999999975,364.83999999999975,364.83999999999975,364.8499999999998,364.8499999999998,364.8499999999998,364.8499999999998,364.8499999999998,364.8499999999998,364.8499999999998,364.8499999999998,364.8599999999998,364.8599999999998,364.8599999999998,364.8599999999998,364.8599999999998,364.8599999999998,364.8599999999998,364.8599999999998,364.8599999999998,364.8699999999998,364.8699999999998,364.8699999999998,364.8699999999998,364.8699999999998,364.8699999999998,364.8699999999998,364.8699999999998,364.8699999999998,364.8699999999998,364.8699999999998,364.8699999999998,364.8699999999998,364.8699999999998,364.8699999999998,364.8699999999998,364.8699999999998,364.8699999999998,364.8699999999998,364.8699999999998,364.8699999999998,364.8699999999998,364.8699999999998,364.8699999999998,364.8699999999998,364.8699999999998,364.8699999999998,364.8699999999998,364.8699999999998,364.8699999999998,364.8699999999998,364.8799999999998,364.8799999999998,364.8799999999998,364.8799999999998,364.8799999999998,364.8799999999998,364.8799999999998,364.8799999999998,364.8799999999998,364.8799999999998,364.8799999999998,364.8799999999998,364.8799999999998,364.8799999999998,364.8799999999998,364.8799999999998,364.8799999999998,364.8799999999998,364.8799999999998,364.8799999999998,364.8799999999998,365.24000000000035,364.8799999999998,364.8799999999998,364.8799999999998,364.8799999999998,364.8799999999998,364.8799999999998,364.8799999999998,364.8799999999998,364.8799999999998,364.8799999999998,364.8799999999998,364.8799999999998,364.8799999999998,364.8799999999998,364.8799999999998,364.8799999999998,364.8799999999998,364.8799999999998,364.8799999999998,364.8799999999998,364.8799999999998,364.8799999999998,364.8799999999998,364.8799999999998,364.8799999999998,364.8799999999998,364.8799999999998,364.8799999999998,364.8799999999998,364.8899999999998,364.8899999999998,364.8899999999998,364.8899999999998,364.8899999999998,364.8899999999998,364.8899999999998,364.8899999999998,364.8899999999998,364.8899999999998,364.8899999999998,364.8899999999998,364.8899999999998,364.8899999999998,364.8899999999998,364.8899999999998,364.8899999999998,364.8899999999998,364.8899999999998,364.8899999999998,364.8899999999998,364.8899999999998,364.8899999999998,364.8899999999998,364.8899999999998,364.8899999999998,364.8899999999998,364.8899999999998,364.8899999999998,364.8899999999998,364.8899999999998,364.8899999999998,364.8899999999998,364.8899999999998,364.8899999999998,364.8899999999998,364.8899999999998,364.8899999999998,364.8899999999998,364.8899999999998,364.8999999999998,364.8999999999998,364.8999999999998,364.8999999999998,364.8999999999998,364.8999999999998,364.8999999999998,365.37000000000035,364.8999999999998,364.8999999999998,364.8999999999998,364.8999999999998,364.8999999999998,364.8999999999998,364.8999999999998,364.8999999999998,364.8999999999998,364.8999999999998,364.8999999999998,364.8999999999998,364.8999999999998,364.8999999999998,364.8999999999998,364.8999999999998,364.8999999999998,364.8999999999998,364.8999999999998,364.8999999999998,364.8999999999998,364.8999999999998,364.8999999999998,364.8999999999998,364.8999999999998,364.8999999999998,364.8999999999998,364.8999999999998,364.8999999999998,364.8999999999998,364.8999999999998,364.8999999999998,364.8999999999998,364.8999999999998,364.8999999999998,364.8999999999998,364.8999999999998,364.8999999999998,364.8999999999998,364.8999999999998,364.8999999999998,364.8999999999998,364.8999999999998,364.8999999999998,364.8999999999998,364.8999999999998,364.8999999999998,364.8999999999998,364.8999999999998,364.8999999999998,364.8999999999998,364.8999999999998,364.8999999999998,364.8999999999998,364.8999999999998,364.8999999999998,364.8999999999998,364.8999999999998,364.9099999999998,364.9099999999998,364.9099999999998,364.9099999999998,364.9099999999998,364.9099999999998,364.9099999999998,365.50000000000034,365.50000000000034,365.63000000000034,365.63000000000034,365.63000000000034,365.63000000000034,365.63000000000034,364.9099999999998,364.9099999999998,364.9099999999998,364.9099999999998,364.9099999999998,364.9099999999998,364.9099999999998,364.9099999999998,364.9099999999998,364.9099999999998,364.9099999999998,364.9099999999998,364.9099999999998,364.9199999999998,364.9199999999998,364.9199999999998,364.9199999999998,364.9199999999998,364.9199999999998,364.9199999999998,364.9199999999998,364.9199999999998,364.9199999999998,364.9199999999998,364.9199999999998,364.9199999999998,364.9199999999998,364.9199999999998,364.9199999999998,364.9199999999998,364.9199999999998,364.9199999999998,364.9199999999998,364.9199999999998,364.9199999999998,364.9199999999998,364.9199999999998,364.9199999999998,364.9199999999998,364.9199999999998,364.9199999999998,364.9199999999998,364.9199999999998,364.9199999999998,364.9199999999998,364.9199999999998,365.9000000000004,364.9199999999998,365.9000000000004,364.9199999999998,365.9000000000004,364.9199999999998,365.9000000000004,364.9199999999998,365.9000000000004,364.9199999999998,364.9199999999998,364.9199999999998,364.9199999999998,364.9199999999998,364.9199999999998,364.9199999999998,364.9199999999998,364.9199999999998,364.9199999999998,364.9199999999998,364.9199999999998,364.9199999999998,364.9199999999998,364.9199999999998,364.9199999999998,364.9199999999998,364.9199999999998,364.9199999999998,364.9199999999998,364.9199999999998,364.9199999999998,364.9199999999998,364.9199999999998,364.9199999999998,364.9199999999998,364.9199999999998,364.9199999999998,364.9199999999998,364.9199999999998,364.9199999999998,364.9199999999998,364.9199999999998,364.9199999999998,366.04000000000036,366.04000000000036,366.04000000000036,366.04000000000036,366.3200000000004,364.9199999999998,364.9199999999998,364.9199999999998,364.9199999999998,364.9199999999998,364.9199999999998,364.9199999999998,364.9199999999998,364.9199999999998,364.9199999999998,364.9199999999998,364.9199999999998,364.9199999999998,364.9199999999998,364.9199999999998,364.9199999999998,364.9199999999998,364.9199999999998,364.9199999999998,364.9199999999998,364.9199999999998,364.9199999999998,364.9199999999998,364.9199999999998,364.9199999999998,364.9199999999998,364.9199999999998,364.9199999999998,364.9199999999998,364.9199999999998,364.9199999999998,364.9199999999998,364.9199999999998,364.9199999999998,364.9199999999998,364.9199999999998,364.9199999999998,364.9199999999998,364.9199999999998,364.9199999999998,364.9199999999998,364.9199999999998,364.9199999999998,364.9299999999998,366.4600000000004,366.4600000000004,366.4600000000004,366.4600000000004,366.60000000000036,364.9299999999998,364.93999999999977,364.93999999999977,364.93999999999977,364.93999999999977,364.93999999999977,364.93999999999977,364.93999999999977,364.93999999999977,364.93999999999977,364.93999999999977,364.93999999999977,364.93999999999977,364.93999999999977,364.93999999999977,364.93999999999977,364.93999999999977,364.93999999999977,364.93999999999977,364.93999999999977,364.93999999999977,364.93999999999977,364.93999999999977,364.93999999999977,364.93999999999977,364.93999999999977,364.93999999999977,364.93999999999977,364.93999999999977,364.93999999999977,364.93999999999977,364.93999999999977,364.93999999999977,364.93999999999977,364.93999999999977,364.93999999999977,364.93999999999977,366.8800000000004,364.93999999999977,364.93999999999977,364.93999999999977,364.93999999999977,364.93999999999977,364.93999999999977,364.93999999999977,364.93999999999977,364.93999999999977,367.3000000000004,367.3000000000004,367.4400000000004,364.93999999999977,364.93999999999977,364.93999999999977,364.93999999999977,364.93999999999977,364.93999999999977,364.93999999999977,364.93999999999977,364.93999999999977,364.93999999999977,364.93999999999977,364.93999999999977,364.93999999999977,364.9499999999998,364.9499999999998,364.9499999999998,364.9499999999998,364.9499999999998,364.9499999999998,364.9499999999998,364.9499999999998,364.9499999999998,364.9499999999998,364.9499999999998,364.9499999999998,364.9499999999998,364.9499999999998,364.9499999999998,364.9499999999998,364.9499999999998,364.9499999999998,364.9499999999998,364.9499999999998,364.9499999999998,364.9499999999998,364.9499999999998,364.9499999999998,364.9499999999998,364.9499999999998,364.9499999999998,364.9499999999998,364.9499999999998,364.9499999999998,364.9499999999998,364.9499999999998,364.9499999999998,364.9499999999998,364.9599999999998,364.9599999999998,364.9599999999998,364.9599999999998,364.9599999999998,364.9599999999998,364.9599999999998,364.9599999999998,364.9599999999998,364.9599999999998,367.5800000000004,367.5800000000004,367.5800000000004,367.5900000000004,367.7300000000004,367.8700000000004,364.9599999999998,364.9599999999998,364.9599999999998,364.9599999999998,364.9599999999998,364.9599999999998,364.9599999999998,364.9599999999998,364.9599999999998,364.9599999999998,364.9599999999998,364.9599999999998,364.9599999999998,364.9599999999998,364.9599999999998,364.9599999999998,364.9599999999998,364.9599999999998,364.9599999999998,364.9599999999998,364.9599999999998,364.9599999999998,364.9599999999998,364.9599999999998,364.9599999999998,364.9699999999998,364.9699999999998,364.9699999999998,364.9699999999998,364.9699999999998,364.9699999999998,364.9699999999998,364.9699999999998,364.9699999999998,364.9699999999998,364.9699999999998,364.9699999999998,364.9699999999998,364.9699999999998,364.9699999999998,368.0200000000004,368.0200000000004,368.3100000000004,364.9699999999998,364.9699999999998,364.9699999999998,364.9699999999998,364.9699999999998,364.9699999999998,364.9699999999998,364.9699999999998,364.9699999999998,364.9699999999998,364.9699999999998,364.9699999999998,364.9699999999998,364.9699999999998,364.9699999999998,364.9699999999998,364.9699999999998,364.9699999999998,364.9699999999998,364.9699999999998,364.9699999999998,364.9699999999998,364.9699999999998,364.9699999999998,364.9699999999998,364.9699999999998,364.9699999999998,364.9699999999998,364.9699999999998,364.9699999999998,364.9699999999998,368.4500000000004,368.4500000000004,368.59000000000043,364.9699999999998,364.9699999999998,364.9699999999998,364.9699999999998,364.9699999999998,364.9699999999998,364.9699999999998,368.7400000000004,364.9699999999998,364.9699999999998,368.7400000000004,364.9699999999998,368.7400000000004,364.9699999999998,364.9699999999998,364.9699999999998,364.9699999999998,364.9699999999998,364.9699999999998,364.9699999999998,364.9699999999998,364.9699999999998,364.9699999999998,364.9699999999998,364.9699999999998,364.9699999999998,364.9699999999998,364.9699999999998,364.9699999999998,364.9699999999998,364.9699999999998,364.9699999999998,364.9699999999998,364.9699999999998,364.9699999999998,364.9699999999998,364.9699999999998,364.9699999999998,364.9699999999998,364.9799999999998,364.9799999999998,364.9799999999998,364.9799999999998,364.9799999999998,364.9799999999998,364.9799999999998,364.9799999999998,364.9799999999998,364.9799999999998,364.9799999999998,364.9799999999998,368.8900000000004,369.0400000000004,369.0400000000004,369.0400000000004,364.9799999999998,364.9799999999998,364.9799999999998,364.9799999999998,364.9799999999998,364.9799999999998,364.9799999999998,364.9799999999998,364.9799999999998,364.9799999999998,364.9799999999998,364.9799999999998,364.9799999999998,364.9799999999998,364.9799999999998,364.9799999999998,369.0400000000004,364.9799999999998,364.9799999999998,364.9799999999998,364.9799999999998,364.9799999999998,364.9799999999998,364.9799999999998,364.9799999999998,364.9799999999998,364.9799999999998,364.9799999999998,364.9799999999998,364.9799999999998,364.9799999999998,364.9799999999998,364.9799999999998,364.9799999999998,364.9799999999998,364.9799999999998,364.9799999999998,364.9799999999998,364.9799999999998,364.9799999999998,364.9799999999998,364.9799999999998,364.9799999999998,369.19000000000045,369.34000000000043,369.34000000000043,364.9799999999998,364.9799999999998,364.9799999999998,364.9799999999998,364.9799999999998,364.9799999999998,364.9799999999998,364.9799999999998,364.9799999999998,364.9799999999998,364.9799999999998,364.9799999999998,364.9799999999998,364.9799999999998,364.9799999999998,369.4800000000004,369.6200000000004,369.7700000000004,369.7700000000004,369.7700000000004,369.7700000000004,369.7700000000004,369.7700000000004,364.9799999999998,364.9799999999998,364.9799999999998,364.9799999999998,364.9799999999998,364.9799999999998,364.9799999999998,369.9300000000004,369.9300000000004,370.0800000000004,370.0800000000004,370.0800000000004,370.0900000000004,364.9799999999998,364.9799999999998,364.9799999999998,364.9799999999998,364.9799999999998,364.9799999999998,364.9799999999998,364.9799999999998,364.9799999999998,364.9799999999998,364.9799999999998,364.9799999999998,364.9799999999998,364.9799999999998,364.9799999999998,364.9799999999998,364.9799999999998,364.9799999999998,364.9799999999998,364.9799999999998,364.9799999999998,364.9799999999998,364.9799999999998,364.9799999999998,364.9799999999998,364.9799999999998,364.9799999999998,364.9799999999998,364.9799999999998,364.9799999999998,364.9799999999998,364.9799999999998,364.9799999999998,364.9799999999998,364.9799999999998,364.9799999999998,364.9799999999998,364.9799999999998,364.9799999999998,364.9799999999998,364.9799999999998,364.9799999999998,364.9799999999998,364.9799999999998,364.9799999999998,364.9799999999998,364.9799999999998,364.9799999999998,364.9799999999998,364.9799999999998,364.9799999999998,364.9799999999998,364.9799999999998,370.2400000000004,364.9799999999998,370.2400000000004,364.9799999999998,364.9799999999998,364.9799999999998,364.9799999999998,364.9799999999998,364.9799999999998,364.9799999999998,364.9799999999998,364.9799999999998,364.9799999999998,364.9799999999998,364.9799999999998,364.9799999999998,364.9799999999998,364.9799999999998,364.9799999999998,364.9799999999998,364.9799999999998,364.9799999999998,364.9799999999998,364.9799999999998,364.9799999999998,364.9799999999998,364.9799999999998,364.9799999999998,364.9799999999998,364.9799999999998,364.9799999999998,364.9799999999998,364.9799999999998,364.9799999999998,364.9799999999998,364.9799999999998,364.9799999999998,364.9899999999998,364.9899999999998,364.9899999999998,364.9899999999998,364.9899999999998,364.9899999999998,364.9899999999998,364.9999999999998,364.9999999999998,364.9999999999998,364.9999999999998,364.9999999999998,364.9999999999998,364.9999999999998,364.9999999999998,364.9999999999998,364.9999999999998,364.9999999999998,364.9999999999998,364.9999999999998,364.9999999999998,364.9999999999998,364.9999999999998,364.9999999999998,364.9999999999998,364.9999999999998,364.9999999999998,364.9999999999998,364.9999999999998,364.9999999999998,364.9999999999998,364.9999999999998,364.9999999999998,364.9999999999998,364.9999999999998,364.9999999999998,364.9999999999998,364.9999999999998,364.9999999999998,364.9999999999998,364.9999999999998,364.9999999999998,364.9999999999998,364.9999999999998,364.9999999999998,364.9999999999998,370.4000000000004,364.9999999999998,364.9999999999998,370.4000000000004,364.9999999999998,364.9999999999998,364.9999999999998,364.9999999999998,364.9999999999998,365.00999999999976,365.00999999999976,365.00999999999976,365.00999999999976,365.00999999999976,365.00999999999976,365.00999999999976,365.00999999999976,365.00999999999976,365.00999999999976,365.00999999999976,365.00999999999976,365.00999999999976,365.00999999999976,365.00999999999976,365.01999999999975,365.01999999999975,365.01999999999975,365.01999999999975,365.01999999999975,365.01999999999975,365.01999999999975,365.01999999999975,365.01999999999975,365.01999999999975,365.01999999999975,365.01999999999975,365.01999999999975,365.01999999999975,365.01999999999975,365.01999999999975,365.01999999999975,365.01999999999975,365.01999999999975,365.01999999999975,370.5600000000004,370.5600000000004,370.5600000000004,370.7200000000004,370.7200000000004,370.7200000000004,370.7200000000004,370.7200000000004,365.01999999999975,365.01999999999975,365.01999999999975,365.01999999999975,365.01999999999975,365.01999999999975,365.01999999999975,365.01999999999975,365.01999999999975,365.01999999999975,365.01999999999975,365.01999999999975,365.01999999999975,365.02999999999975,365.02999999999975,365.02999999999975,365.02999999999975,365.02999999999975,365.02999999999975,365.02999999999975,365.02999999999975,365.02999999999975,365.02999999999975,365.02999999999975,365.02999999999975,365.02999999999975,365.02999999999975,370.8700000000004,365.02999999999975,370.8700000000004,365.02999999999975,365.02999999999975,365.02999999999975,365.02999999999975,365.02999999999975,365.02999999999975,365.02999999999975,365.02999999999975,365.02999999999975,365.02999999999975,371.02000000000044,371.1800000000004,371.1800000000004,365.0399999999998,365.0399999999998,365.0399999999998,365.0399999999998,365.0399999999998,365.0399999999998,365.0399999999998,365.0399999999998,365.0399999999998,365.0399999999998,365.0399999999998,365.0399999999998,365.0399999999998,365.0399999999998,365.0399999999998,365.0399999999998,365.0399999999998,365.0399999999998,365.0399999999998,365.0399999999998,365.0399999999998,365.0399999999998,365.0399999999998,365.0399999999998,365.0399999999998,371.34000000000043,371.4900000000004,365.0499999999998,365.0499999999998,365.0499999999998,365.0499999999998,365.0499999999998,365.0499999999998,365.0499999999998,365.0499999999998,365.0499999999998,365.0499999999998,365.0499999999998,365.0499999999998,365.0499999999998,365.0499999999998,365.0499999999998,365.0499999999998,365.0499999999998,365.0499999999998,365.0499999999998,365.0499999999998,365.0499999999998,365.0599999999998,365.0599999999998,365.0599999999998,365.0599999999998,365.0599999999998,365.0599999999998,365.0599999999998,365.0599999999998,371.8000000000004,371.8000000000004,371.8000000000004,371.96000000000043,365.0599999999998,365.0599999999998,365.0599999999998,365.0599999999998,365.06999999999977,365.06999999999977,365.06999999999977,365.06999999999977,365.06999999999977,365.06999999999977,365.06999999999977,365.06999999999977,365.06999999999977,365.06999999999977,365.06999999999977,372.1200000000004,372.1200000000004,372.2700000000004,372.4200000000004,365.06999999999977,365.06999999999977,365.06999999999977,365.06999999999977,365.06999999999977,365.06999999999977,365.06999999999977,365.06999999999977,365.06999999999977,365.06999999999977,365.06999999999977,365.06999999999977,365.06999999999977,365.06999999999977,365.06999999999977,365.07999999999976,365.07999999999976,372.5800000000004,372.5800000000004,372.5800000000004,365.07999999999976,365.07999999999976,365.07999999999976,365.07999999999976,365.07999999999976,365.07999999999976,365.07999999999976,365.07999999999976,365.08999999999975,365.08999999999975,365.08999999999975,365.08999999999975,365.08999999999975,365.08999999999975,365.08999999999975,365.08999999999975,365.08999999999975,365.08999999999975,365.08999999999975,365.08999999999975,365.08999999999975,365.08999999999975,365.08999999999975,372.9000000000004,372.9000000000004,372.9000000000004,372.9000000000004,372.9000000000004,372.9000000000004,373.06000000000034,373.06000000000034,373.22000000000037,365.08999999999975,365.08999999999975,365.08999999999975,365.08999999999975,365.08999999999975,365.08999999999975,365.08999999999975,365.08999999999975,365.0999999999998,365.0999999999998,365.0999999999998,365.0999999999998,365.0999999999998,365.0999999999998,365.0999999999998,365.0999999999998,365.0999999999998,365.0999999999998,365.0999999999998,365.0999999999998,365.0999999999998,365.0999999999998,365.0999999999998,365.0999999999998,365.0999999999998,365.0999999999998,365.0999999999998,365.0999999999998,365.0999999999998,365.0999999999998,365.0999999999998,365.0999999999998,365.0999999999998,365.0999999999998,365.0999999999998,365.0999999999998,365.0999999999998,365.0999999999998,365.0999999999998,365.0999999999998,365.0999999999998,365.0999999999998,365.0999999999998,365.0999999999998,365.0999999999998,365.0999999999998,365.0999999999998,365.0999999999998,365.0999999999998,365.0999999999998,365.0999999999998,365.0999999999998,365.0999999999998,365.0999999999998,365.0999999999998,365.0999999999998,365.0999999999998,365.0999999999998,365.0999999999998,365.0999999999998,365.0999999999998,365.0999999999998,365.0999999999998,365.0999999999998,365.0999999999998,365.1099999999998,365.1099999999998,365.1099999999998,365.1099999999998,365.1099999999998,373.38000000000034,365.1099999999998,365.1099999999998,365.1099999999998,365.1099999999998,365.1099999999998,365.1099999999998,365.1099999999998,365.1099999999998,365.1099999999998,365.1099999999998,365.1099999999998,365.1099999999998,365.1099999999998,365.1099999999998,365.1099999999998,365.1099999999998,365.1099999999998,365.1099999999998,365.1099999999998,365.1099999999998,365.1099999999998,365.1099999999998,365.1099999999998,365.1099999999998,365.1099999999998,365.1099999999998,365.1099999999998,365.1099999999998,365.1099999999998,365.1099999999998,365.1099999999998,365.1099999999998,365.1099999999998,365.1099999999998,365.1099999999998,365.1099999999998,365.1099999999998,365.1099999999998,365.1099999999998,365.1099999999998,365.1099999999998,365.1099999999998,365.1099999999998,365.1099999999998,365.1099999999998,365.1099999999998,365.1099999999998,365.1099999999998,365.1099999999998,365.1099999999998,365.1099999999998,365.1099999999998,365.1099999999998,365.1099999999998,365.1099999999998,365.1099999999998,365.1099999999998,365.1099999999998,365.1099999999998,365.1099999999998,365.1099999999998,365.1099999999998,365.1099999999998,365.1099999999998,365.1099999999998,365.1099999999998,365.1099999999998,365.1099999999998,365.1099999999998,365.1099999999998,365.1099999999998,365.1099999999998,365.1099999999998,365.1099999999998,365.1099999999998,365.1099999999998,365.1099999999998,365.1099999999998,365.1099999999998,365.1099999999998,365.1099999999998,365.1099999999998,365.1099999999998,373.54000000000036,365.1099999999998,365.1099999999998,365.1099999999998,365.1199999999998,365.1199999999998,365.1199999999998,365.1199999999998,365.1199999999998,365.1199999999998,373.70000000000033,373.87000000000035,365.1199999999998,365.1199999999998,365.1199999999998,365.1199999999998,365.1199999999998,365.1199999999998,365.1199999999998,365.1199999999998,365.1199999999998,365.1199999999998,365.1199999999998,365.1199999999998,365.1199999999998,365.1199999999998,365.1199999999998,365.1199999999998,365.1199999999998,365.1199999999998,365.1199999999998,365.1199999999998,365.1199999999998,365.1199999999998,365.1199999999998,365.1199999999998,365.1199999999998,365.1199999999998,365.1199999999998,365.1199999999998,365.1199999999998,365.1199999999998,365.1199999999998,365.1199999999998,365.1199999999998,365.1199999999998,365.1199999999998,365.1199999999998,365.1199999999998,365.1199999999998,365.12999999999977,365.12999999999977,365.12999999999977,365.12999999999977,365.12999999999977,365.12999999999977,365.12999999999977,365.12999999999977,365.12999999999977,365.12999999999977,365.12999999999977,374.03000000000037,365.12999999999977,374.03000000000037,365.12999999999977,374.03000000000037,365.12999999999977,374.03000000000037,365.12999999999977,374.03000000000037,365.1399999999998,374.03000000000037,365.1399999999998,374.03000000000037,365.1399999999998,374.03000000000037,365.1399999999998,374.03000000000037,365.1399999999998,374.03000000000037,365.1399999999998,374.03000000000037,365.1399999999998,374.03000000000037,365.1399999999998,365.1399999999998,365.1399999999998,365.1399999999998,365.1399999999998,365.1399999999998,365.1399999999998,365.1399999999998,365.1399999999998,365.1399999999998,365.1399999999998,365.1399999999998,365.1399999999998,365.1399999999998,365.1399999999998,365.1399999999998,365.1399999999998,365.1399999999998,365.1399999999998,365.1399999999998,365.1399999999998,365.1399999999998,365.1399999999998,365.1399999999998,365.1399999999998,365.1399999999998,365.1399999999998,365.1399999999998,365.1399999999998,365.1499999999998,365.1499999999998,365.1499999999998,365.1499999999998,365.1499999999998,365.1499999999998,365.1499999999998,365.15999999999985,365.15999999999985,365.15999999999985,365.15999999999985,365.15999999999985,365.15999999999985,365.15999999999985,365.15999999999985,365.15999999999985,365.15999999999985,365.15999999999985,365.15999999999985,365.15999999999985,365.15999999999985,365.15999999999985,365.16999999999985,365.16999999999985,365.16999999999985,365.16999999999985,365.16999999999985,365.16999999999985,365.16999999999985,365.16999999999985,365.16999999999985,365.16999999999985,365.16999999999985,365.16999999999985,365.16999999999985,365.16999999999985,365.16999999999985,365.16999999999985,365.16999999999985,365.17999999999984,365.17999999999984,365.17999999999984,365.17999999999984,365.17999999999984,365.17999999999984,365.17999999999984,365.17999999999984,365.17999999999984,365.17999999999984,365.17999999999984,365.17999999999984,365.17999999999984,365.17999999999984,365.17999999999984,374.03000000000037,365.17999999999984,365.17999999999984,365.17999999999984,365.17999999999984,365.17999999999984,365.17999999999984,365.17999999999984,365.17999999999984,365.17999999999984,365.17999999999984,365.17999999999984,365.17999999999984,365.17999999999984,365.17999999999984,365.17999999999984,365.17999999999984,365.17999999999984,365.17999999999984,365.17999999999984,365.17999999999984,365.17999999999984,365.17999999999984,365.17999999999984,365.17999999999984,365.17999999999984,365.17999999999984,365.17999999999984,365.17999999999984,365.17999999999984,365.17999999999984,365.17999999999984,365.17999999999984,365.17999999999984,365.17999999999984,365.17999999999984,365.17999999999984,365.17999999999984,365.17999999999984,365.17999999999984,365.17999999999984,365.17999999999984,365.17999999999984,365.17999999999984,365.17999999999984,365.17999999999984,365.17999999999984,365.17999999999984,365.17999999999984,365.17999999999984,365.17999999999984,365.17999999999984,365.17999999999984,365.17999999999984,365.17999999999984,365.17999999999984,365.17999999999984,365.17999999999984,365.17999999999984,365.17999999999984,365.17999999999984,365.17999999999984,365.17999999999984,365.17999999999984,365.17999999999984,365.17999999999984,365.17999999999984,365.17999999999984,365.17999999999984,365.17999999999984,365.17999999999984,365.17999999999984,365.17999999999984,365.17999999999984,365.17999999999984,365.1899999999999,365.1899999999999,365.1899999999999,365.1899999999999,365.1899999999999,365.1899999999999,365.1899999999999,365.1899999999999,365.1899999999999,374.19000000000034,365.1899999999999,374.19000000000034,365.1899999999999,365.1899999999999,365.1899999999999,365.1899999999999,365.1899999999999,365.1899999999999,365.1899999999999,365.1899999999999,365.1899999999999,365.1899999999999,365.1899999999999,365.1899999999999,365.1899999999999,365.1899999999999,365.1899999999999,365.1899999999999,365.1899999999999,365.1899999999999,365.1899999999999,365.1999999999999,365.1999999999999,374.5200000000003,365.1999999999999,365.1999999999999,365.1999999999999,365.1999999999999,365.1999999999999,365.1999999999999,365.1999999999999,365.1999999999999,365.1999999999999,365.1999999999999,365.1999999999999,365.1999999999999,365.1999999999999,365.1999999999999,365.1999999999999,365.1999999999999,365.1999999999999,365.1999999999999,365.1999999999999,365.1999999999999,365.1999999999999,365.1999999999999,365.1999999999999,365.1999999999999,365.1999999999999,365.1999999999999,365.1999999999999,365.1999999999999,365.1999999999999,365.1999999999999,365.20999999999987,365.20999999999987,365.20999999999987,365.20999999999987,365.20999999999987,365.20999999999987,365.20999999999987,365.20999999999987,365.21999999999986,374.6800000000003,365.21999999999986,374.6800000000003,365.21999999999986,365.21999999999986,365.21999999999986,365.21999999999986,365.21999999999986,365.21999999999986,365.21999999999986,365.21999999999986,365.21999999999986,365.21999999999986,365.21999999999986,365.21999999999986,365.21999999999986,365.21999999999986,365.21999999999986,365.21999999999986,365.21999999999986,365.21999999999986,365.21999999999986,365.21999999999986,365.21999999999986,365.21999999999986,365.21999999999986,365.21999999999986,365.21999999999986,365.21999999999986,365.21999999999986,365.21999999999986,365.21999999999986,365.21999999999986,365.21999999999986,365.21999999999986,365.21999999999986,365.21999999999986,365.21999999999986,365.21999999999986,365.21999999999986,365.21999999999986,365.21999999999986,365.21999999999986,365.21999999999986,365.21999999999986,365.21999999999986,365.21999999999986,365.21999999999986,365.21999999999986,365.21999999999986,365.21999999999986,365.21999999999986,365.21999999999986,365.21999999999986,365.21999999999986,365.21999999999986,365.21999999999986,365.21999999999986,365.21999999999986,365.21999999999986,365.21999999999986,365.21999999999986,365.21999999999986,365.21999999999986,365.21999999999986,365.21999999999986,365.21999999999986,365.21999999999986,365.21999999999986,365.21999999999986,365.21999999999986,365.21999999999986,365.21999999999986,365.21999999999986,365.21999999999986,365.21999999999986,365.21999999999986,365.21999999999986,365.21999999999986,365.21999999999986,365.21999999999986,365.21999999999986,365.21999999999986,365.21999999999986,365.21999999999986,365.21999999999986,365.21999999999986,365.21999999999986,374.8500000000003,365.21999999999986,374.8500000000003,365.21999999999986,365.21999999999986,365.21999999999986,365.21999999999986,365.21999999999986,365.21999999999986,365.22999999999985,365.22999999999985,365.22999999999985,365.22999999999985,365.22999999999985,365.22999999999985,365.22999999999985,365.22999999999985,365.22999999999985,365.22999999999985,365.22999999999985,365.22999999999985,365.22999999999985,365.22999999999985,365.22999999999985,365.22999999999985,365.22999999999985,365.22999999999985,365.22999999999985,365.22999999999985,365.22999999999985,365.22999999999985,365.22999999999985,365.22999999999985,365.22999999999985,365.22999999999985,365.22999999999985,365.22999999999985,365.22999999999985,365.22999999999985,365.22999999999985,365.22999999999985,365.22999999999985,365.22999999999985,365.22999999999985,365.22999999999985,365.22999999999985,365.22999999999985,365.22999999999985,365.22999999999985,365.22999999999985,365.22999999999985,365.22999999999985,365.22999999999985,365.22999999999985,365.22999999999985,365.22999999999985,365.23999999999984,365.23999999999984,365.23999999999984,365.23999999999984,365.23999999999984,365.23999999999984,365.23999999999984,365.23999999999984,365.23999999999984,365.23999999999984,365.23999999999984,365.23999999999984,365.23999999999984,365.23999999999984,365.23999999999984,365.23999999999984,365.24999999999983,365.24999999999983,365.24999999999983,365.24999999999983,365.24999999999983,365.24999999999983,365.24999999999983,365.24999999999983,365.2599999999998,365.2599999999998,365.2599999999998,365.2599999999998,365.2599999999998,365.2599999999998,365.2599999999998,365.2599999999998,365.2599999999998,365.2599999999998,365.2599999999998,365.2599999999998,375.0200000000003,365.2599999999998,365.2599999999998,375.0200000000003,365.2599999999998,375.0200000000003,365.2599999999998,375.0200000000003,365.2599999999998,365.2599999999998,365.2599999999998,365.2599999999998,365.2599999999998,365.2599999999998,365.2599999999998,365.2599999999998,365.2599999999998,365.2599999999998,365.2599999999998,365.2599999999998,365.2599999999998,365.2599999999998,365.2599999999998,365.2599999999998,365.2599999999998,365.2599999999998,365.2599999999998,365.2599999999998,365.2599999999998,365.2599999999998,365.2599999999998,365.2599999999998,365.2599999999998,365.2599999999998,365.2599999999998,365.2599999999998,365.2599999999998,365.2599999999998,365.2599999999998,365.2599999999998,365.2599999999998,365.2599999999998,365.2599999999998,365.2599999999998,365.2599999999998,365.2599999999998,365.2599999999998,365.2599999999998,365.2599999999998,365.2599999999998,365.2599999999998,365.2599999999998,365.2599999999998,365.2599999999998,365.2599999999998,365.2599999999998,365.2599999999998,365.2599999999998,365.2599999999998,365.2599999999998,365.2599999999998,365.2599999999998,375.18000000000035,375.18000000000035,375.3400000000003,365.2599999999998,365.2599999999998,365.2599999999998,365.2599999999998,365.2599999999998,365.2599999999998,365.2599999999998,365.2599999999998,365.2599999999998,365.2599999999998,365.2599999999998,365.2599999999998,365.2599999999998,365.2599999999998,365.2599999999998,365.2599999999998,365.2599999999998,375.3400000000003,365.2599999999998,375.3500000000003,365.2599999999998,365.2599999999998,365.2599999999998,365.2599999999998,365.2599999999998,365.2599999999998,365.2599999999998,365.2599999999998,365.2599999999998,365.2599999999998,365.2599999999998,365.2599999999998,365.2599999999998,365.2599999999998,365.2599999999998,365.2599999999998,365.2599999999998,365.2599999999998,365.2599999999998,365.2599999999998,365.2599999999998,365.2599999999998,365.26999999999987,365.26999999999987,365.26999999999987,365.26999999999987,365.26999999999987,365.26999999999987,365.26999999999987,365.26999999999987,365.26999999999987,365.26999999999987,365.26999999999987,365.26999999999987,365.26999999999987,365.26999999999987,365.26999999999987,365.26999999999987,365.26999999999987,365.26999999999987,365.26999999999987,365.26999999999987,365.26999999999987,365.26999999999987,365.26999999999987,365.26999999999987,365.26999999999987,365.26999999999987,365.26999999999987,365.26999999999987,365.26999999999987,365.26999999999987,365.26999999999987,365.26999999999987,365.26999999999987,365.26999999999987,365.26999999999987,365.26999999999987,365.26999999999987,365.26999999999987,365.26999999999987,365.26999999999987,365.26999999999987,365.26999999999987,365.26999999999987,365.26999999999987,365.26999999999987,365.26999999999987,365.26999999999987,365.26999999999987,365.26999999999987,365.26999999999987,365.26999999999987,365.26999999999987,365.26999999999987,365.26999999999987,365.26999999999987,365.26999999999987,365.26999999999987,365.26999999999987,365.26999999999987,365.26999999999987,365.26999999999987,365.26999999999987,365.26999999999987,365.26999999999987,365.26999999999987,365.26999999999987,365.26999999999987,375.51000000000033,365.26999999999987,365.26999999999987,365.26999999999987,365.26999999999987,365.26999999999987,365.26999999999987,365.26999999999987,365.26999999999987,365.26999999999987,365.26999999999987,365.26999999999987,365.26999999999987,365.26999999999987,365.26999999999987,365.26999999999987,365.26999999999987,365.26999999999987,365.26999999999987,365.26999999999987,365.26999999999987,365.26999999999987,365.26999999999987,365.26999999999987,365.26999999999987,365.26999999999987,365.26999999999987,365.26999999999987,365.26999999999987,365.26999999999987,365.26999999999987,365.26999999999987,365.26999999999987,365.26999999999987,365.26999999999987,365.26999999999987,365.26999999999987,365.26999999999987,365.26999999999987,365.26999999999987,365.26999999999987,365.26999999999987,365.26999999999987,365.26999999999987,365.26999999999987,365.26999999999987,365.26999999999987,365.26999999999987,365.26999999999987,365.26999999999987,365.26999999999987,365.26999999999987,365.26999999999987,365.26999999999987,365.26999999999987,365.26999999999987,365.26999999999987,365.26999999999987,365.26999999999987,365.26999999999987,365.26999999999987,365.26999999999987,365.26999999999987,365.26999999999987,365.26999999999987,365.26999999999987,365.26999999999987,365.26999999999987,365.26999999999987,365.26999999999987,365.26999999999987,365.26999999999987,365.26999999999987,365.26999999999987,365.26999999999987,365.26999999999987,365.26999999999987,365.26999999999987,365.26999999999987,365.26999999999987,365.26999999999987,365.26999999999987,365.26999999999987,365.26999999999987,365.26999999999987,365.26999999999987,365.26999999999987,365.26999999999987,365.26999999999987,375.6700000000003,365.26999999999987,375.68000000000035,365.26999999999987,375.68000000000035,365.26999999999987,375.68000000000035,365.27999999999986,375.68000000000035,365.27999999999986,375.68000000000035,365.27999999999986,375.68000000000035,365.27999999999986,375.68000000000035,365.27999999999986,375.68000000000035,365.27999999999986,375.68000000000035,365.27999999999986,375.68000000000035,365.27999999999986,375.68000000000035,365.27999999999986,375.68000000000035,365.27999999999986,365.27999999999986,365.27999999999986,365.27999999999986,365.27999999999986,365.27999999999986,365.27999999999986,365.27999999999986,365.27999999999986,365.27999999999986,365.27999999999986,365.27999999999986,365.27999999999986,365.27999999999986,375.85000000000036,375.85000000000036,365.2899999999999,365.2899999999999,365.2899999999999,365.2899999999999,365.2899999999999,365.2899999999999,365.2899999999999,365.2899999999999,365.2899999999999,365.2899999999999,365.2899999999999,365.2899999999999,365.2899999999999,365.2899999999999,365.2899999999999,365.2899999999999,365.2899999999999,365.2899999999999,365.2899999999999,365.2899999999999,365.2899999999999,365.2899999999999,365.2899999999999,365.2899999999999,365.2899999999999,365.2999999999999,365.2999999999999,365.2999999999999,365.2999999999999,365.2999999999999,365.2999999999999,365.2999999999999,365.2999999999999,365.2999999999999,365.2999999999999,365.2999999999999,365.2999999999999,365.2999999999999,365.2999999999999,365.2999999999999,365.2999999999999,365.2999999999999,365.2999999999999,365.2999999999999,365.2999999999999,365.2999999999999,365.2999999999999,365.2999999999999,365.2999999999999,365.2999999999999,365.2999999999999,365.2999999999999,376.19000000000034,376.36000000000035,376.5300000000003,376.5300000000003,376.5300000000003,376.5300000000003,376.5300000000003,376.5300000000003,376.5300000000003,376.5300000000003,376.5400000000003,376.5400000000003,365.2999999999999,365.2999999999999,365.2999999999999,365.2999999999999,365.3099999999999,365.3099999999999,365.3099999999999,365.3099999999999,365.3099999999999,365.3099999999999,365.3099999999999,365.3199999999999,365.3199999999999,365.3199999999999,365.3199999999999,365.3199999999999,365.3199999999999,365.3199999999999,365.3199999999999,365.3199999999999,365.3199999999999,365.3199999999999,365.3199999999999,365.3199999999999,365.3199999999999,365.3199999999999,365.32999999999987,365.32999999999987,365.32999999999987,365.32999999999987,365.32999999999987,365.32999999999987,365.32999999999987,365.32999999999987,365.32999999999987,365.32999999999987,365.32999999999987,365.32999999999987,365.32999999999987,365.32999999999987,365.32999999999987,365.32999999999987,365.32999999999987,365.32999999999987,365.32999999999987,365.32999999999987,365.32999999999987,365.32999999999987,365.32999999999987,365.32999999999987,365.32999999999987,365.32999999999987,365.32999999999987,365.32999999999987,365.32999999999987,365.32999999999987,365.32999999999987,365.32999999999987,365.32999999999987,365.32999999999987,365.32999999999987,365.32999999999987,365.32999999999987,365.32999999999987,365.32999999999987,365.32999999999987,365.32999999999987,365.32999999999987,365.32999999999987,365.32999999999987,365.32999999999987,365.32999999999987,365.32999999999987,365.32999999999987,365.32999999999987,365.32999999999987,365.32999999999987,365.32999999999987,365.32999999999987,365.32999999999987,365.32999999999987,365.32999999999987,365.32999999999987,365.32999999999987,365.32999999999987,365.32999999999987,376.7100000000003,365.32999999999987,
376.7100000000003,365.32999999999987,365.32999999999987,365.32999999999987,365.32999999999987,365.32999999999987,365.32999999999987,365.32999999999987,365.32999999999987,365.32999999999987,365.32999999999987,365.32999999999987,365.32999999999987,365.32999999999987,365.32999999999987,365.32999999999987,365.32999999999987,365.32999999999987,365.32999999999987,365.33999999999986,365.33999999999986,365.33999999999986,365.33999999999986,365.33999999999986,365.33999999999986,365.33999999999986,365.33999999999986,365.33999999999986,365.33999999999986,365.33999999999986,365.33999999999986,365.34999999999985,365.34999999999985,365.34999999999985,365.34999999999985,365.34999999999985,365.34999999999985,365.34999999999985,365.34999999999985,365.34999999999985,365.34999999999985,365.34999999999985,365.34999999999985,365.35999999999984,365.35999999999984,365.35999999999984,365.35999999999984,365.3799999999998,365.3799999999998,365.3799999999998,365.3799999999998,365.3799999999998,365.3899999999998,365.3899999999998,365.3999999999998,365.4199999999998,365.4199999999998,365.4199999999998,365.43999999999977,365.4499999999998,365.4899999999998,365.5199999999998,377.0600000000003,377.0600000000003,377.0600000000003,377.0600000000003,365.5599999999998,365.5599999999998,365.5799999999998,365.5799999999998,365.5799999999998,365.5999999999998,365.6199999999998,365.62999999999977,365.62999999999977,365.62999999999977,365.62999999999977,365.62999999999977,365.62999999999977,365.6499999999998,365.6499999999998,365.6499999999998,365.6699999999998,377.2300000000003,365.7099999999998,365.7099999999998,365.7599999999998,365.8099999999998,365.8299999999998,377.2300000000003,365.8599999999998,365.8599999999998,365.8599999999998,365.8599999999998,365.8599999999998,365.8799999999998,365.8799999999998,365.9099999999998,365.9399999999998,365.9599999999998,365.97999999999985,365.99999999999983,366.0199999999998,366.0199999999998,366.0199999999998,366.0199999999998,366.0499999999998,366.0799999999998,366.0799999999998,366.1099999999998,377.58000000000027,377.58000000000027,377.58000000000027,377.58000000000027,366.1799999999998,366.1799999999998,366.1799999999998,366.2399999999998,366.3099999999998,366.3099999999998,366.3099999999998,366.31999999999977,377.7500000000003,366.3499999999998,366.3499999999998,366.3899999999998,366.4299999999998,366.4299999999998,366.4699999999998,377.9200000000003,377.9200000000003,377.9200000000003,366.50999999999976,366.50999999999976,366.5499999999998,366.5499999999998,366.62999999999977,366.62999999999977,366.6699999999998,366.70999999999975,366.7499999999998,366.7899999999998,378.26000000000033,378.26000000000033,378.26000000000033,366.7899999999998,366.7899999999998,366.7899999999998,366.82999999999976,366.82999999999976,366.82999999999976,366.82999999999976,366.82999999999976,366.8699999999998,366.9099999999998,366.9099999999998,366.9099999999998,366.9099999999998,366.94999999999976,366.94999999999976,378.44000000000034,367.07999999999976,367.07999999999976,367.07999999999976,367.07999999999976,367.12999999999977,378.62000000000035,378.62000000000035,378.62000000000035,378.62000000000035,367.1699999999998,367.2199999999998,367.2199999999998,367.2199999999998,367.2599999999998,367.2599999999998,367.2599999999998,367.2599999999998,367.30999999999983,367.35999999999984,367.35999999999984,378.97000000000037,378.97000000000037,367.4099999999998,367.4099999999998,367.4099999999998,367.4099999999998,367.4099999999998,367.45999999999975,367.51999999999975,367.51999999999975,379.1500000000004,379.1500000000004,379.1500000000004,379.1500000000004,367.6199999999998,367.6699999999998,367.7299999999998,367.7299999999998,367.7299999999998,367.7299999999998,379.3300000000004,367.7899999999998,379.3300000000004,367.88999999999976,367.88999999999976,367.88999999999976,367.88999999999976,367.88999999999976,367.9999999999998,367.9999999999998,379.5100000000004,379.5100000000004,368.0499999999998,368.0499999999998,368.1099999999998,368.1099999999998,368.1099999999998,368.1099999999998,368.1099999999998,368.1099999999998,379.5100000000004,379.5100000000004,379.5100000000004,368.1599999999998,368.2199999999998,368.2199999999998,368.2699999999998,379.5100000000004,379.5100000000004,368.3299999999998,368.3299999999998,368.3399999999998,368.3399999999998,368.3399999999998,368.4599999999998,368.4599999999998,368.4599999999998,379.7000000000004,368.5199999999998,368.5199999999998,368.5199999999998,368.5199999999998,368.5199999999998,368.5899999999998,368.7099999999998,368.7099999999998,368.7099999999998,368.7099999999998,368.7099999999998,368.7099999999998,368.7099999999998,380.06000000000034,380.06000000000034,380.06000000000034,380.06000000000034,368.9099999999998,368.9799999999998,368.9799999999998,368.9799999999998,368.9799999999998,368.9799999999998,368.9799999999998,380.24000000000035,380.24000000000035,380.24000000000035,369.0399999999998,369.0399999999998,369.0399999999998,369.0399999999998,369.1799999999998,380.42000000000036,369.1799999999998,380.42000000000036,369.1799999999998,380.42000000000036,369.1799999999998,369.2499999999998,369.31999999999977,369.32999999999976,369.32999999999976,380.61000000000035,369.3999999999998,369.3999999999998,369.4699999999998,369.5399999999998,380.79000000000036,369.5499999999998,380.79000000000036,369.6099999999998,369.6099999999998,369.6099999999998,369.6099999999998,369.6799999999998,380.98000000000036,369.7499999999998,369.81999999999977,369.8899999999998,369.8899999999998,381.16000000000037,381.17000000000036,369.9599999999998,369.9599999999998,369.9599999999998,381.35000000000036,370.0999999999998,370.1099999999998,370.1099999999998,370.1799999999998,370.24999999999983,370.24999999999983,370.24999999999983,370.24999999999983,381.54000000000036,370.24999999999983,381.54000000000036,370.3999999999998,381.73000000000036,381.73000000000036,381.73000000000036,381.73000000000036,370.4799999999998,370.54999999999984,370.54999999999984,370.54999999999984,381.92000000000036,370.6999999999998,370.6999999999998,370.7799999999998,370.7799999999998,370.7799999999998,382.10000000000036,382.10000000000036,382.10000000000036,382.10000000000036,370.85999999999984,370.85999999999984,370.9399999999998,382.10000000000036,371.0099999999998,371.0799999999998,371.15999999999985,371.15999999999985,371.15999999999985,382.29000000000036,382.29000000000036,382.29000000000036,382.29000000000036,371.30999999999983,371.30999999999983,371.30999999999983,371.30999999999983,371.30999999999983,382.48000000000036,371.3899999999999,371.46999999999986,382.67000000000036,371.46999999999986,371.6299999999999,382.86000000000035,371.79999999999984,383.05000000000035,383.05000000000035,383.05000000000035,383.05000000000035,371.8799999999999,371.8799999999999,371.8799999999999,371.8799999999999,371.8799999999999,371.8799999999999,371.95999999999987,383.24000000000035,383.24000000000035,372.0499999999999,372.0499999999999,372.1299999999999,372.1299999999999,383.43000000000035,372.20999999999987,372.2999999999999,372.2999999999999,372.2999999999999,372.2999999999999,372.3799999999999,383.62000000000035,372.4599999999999,372.4599999999999,372.5499999999999,383.81000000000034,383.81000000000034,372.6399999999999,372.6399999999999,384.00000000000034,372.8999999999999,384.19000000000034,373.0699999999999,384.38000000000034,384.3900000000003,373.1699999999999,373.1699999999999,373.1699999999999,373.1699999999999,373.2699999999999,384.5800000000003,384.5800000000003,384.5800000000003,373.3699999999999,373.4699999999999,384.78000000000037,373.5699999999999,373.5699999999999,373.5699999999999,373.5699999999999,373.6699999999999,384.98000000000036,373.7699999999999,373.7699999999999,384.98000000000036,373.9599999999999,374.0499999999999,385.17000000000036,374.13999999999993,374.2299999999999,374.2299999999999,385.37000000000035,385.37000000000035,385.37000000000035,374.3299999999999,374.3299999999999,374.3299999999999,374.3299999999999,374.42999999999995,374.42999999999995,385.5700000000004,385.5700000000004,385.5700000000004,385.5700000000004,374.5299999999999,374.5299999999999,374.62999999999994,374.7299999999999,374.8299999999999,374.8299999999999,374.91999999999996,374.91999999999996,374.91999999999996,375.0199999999999,375.0299999999999,375.0299999999999,385.9600000000004,375.12999999999994,375.23999999999995,375.23999999999995,375.23999999999995,375.23999999999995,375.24999999999994,375.24999999999994,375.24999999999994,375.24999999999994,386.1500000000004,375.4599999999999,375.4599999999999,375.4599999999999,375.4599999999999,375.4599999999999,375.4599999999999,375.5699999999999,375.5699999999999,375.5699999999999,386.35000000000036,386.35000000000036,386.35000000000036,386.35000000000036,386.35000000000036,386.35000000000036,386.35000000000036,386.35000000000036,386.35000000000036,386.35000000000036,375.7799999999999,386.54000000000036,375.9899999999999,386.94000000000034,386.94000000000034,386.94000000000034,376.30999999999995,376.30999999999995,387.1400000000004,387.1400000000004,376.41999999999996,376.53,376.53,376.53,376.53,376.53,376.53,387.54000000000036,387.54000000000036,387.54000000000036,387.54000000000036,376.64,376.74999999999994,387.74000000000035,387.74000000000035,376.85999999999996,387.9400000000004,387.9400000000004,387.9400000000004,377.09,377.09,377.21,377.21,377.21,388.1400000000004,388.1400000000004,388.1400000000004,388.1400000000004,377.33,377.33,377.33,388.3400000000004,388.54000000000036,388.54000000000036,377.56,377.56,377.68,388.74000000000035,377.68,377.8,377.8,388.95000000000033,388.95000000000033,378.04,378.04,389.1600000000003,378.16,378.28000000000003,389.3700000000003,378.4,378.52,389.57000000000033,389.57000000000033,389.57000000000033,378.63999999999993,389.7700000000003,389.7700000000003,389.7700000000003,389.7700000000003,378.75999999999993,389.7700000000003,389.7700000000003,378.99999999999994,378.99999999999994,379.11999999999995,389.98000000000036,389.98000000000036,389.98000000000036,379.23999999999995,379.23999999999995,379.23999999999995,379.34999999999997,389.98000000000036,379.46,379.46,379.46,379.46,379.46,379.46,379.46,390.1900000000004,390.1900000000004,390.1900000000004,379.7,379.7,379.7,390.4000000000004,390.4000000000004,390.4000000000004,379.82,379.94,379.94,379.94,379.94,379.94,390.4000000000004,390.4000000000004,380.07,390.61000000000035,390.61000000000035,390.61000000000035,390.61000000000035,390.61000000000035,390.61000000000035,380.19,380.31,380.31,380.31,380.31,380.31,390.82000000000033,390.82000000000033,390.82000000000033,380.43,380.43,380.43,380.68,380.68,380.68,380.68,391.03000000000037,391.03000000000037,380.81,380.94000000000005,380.94000000000005,380.94000000000005,380.94000000000005,380.94000000000005,380.94000000000005,380.94000000000005,380.94000000000005,380.94000000000005,380.94000000000005,380.94000000000005,380.94000000000005,391.03000000000037,381.07000000000005,381.07000000000005,381.07000000000005,381.07000000000005,381.07000000000005,381.07000000000005,381.20000000000005,381.33000000000004,391.45000000000033,381.46000000000004,381.46000000000004,381.46000000000004,381.46000000000004,381.4700000000001,381.4700000000001,391.45000000000033,381.4700000000001,381.6000000000001,381.6000000000001,391.6600000000003,391.6600000000003,391.6600000000003,391.6600000000003,391.6600000000003,391.6600000000003,391.6600000000003,391.6600000000003,381.7300000000001,381.86000000000007,381.86000000000007,391.88000000000034,381.99000000000007,382.12000000000006,382.12000000000006,392.0900000000003,382.12000000000006,382.25000000000006,382.25000000000006,382.25000000000006,382.25000000000006,382.25000000000006,382.25000000000006,382.25000000000006,382.25000000000006,382.25000000000006,382.25000000000006,382.25000000000006,382.25000000000006,392.31000000000034,382.52000000000004,382.66,382.66,382.66,392.5200000000004,382.79,382.79,382.79,382.79,382.79,382.79,392.74000000000035,392.74000000000035,392.74000000000035,392.74000000000035,382.92,382.92,382.92,383.06,383.06,383.06,383.06,383.06,383.07,383.07,383.21000000000004,383.21000000000004,393.18000000000035,383.35,383.35,383.36,383.36,393.4000000000004,383.63,383.76,383.76,393.62000000000035,393.62000000000035,383.89,393.8400000000004,393.8400000000004,393.8400000000004,393.8400000000004,393.8400000000004,393.8400000000004,393.8400000000004,393.8400000000004,384.03,384.16999999999996,394.0600000000004,394.0600000000004,394.0600000000004,394.0700000000004,384.29999999999995,384.29999999999995,384.43,384.43,384.43,394.29000000000036,384.43,384.57,394.5100000000004,394.5100000000004,394.5100000000004,394.5100000000004,394.5100000000004,394.5100000000004,394.5100000000004,394.5100000000004,394.5200000000004,394.5200000000004,384.71999999999997,394.7400000000004,385.01,394.9600000000004,394.9600000000004,385.15999999999997,385.15999999999997,385.31,385.31,395.1800000000004,385.46,385.46,395.4000000000004,395.4000000000004,395.4000000000004,395.4000000000004,385.61,385.61,385.61,385.62,395.6200000000004,395.6200000000004,395.6200000000004,395.6200000000004,395.6200000000004,385.9,395.84000000000043,395.84000000000043,395.84000000000043,395.84000000000043,395.84000000000043,386.04,386.04,386.19,386.19,396.0600000000004,396.0600000000004,396.0600000000004,396.0600000000004,396.0600000000004,396.0600000000004,396.0600000000004,396.0600000000004,396.0600000000004,396.0600000000004,396.0600000000004,396.0600000000004,386.33,386.33,386.33,396.28000000000037,386.62,386.62,386.62,386.62,386.62,386.62,386.62,386.62,396.5100000000004,396.5100000000004,386.77000000000004,386.78000000000003,387.08000000000004,387.08000000000004,387.08000000000004,387.08000000000004,396.9600000000004,396.9600000000004,396.9600000000004,396.9600000000004,396.9600000000004,396.9600000000004,396.9600000000004,396.9600000000004,396.9600000000004,396.9600000000004,396.9600000000004,396.9600000000004,396.9600000000004,396.9600000000004,396.9600000000004,396.9600000000004,396.9600000000004,396.9600000000004,396.9600000000004,396.9600000000004,396.9600000000004,396.9600000000004,387.38000000000005,387.38000000000005,397.19000000000034,397.19000000000034,397.19000000000034,387.53000000000003,397.42000000000036,397.42000000000036,387.68,387.68,387.68,387.83000000000004,387.83000000000004,387.83000000000004,387.83000000000004,397.6500000000004,387.98,387.98,387.98,387.98,387.98,387.98,397.88000000000034,388.13000000000005,388.13000000000005,388.28000000000003,388.28000000000003,398.11000000000035,388.4200000000001,388.4200000000001,388.4200000000001,388.4200000000001,398.3400000000004,398.3400000000004,388.57000000000005,388.7300000000001,398.57000000000033,398.57000000000033,398.57000000000033,388.88000000000005,398.79000000000036,398.79000000000036,389.0300000000001,389.0300000000001,389.18000000000006,389.18000000000006,399.0200000000004,389.3300000000001,389.3300000000001,399.2500000000004,399.2500000000004,389.49000000000007,399.48000000000036,399.48000000000036,389.6500000000001,399.48000000000036,399.48000000000036,399.48000000000036,399.48000000000036,399.48000000000036,399.48000000000036,389.8100000000001,389.8100000000001,399.7100000000003,399.7100000000003,399.7100000000003,399.7100000000003,399.7100000000003,399.7100000000003,389.9700000000001,389.9700000000001,389.9700000000001,399.94000000000034,390.1300000000001,399.94000000000034,390.1300000000001,399.94000000000034,390.1300000000001,399.95000000000033,399.95000000000033,400.18000000000035,400.18000000000035,390.4400000000001,390.4400000000001,390.6000000000001,390.6000000000001,390.6000000000001,400.42000000000036,390.7600000000001,390.7600000000001,390.7600000000001,400.6500000000004,400.6500000000004,400.6500000000004,400.6500000000004,390.9300000000001,390.9300000000001,390.9300000000001,390.9300000000001,390.9300000000001,390.9300000000001,390.9300000000001,390.9300000000001,390.9300000000001,390.9300000000001,400.88000000000034,400.88000000000034,400.88000000000034,400.88000000000034,400.88000000000034,400.88000000000034,400.88000000000034,400.88000000000034,391.10000000000014,391.10000000000014,391.10000000000014,391.10000000000014,391.10000000000014,391.10000000000014,391.10000000000014,391.10000000000014,391.27000000000015,391.27000000000015,391.27000000000015,391.27000000000015,401.1100000000003,401.1100000000003,391.4300000000001,401.3400000000003,391.59000000000015,391.60000000000014,401.5800000000003,401.5800000000003,401.5800000000003,401.5800000000003,391.76000000000016,401.82000000000033,401.82000000000033,401.82000000000033,401.82000000000033,401.82000000000033,401.82000000000033,401.82000000000033,401.82000000000033,401.82000000000033,401.82000000000033,401.82000000000033,392.09000000000015,392.09000000000015,392.25000000000017,392.25000000000017,392.25000000000017,402.29000000000036,392.57000000000016,402.5300000000003,402.5300000000003,402.5300000000003,392.57000000000016,392.57000000000016,392.57000000000016,392.57000000000016,392.57000000000016,392.57000000000016,392.57000000000016,392.57000000000016,392.57000000000016,392.57000000000016,392.57000000000016,392.57000000000016,402.7600000000003,392.57000000000016,402.7600000000003,402.7600000000003,392.57000000000016,402.7600000000003,392.57000000000016,402.7600000000003,392.57000000000016,402.7600000000003,392.57000000000016,402.7600000000003,402.7600000000003,402.7600000000003,392.7400000000002,392.91000000000014,403.23000000000025,393.08000000000015,393.25000000000017,393.25000000000017,403.47000000000025,403.47000000000025,393.4200000000002,403.71000000000026,403.71000000000026,403.71000000000026,403.71000000000026,403.71000000000026,403.71000000000026,403.71000000000026,403.71000000000026,403.71000000000026,403.71000000000026,393.77000000000015,403.9500000000003,403.9500000000003,404.1800000000003,404.1800000000003,394.1100000000002,394.1100000000002,404.4200000000003,404.4200000000003,404.4200000000003,394.44000000000017,404.66000000000025,404.66000000000025,404.66000000000025,404.66000000000025,404.66000000000025,404.66000000000025,404.66000000000025,404.66000000000025,404.66000000000025,394.6100000000002,404.90000000000026,404.90000000000026,404.90000000000026,404.90000000000026,404.90000000000026,404.90000000000026,394.7800000000002,394.94000000000017,395.1100000000002,405.14000000000027,395.2900000000002,395.2900000000002,395.2900000000002,395.4700000000002,405.3800000000002,405.3800000000002,405.62000000000023,405.62000000000023,405.62000000000023,405.62000000000023,395.8100000000002,405.87000000000023,405.87000000000023,396.14000000000016,396.14000000000016,406.11000000000024,396.3000000000001,396.3000000000001,396.3000000000001,396.3000000000001,396.3000000000001,396.3000000000001,396.3000000000001,396.3000000000001,396.47000000000014,396.64000000000016,396.64000000000016,406.60000000000025,406.60000000000025,406.60000000000025,406.60000000000025,406.60000000000025,406.60000000000025,406.60000000000025,406.60000000000025,406.60000000000025,406.60000000000025,406.60000000000025,406.60000000000025,406.60000000000025,396.8100000000002,396.8100000000002,396.8100000000002,396.8100000000002,396.8100000000002,406.8400000000002,406.8400000000002,406.8400000000002,406.8400000000002,406.8400000000002,396.98000000000013,396.98000000000013,407.0900000000002,407.0900000000002,407.0900000000002,397.15000000000015,397.15000000000015,397.15000000000015,397.15000000000015,397.15000000000015,397.15000000000015,407.0900000000002,407.0900000000002,407.0900000000002,407.0900000000002,407.0900000000002,407.0900000000002,407.0900000000002,397.33000000000015,397.33000000000015,397.50000000000017,407.3400000000002,397.50000000000017,407.5900000000002,407.5900000000002,407.5900000000002,397.6800000000002,397.6800000000002,397.6800000000002,397.6800000000002,397.6800000000002,397.6800000000002,397.6800000000002,397.6800000000002,407.8400000000002,407.8400000000002,407.8400000000002,397.8600000000001,397.8600000000001,408.0800000000002,408.0800000000002,398.0400000000001,398.0400000000001,398.0400000000001,398.0400000000001,408.3300000000002,408.5800000000002,408.5800000000002,408.5800000000002,398.40000000000003,408.8300000000002,408.8300000000002,408.8300000000002,408.8300000000002,398.40000000000003,398.40000000000003,409.0800000000002,409.0800000000002,409.0800000000002,409.0800000000002,398.58000000000004,409.3300000000002,409.3300000000002,409.3400000000002,409.3400000000002,409.3400000000002,409.3400000000002,398.76,409.5900000000002,409.5900000000002,409.5900000000002,409.5900000000002,409.5900000000002,409.5900000000002,409.5900000000002,409.5900000000002,409.5900000000002,398.93999999999994,399.1199999999999,399.1199999999999,409.8400000000002,409.8400000000002,409.8400000000002,409.8400000000002,399.29999999999995,399.29999999999995,410.0900000000002,410.0900000000002,399.4799999999999,410.3400000000002,410.3400000000002,410.3400000000002,410.3400000000002,410.3400000000002,410.3400000000002,399.66999999999985,410.5900000000002,410.5900000000002,399.8499999999999,399.8499999999999,410.5900000000002,400.02999999999986,400.02999999999986,400.2099999999999,411.1100000000002,411.1100000000002,411.1100000000002,400.4,400.4,400.59000000000003,411.3700000000002,400.77,400.77,411.63000000000017,400.77,400.77,400.9599999999999,400.9599999999999,411.89000000000016,411.89000000000016,400.9599999999999,412.15000000000015,401.14999999999986,401.3299999999999,412.41000000000014,412.41000000000014,401.51999999999987,401.51999999999987,412.67000000000024,412.67000000000024,401.7199999999999,401.7199999999999,401.7199999999999,401.7199999999999,401.7199999999999,401.7199999999999,401.7199999999999,401.7199999999999,401.7199999999999,412.93000000000023,412.93000000000023,412.93000000000023,401.91999999999996,401.91999999999996,401.91999999999996,401.91999999999996,413.1900000000002,401.91999999999996,401.91999999999996,401.91999999999996,402.12,413.4500000000002,413.4500000000002,402.12,413.4500000000002,413.4500000000002,413.4500000000002,413.4500000000002,413.7100000000002,413.7100000000002,413.7100000000002,413.7100000000002,402.31999999999994,402.31999999999994,402.31999999999994,413.9700000000002,402.7099999999999,402.7099999999999,413.9700000000002,402.90999999999997,414.2300000000002,414.2300000000002,414.2300000000002,414.2300000000002,414.2300000000002,414.2300000000002,403.1199999999999,403.1199999999999,403.31999999999994,403.31999999999994,403.31999999999994,403.31999999999994,403.31999999999994,414.4900000000002,403.51999999999987,414.76000000000016,403.7199999999999,404.1299999999999,415.28000000000014,415.28000000000014,415.28000000000014,415.28000000000014,415.28000000000014,415.28000000000014,415.28000000000014,415.28000000000014,404.1299999999999,415.28000000000014,415.28000000000014,404.3399999999999,404.3399999999999,404.3399999999999,404.3399999999999,415.28000000000014,415.28000000000014,415.28000000000014,415.54000000000025,404.7399999999999,415.80000000000024,415.80000000000024,404.7399999999999,404.7399999999999,404.7499999999999,404.7499999999999,415.80000000000024,415.80000000000024,415.80000000000024,415.80000000000024,415.80000000000024,415.80000000000024,415.80000000000024,415.80000000000024,415.80000000000024,415.80000000000024,415.80000000000024,404.7499999999999,404.7499999999999,404.9599999999999,404.9599999999999,416.0700000000002,416.0700000000002,416.0700000000002,416.0700000000002,416.0700000000002,416.0700000000002,416.0700000000002,416.0700000000002,416.0700000000002,416.0700000000002,416.0700000000002,416.0700000000002,416.0700000000002,405.16999999999985,416.3400000000003,416.3400000000003,405.3799999999999,405.3799999999999,405.3799999999999,416.6100000000003,405.5999999999999,416.8800000000003,405.80999999999983,406.02999999999986,416.8800000000003,416.8800000000003,416.8800000000003,416.8800000000003,416.8800000000003,406.2299999999999,406.2299999999999,416.8800000000003,416.8800000000003,406.43999999999994,417.15000000000026,406.6399999999999,406.6399999999999,406.6399999999999,417.42000000000036,417.42000000000036,406.8399999999998,406.8399999999998,406.8399999999998,406.8399999999998,406.8399999999998,406.8399999999998,417.69000000000034,417.69000000000034,407.03999999999974,407.03999999999974,417.69000000000034,417.69000000000034,407.2399999999998,407.2399999999998,407.4399999999998,407.64999999999975,407.64999999999975,407.64999999999975,407.64999999999975,417.9600000000003,417.9600000000003,407.8499999999998,418.2300000000004,418.2300000000004,408.04999999999984,408.05999999999983,418.2300000000004,418.2300000000004,418.2300000000004,418.2300000000004,418.2300000000004,418.2300000000004,418.2300000000004,408.4799999999998,408.4799999999998,408.6999999999998,408.6999999999998,408.6999999999998,408.6999999999998,418.5000000000004,418.5000000000004,408.91999999999985,408.91999999999985,408.91999999999985,408.91999999999985,418.7700000000004,409.14999999999975,409.14999999999975,419.04000000000036,419.04000000000036,419.04000000000036,419.04000000000036,419.04000000000036,409.5699999999998,409.5699999999998,409.5699999999998,409.5699999999998,409.5699999999998,409.5699999999998,409.5699999999998,409.5699999999998,409.5699999999998,409.5699999999998,419.04000000000036,409.77999999999986,419.32000000000033,419.32000000000033,419.32000000000033,419.32000000000033,409.9899999999998,419.5900000000003,419.6000000000004,410.2099999999998,410.2099999999998,410.42999999999984,410.42999999999984,410.42999999999984,410.42999999999984,419.8700000000004,419.8700000000004,419.8700000000004,419.8700000000004,419.8700000000004,419.8700000000004,419.8700000000004,419.8700000000004,419.8700000000004,419.8800000000004,419.8800000000004,419.8800000000004,419.8800000000004,419.8800000000004,410.42999999999984,420.16000000000037,410.64999999999986,420.16000000000037,420.16000000000037,410.8699999999998,410.8699999999998,410.8699999999998,411.0799999999998,411.0799999999998,420.44000000000045,420.44000000000045,411.29999999999984,411.51999999999987,411.51999999999987,411.51999999999987,420.7200000000004,411.7399999999998,411.7399999999998,420.7200000000004,420.7200000000004,420.7200000000004,420.7200000000004,420.7200000000004,411.9699999999998,421.0000000000005,421.0000000000005,421.0000000000005,412.1999999999998,421.0000000000005,412.1999999999998,421.0000000000005,412.1999999999998,412.1999999999998,412.1999999999998,412.1999999999998,412.1999999999998,412.1999999999998,412.1999999999998,412.41999999999985,412.41999999999985,412.41999999999985,412.41999999999985,412.41999999999985,412.41999999999985,412.6299999999999,412.6299999999999,412.6299999999999,412.6299999999999,412.6299999999999,412.6299999999999,412.6299999999999,412.6299999999999,412.6299999999999,412.6299999999999,412.6299999999999,412.6299999999999,421.2800000000005,421.2800000000005,421.2800000000005,421.2800000000005,421.2800000000005,421.2800000000005,412.8499999999999,412.8499999999999,412.8499999999999,421.2800000000005,413.06999999999994,413.06999999999994,421.2800000000005,421.2800000000005,421.2800000000005,421.2800000000005,413.28999999999985,421.2800000000005,413.28999999999985,413.5099999999999,421.2800000000005,421.2800000000005,421.2800000000005,421.2800000000005,413.7299999999999,413.7299999999999,413.7299999999999,413.7299999999999,413.93999999999994,421.56000000000046,421.56000000000046,421.56000000000046,414.14999999999986,414.14999999999986,414.14999999999986,414.14999999999986,414.14999999999986,414.14999999999986,414.14999999999986,414.14999999999986,414.14999999999986,414.14999999999986,414.14999999999986,414.14999999999986,414.14999999999986,414.14999999999986,414.3799999999999,414.3799999999999,414.3799999999999,414.3799999999999,414.3799999999999,414.3799999999999,414.3799999999999,414.3799999999999,414.3799999999999,414.3799999999999,414.3799999999999,414.3799999999999,414.3799999999999,414.3799999999999,414.3799999999999,414.3799999999999,414.6099999999998,414.6099999999998,414.6099999999998,414.6099999999998,421.8500000000004,414.8399999999998,414.8399999999998,415.0699999999998,415.0699999999998,415.0699999999998,415.0699999999998,415.0699999999998,415.0699999999998,415.0699999999998,415.0699999999998,415.0799999999998,415.0799999999998,415.0799999999998,415.0799999999998,422.1400000000005,422.1400000000005,422.1400000000005,422.1400000000005,415.3199999999998,415.3199999999998,415.3199999999998,415.3199999999998,415.3199999999998,422.43000000000046,422.43000000000046,422.43000000000046,422.43000000000046,415.54999999999984,415.54999999999984,415.54999999999984,422.43000000000046,422.43000000000046,415.78999999999985,415.78999999999985,415.78999999999985,422.43000000000046,416.02999999999986,416.26999999999987,416.26999999999987,422.7200000000004,422.7200000000004,422.7200000000004,422.7300000000004,422.7300000000004,416.5099999999999,423.0100000000005,416.7399999999999,416.7399999999999,423.2900000000005,423.2900000000005,423.2900000000005,423.2900000000005,416.9799999999999,416.9799999999999,416.9799999999999,416.9799999999999,416.9799999999999,416.9799999999999,423.2900000000005,423.2900000000005,423.2900000000005,417.4599999999999,417.4599999999999,417.69999999999993,417.69999999999993,423.58000000000044,423.58000000000044,417.92999999999995,417.92999999999995,417.92999999999995,417.92999999999995,417.92999999999995,418.16999999999996,418.16999999999996,424.17000000000047,424.17000000000047,418.4,418.4,418.4,424.17000000000047,424.17000000000047,418.63,418.63,418.63,424.46000000000043,424.46000000000043,424.46000000000043,424.46000000000043,424.46000000000043,424.46000000000043,424.46000000000043,424.46000000000043,418.86,424.46000000000043,419.1,419.1,424.7500000000004,424.7500000000004,424.7500000000004,419.35,419.35,419.35,425.0400000000005,419.58000000000004,419.81000000000006,419.81000000000006,419.81000000000006,419.81000000000006,425.0400000000005,425.0400000000005,425.0400000000005,420.05000000000007,420.05000000000007,420.05000000000007,420.05000000000007,425.34000000000043,425.34000000000043,420.05000000000007,425.34000000000043,425.34000000000043,420.2900000000001,420.2900000000001,420.2900000000001,420.2900000000001,425.6400000000004,425.6400000000004,425.6400000000004,420.76,425.6400000000004,425.6400000000004,425.6400000000004,425.6400000000004,420.9899999999999,420.9899999999999,420.9899999999999,425.6400000000004,425.6400000000004,425.6400000000004,421.2299999999999,421.2299999999999,421.2299999999999,421.2299999999999,421.2299999999999,421.2299999999999,421.2299999999999,421.2299999999999,421.2299999999999,421.2299999999999,421.2299999999999,421.2299999999999,421.2299999999999,425.94000000000045,421.4799999999999,421.4799999999999,421.4799999999999,421.4799999999999,426.2400000000004,426.2400000000004,421.7199999999999,421.7199999999999,421.7199999999999,426.2400000000004,426.2400000000004,426.2400000000004,426.2400000000004,421.9599999999999,422.1999999999998,422.1999999999998,422.4499999999998,422.4499999999998,422.4499999999998,422.4499999999998,422.4499999999998,422.4499999999998,426.55000000000047,426.55000000000047,426.55000000000047,422.6999999999998,422.6999999999998,426.85000000000053,426.85000000000053,426.85000000000053,426.85000000000053,426.85000000000053,426.85000000000053,426.85000000000053,423.1999999999998,423.1999999999998,427.1500000000006,423.4399999999998,427.45000000000056,427.45000000000056,427.45000000000056,427.45000000000056,427.45000000000056,427.45000000000056,427.45000000000056,427.45000000000056,427.45000000000056,427.45000000000056,427.45000000000056,427.45000000000056,427.45000000000056,427.45000000000056,427.45000000000056,427.45000000000056,427.45000000000056,427.45000000000056,427.45000000000056,427.45000000000056,427.45000000000056,427.45000000000056,427.45000000000056,427.45000000000056,427.45000000000056,427.45000000000056,427.45000000000056,427.45000000000056,423.66999999999973,423.66999999999973,427.7500000000006,427.7500000000006,427.7500000000006,427.7500000000006,427.7500000000006,427.7500000000006,427.7500000000006,427.7500000000006,427.7500000000006,423.90999999999974,423.90999999999974,424.14999999999975,424.14999999999975,428.06000000000057,428.06000000000057,428.06000000000057,428.06000000000057,428.06000000000057,428.06000000000057,428.06000000000057,428.06000000000057,428.06000000000057,428.06000000000057,424.38999999999976,424.38999999999976,428.36000000000064,428.36000000000064,428.36000000000064,428.36000000000064,428.36000000000064,428.36000000000064,428.36000000000064,428.36000000000064,428.36000000000064,428.36000000000064,428.36000000000064,428.36000000000064,428.36000000000064,424.62999999999977,424.62999999999977,424.62999999999977,428.6700000000006,428.6700000000006,428.6700000000006,428.6700000000006,428.6700000000006,428.6700000000006,428.6700000000006,428.6700000000006,428.6700000000006,424.8699999999998,425.1099999999998,425.1099999999998,425.1099999999998,425.1099999999998,425.1099999999998,428.98000000000064,428.98000000000064,428.98000000000064,428.98000000000064,425.1099999999998,425.1099999999998,425.1099999999998,425.1099999999998,425.1099999999998,425.1099999999998,429.2900000000006,429.2900000000006,429.2900000000006,429.2900000000006,429.3000000000007,429.3000000000007,429.3000000000007,429.3000000000007,425.3599999999998,425.3599999999998,425.3599999999998,425.3599999999998,425.3599999999998,425.3599999999998,429.3000000000007,429.3000000000007,429.3000000000007,429.61000000000075,429.61000000000075,425.8399999999998,425.8399999999998,426.0899999999998,426.0899999999998,429.9100000000007,429.9100000000007,429.9200000000007,429.9200000000007,426.3499999999998,426.3499999999998,426.3499999999998,426.3499999999998,426.3499999999998,426.3499999999998,426.3499999999998,426.3499999999998,426.3499999999998,430.23000000000076,430.23000000000076,430.23000000000076,430.23000000000076,430.23000000000076,430.23000000000076,430.23000000000076,430.23000000000076,430.23000000000076,430.23000000000076,430.23000000000076,430.23000000000076,430.23000000000076,430.23000000000076,430.23000000000076,430.23000000000076,430.23000000000076,430.23000000000076,430.23000000000076,430.23000000000076,430.23000000000076,430.23000000000076,426.3499999999998,430.5400000000007,426.5999999999998,430.85000000000076,426.8399999999997,426.8399999999997,426.8399999999997,431.1600000000007,431.1600000000007,431.1600000000007,431.1600000000007,431.1600000000007,431.1600000000007,431.1600000000007,431.1600000000007,431.1600000000007,431.1600000000007,431.1600000000007,431.1600000000007,426.8399999999997,427.0999999999997,427.0999999999997,427.0999999999997,431.47000000000077,431.47000000000077,431.47000000000077,431.47000000000077,431.47000000000077,431.47000000000077,431.47000000000077,431.47000000000077,431.48000000000076,431.48000000000076,431.48000000000076,431.48000000000076,431.48000000000076,431.48000000000076,431.48000000000076,431.48000000000076,431.48000000000076,431.48000000000076,431.48000000000076,431.48000000000076,431.48000000000076,431.48000000000076,431.48000000000076,431.48000000000076,431.48000000000076,431.48000000000076,427.3499999999997,431.7900000000007,431.7900000000007,431.7900000000007,431.7900000000007,431.7900000000007,431.7900000000007,431.7900000000007,427.5899999999997,427.8299999999997,427.8299999999997,427.8299999999997,427.8299999999997,427.8299999999997,427.8299999999997,432.10000000000076,428.0799999999997,428.0799999999997,428.0799999999997,432.4100000000007,432.4100000000007,432.4100000000007,432.4100000000007,432.4100000000007,432.4100000000007,432.4100000000007,432.4100000000007,432.4100000000007,432.4100000000007,432.4100000000007,432.4100000000007,432.4100000000007,432.4100000000007,432.4100000000007,432.4100000000007,432.4100000000007,432.4100000000007,432.4100000000007,432.4100000000007,432.4100000000007,428.3299999999997,428.3299999999997,432.72000000000077,432.72000000000077,432.72000000000077,432.72000000000077,432.72000000000077,432.72000000000077,432.72000000000077,432.72000000000077,432.72000000000077,432.72000000000077,428.5799999999997,428.5799999999997,433.0300000000008,433.0300000000008,433.0300000000008,433.0300000000008,433.0300000000008,433.0300000000008,433.0300000000008,433.0300000000008,433.0300000000008,429.0899999999997,429.0899999999997,429.0899999999997,429.0899999999997,433.35000000000076,433.35000000000076,429.3399999999997,429.3399999999997,429.3399999999997,429.3399999999997,433.6700000000008,433.6700000000008,433.6700000000008,433.6700000000008,433.6700000000008,433.6700000000008,433.6700000000008,433.6700000000008,433.6700000000008,433.6700000000008,433.6700000000008,433.6700000000008,433.6700000000008,433.6700000000008,429.5899999999997,429.5899999999997,429.5899999999997,429.5899999999997,433.98000000000076,433.98000000000076,433.98000000000076,433.98000000000076,433.98000000000076,433.98000000000076,433.98000000000076,433.98000000000076,433.98000000000076,429.8399999999997,429.8499999999997,430.0999999999997,430.0999999999997,430.0999999999997,434.3000000000008,434.3000000000008,434.3000000000008,434.3000000000008,434.3000000000008,434.3000000000008,434.3000000000008,434.3000000000008,434.3000000000008,434.3000000000008,434.3000000000008,434.3000000000008,434.3000000000008,434.3000000000008,434.3000000000008,434.3000000000008,434.3000000000008,434.3000000000008,434.3000000000008,434.3000000000008,430.3599999999997,430.3599999999997,430.3599999999997,430.3599999999997,430.3599999999997,430.3599999999997,430.3599999999997,430.3599999999997,430.3599999999997,430.3599999999997,434.61000000000087,434.61000000000087,434.62000000000086,434.62000000000086,434.9300000000008,434.9300000000008,434.9300000000008,430.86999999999966,430.86999999999966,431.11999999999966,431.12999999999965,435.25000000000085,435.25000000000085,431.39999999999964,431.39999999999964,431.39999999999964,435.5700000000009,435.5700000000009,435.5700000000009,435.5700000000009,435.5700000000009,431.39999999999964,431.39999999999964,431.4099999999996,435.88000000000085,435.88000000000085,435.88000000000085,435.88000000000085,431.6599999999996,431.6599999999996,436.2000000000009,436.2000000000009,431.6599999999996,436.52000000000083,431.9199999999996,436.52000000000083,431.9199999999996,436.52000000000083,431.9199999999996,436.52000000000083,431.9199999999996,436.52000000000083,431.9199999999996,436.52000000000083,436.52000000000083,436.52000000000083,436.52000000000083,436.52000000000083,431.9199999999996,436.8400000000009,436.8400000000009,436.8400000000009,436.8400000000009,436.8400000000009,436.8400000000009,436.8400000000009,432.1799999999996,437.16000000000093,437.16000000000093,437.16000000000093,437.16000000000093,437.16000000000093,437.16000000000093,437.16000000000093,437.16000000000093,437.16000000000093,437.16000000000093,437.16000000000093,437.16000000000093,432.4399999999997,432.6999999999997,432.6999999999997,432.9599999999997,432.9599999999997,432.9599999999997,432.9599999999997,437.48000000000087,432.9599999999997,437.48000000000087,432.9599999999997,432.9599999999997,432.9599999999997,432.9599999999997,432.9599999999997,437.8000000000008,437.8000000000008,437.8000000000008,437.8000000000008,433.2199999999997,438.13000000000073,438.13000000000073,438.13000000000073,438.13000000000073,438.13000000000073,438.13000000000073,438.13000000000073,438.13000000000073,438.13000000000073,438.13000000000073,438.13000000000073,438.13000000000073,433.4799999999997,433.4799999999997,433.4799999999997,433.4799999999997,433.4799999999997,433.4799999999997,438.4600000000008,438.4600000000008,433.73999999999967,433.99999999999966,438.8100000000008,438.8100000000008,438.8100000000008,438.8100000000008,438.8100000000008,438.8100000000008,438.8100000000008,438.8100000000008,438.8100000000008,438.8100000000008,438.8100000000008,438.8100000000008,438.8100000000008,438.8100000000008,438.8100000000008,438.8100000000008,438.8100000000008,438.8100000000008,438.8100000000008,438.8100000000008,438.8100000000008,434.25999999999965,434.25999999999965,434.25999999999965,434.25999999999965,434.25999999999965,434.25999999999965,438.8100000000008,438.8100000000008,438.8100000000008,438.8100000000008,438.8100000000008,438.8100000000008,434.51999999999964,434.51999999999964,438.8100000000008,438.8100000000008,438.8100000000008,438.8100000000008,438.8100000000008,438.8200000000008,438.8200000000008,438.8200000000008,434.51999999999964,434.51999999999964,434.51999999999964,434.51999999999964,434.51999999999964,434.51999999999964,434.51999999999964,438.8200000000008,438.8200000000008,438.8200000000008,438.8200000000008,434.51999999999964,434.51999999999964,438.8200000000008,438.8200000000008,438.8200000000008,438.8200000000008,438.8200000000008,438.8200000000008,438.8200000000008,438.8200000000008,438.8200000000008,438.8200000000008,438.8200000000008,438.8200000000008,438.8200000000008,438.8200000000008,438.8200000000008,438.8200000000008,438.8200000000008,438.8200000000008,438.8200000000008,438.8200000000008,438.8200000000008,438.8200000000008,434.51999999999964,434.51999999999964,434.51999999999964,434.51999999999964,434.51999999999964,439.1700000000008,439.1700000000008,439.1700000000008,439.1700000000008,439.1700000000008,439.1700000000008,434.51999999999964,434.51999999999964,434.78999999999974,434.78999999999974,434.78999999999974,434.78999999999974,434.78999999999974,434.78999999999974,434.78999999999974,434.78999999999974,434.78999999999974,439.5300000000008,439.5300000000008,439.5300000000008,439.5300000000008,439.5300000000008,439.5300000000008,439.5300000000008,439.5300000000008,439.5300000000008,439.5300000000008,439.5300000000008,435.0599999999997,435.0599999999997,435.3299999999997,435.3299999999997,439.86000000000075,439.86000000000075,439.86000000000075,439.87000000000074,439.87000000000074,439.87000000000074,439.87000000000074,439.87000000000074,439.87000000000074,439.87000000000074,439.87000000000074,439.87000000000074,439.87000000000074,439.87000000000074,439.87000000000074,439.87000000000074,439.87000000000074,439.87000000000074,439.87000000000074,439.87000000000074,439.87000000000074,439.87000000000074,439.87000000000074,439.87000000000074,439.87000000000074,439.87000000000074,435.5899999999997,440.21000000000066,435.8499999999997,435.8499999999997,435.8499999999997,435.8499999999997,440.5500000000007,440.5500000000007,440.5500000000007,440.5500000000007,440.5500000000007,440.5500000000007,440.5500000000007,440.5500000000007,440.5500000000007,440.5500000000007,440.5500000000007,440.5500000000007,440.5500000000007,436.1099999999997,436.1099999999997,436.1099999999997,436.1099999999997,436.1099999999997,436.1099999999997,436.1099999999997,436.1099999999997,436.1099999999997,436.1099999999997,436.1099999999997,436.1099999999997,440.8900000000007,440.8900000000007,436.37999999999965,441.23000000000076,441.23000000000076,441.23000000000076,441.23000000000076,441.23000000000076,441.23000000000076,441.23000000000076,441.23000000000076,441.23000000000076,441.23000000000076,441.23000000000076,441.23000000000076,441.23000000000076,441.23000000000076,441.23000000000076,441.23000000000076,441.23000000000076,441.23000000000076,441.23000000000076,441.23000000000076,441.23000000000076,441.23000000000076,441.23000000000076,441.23000000000076,441.23000000000076,441.23000000000076,441.23000000000076,441.23000000000076,441.23000000000076,441.23000000000076,441.23000000000076,441.23000000000076,441.23000000000076,441.23000000000076,441.23000000000076,441.23000000000076,441.23000000000076,441.23000000000076,441.23000000000076,441.23000000000076,441.23000000000076,441.23000000000076,441.23000000000076,441.23000000000076,441.23000000000076,441.23000000000076,441.23000000000076,441.23000000000076,441.23000000000076,441.23000000000076,441.23000000000076,441.23000000000076,441.23000000000076,441.23000000000076,441.23000000000076,441.23000000000076,441.23000000000076,441.24000000000075,441.24000000000075,441.24000000000075,441.24000000000075,441.24000000000075,441.24000000000075,441.24000000000075,441.24000000000075,441.24000000000075,441.24000000000075,441.24000000000075,441.24000000000075,441.24000000000075,441.24000000000075,441.24000000000075,441.24000000000075,441.24000000000075,441.24000000000075,441.24000000000075,441.24000000000075,436.37999999999965,441.24000000000075,441.24000000000075,436.37999999999965,441.24000000000075,436.37999999999965,441.24000000000075,436.37999999999965,441.24000000000075,436.37999999999965,436.37999999999965,436.37999999999965,436.37999999999965,436.64999999999964,441.24000000000075,441.24000000000075,441.24000000000075,441.24000000000075,441.24000000000075,441.24000000000075,441.24000000000075,441.24000000000075,441.24000000000075,441.24000000000075,441.24000000000075,441.24000000000075,441.24000000000075,441.24000000000075,441.24000000000075,441.24000000000075,441.24000000000075,441.24000000000075,441.24000000000075,441.24000000000075,441.24000000000075,441.24000000000075,441.24000000000075,441.24000000000075,441.24000000000075,441.24000000000075,441.24000000000075,441.24000000000075,441.24000000000075,441.24000000000075,441.24000000000075,441.24000000000075,441.24000000000075,441.24000000000075,441.24000000000075,441.24000000000075,441.24000000000075,441.24000000000075,441.24000000000075,441.24000000000075,441.24000000000075,441.24000000000075,441.24000000000075,441.24000000000075,441.24000000000075,436.9199999999996,441.5700000000007,441.5700000000007,441.5700000000007,441.5700000000007,441.5700000000007,441.5700000000007,441.5700000000007,441.5700000000007,441.5700000000007,441.5700000000007,441.5700000000007,441.5700000000007,441.5700000000007,441.5700000000007,441.5700000000007,441.5700000000007,441.5700000000007,441.5700000000007,441.5700000000007,441.5700000000007,441.5700000000007,441.5700000000007,441.5700000000007,441.5700000000007,441.5700000000007,441.5700000000007,441.5700000000007,441.5700000000007,441.5700000000007,441.5700000000007,441.5700000000007,441.5700000000007,437.1899999999997,441.5700000000007,441.5700000000007,437.1999999999997,441.5700000000007,441.5700000000007,441.5700000000007,441.5700000000007,441.5700000000007,441.5700000000007,441.5700000000007,441.5700000000007,441.5700000000007,441.5700000000007,441.5700000000007,441.5700000000007,441.5700000000007,441.5700000000007,441.5700000000007,441.5700000000007,441.5700000000007,441.5700000000007,441.5700000000007,441.5700000000007,441.5700000000007,441.5700000000007,441.5700000000007,441.5700000000007,441.5700000000007,441.5700000000007,441.5700000000007,441.5700000000007,441.5700000000007,441.5700000000007,441.5700000000007,441.5700000000007,441.5700000000007,441.5700000000007,441.5700000000007,441.5700000000007,441.5700000000007,441.5700000000007,441.5700000000007,441.5700000000007,441.5700000000007,441.5700000000007,441.5700000000007,441.5700000000007,441.5700000000007,441.5700000000007,441.5700000000007,441.5700000000007,441.5700000000007,441.5700000000007,441.5700000000007,441.5700000000007,441.5700000000007,441.5700000000007,441.5700000000007,441.5700000000007,441.5700000000007,441.5700000000007,441.5700000000007,441.5700000000007,441.5700000000007,441.5700000000007,441.5700000000007,441.5700000000007,441.5700000000007,441.5700000000007,441.5700000000007,441.5700000000007,441.5700000000007,441.5700000000007,441.5700000000007,441.5700000000007,441.5700000000007,441.5700000000007,441.5700000000007,441.5700000000007,441.5700000000007,441.58000000000067,441.58000000000067,441.58000000000067,441.58000000000067,441.58000000000067,441.58000000000067,441.58000000000067,441.58000000000067,441.58000000000067,441.58000000000067,441.58000000000067,441.58000000000067,441.58000000000067,441.58000000000067,441.58000000000067,441.58000000000067,441.58000000000067,441.58000000000067,441.58000000000067,441.58000000000067,441.58000000000067,441.58000000000067,441.58000000000067,441.58000000000067,441.58000000000067,441.58000000000067,441.58000000000067,441.58000000000067,441.58000000000067,441.58000000000067,441.58000000000067,441.58000000000067,441.58000000000067,437.73999999999967,441.58000000000067,437.73999999999967,441.58000000000067,441.58000000000067,441.58000000000067,441.58000000000067,441.58000000000067,441.58000000000067,441.58000000000067,441.58000000000067,441.58000000000067,441.58000000000067,441.58000000000067,441.58000000000067,441.58000000000067,441.58000000000067,441.58000000000067,441.58000000000067,441.58000000000067,441.58000000000067,441.58000000000067,441.58000000000067,441.58000000000067,441.58000000000067,441.58000000000067,441.58000000000067,441.58000000000067,441.58000000000067,441.58000000000067,441.58000000000067,441.58000000000067,441.58000000000067,441.58000000000067,441.59000000000066,441.59000000000066,441.59000000000066,441.59000000000066,441.59000000000066,441.59000000000066,441.59000000000066,441.60000000000065,441.60000000000065,441.60000000000065,441.60000000000065,441.60000000000065,441.60000000000065,441.60000000000065,441.61000000000064,441.61000000000064,441.61000000000064,441.61000000000064,441.61000000000064,441.61000000000064,441.61000000000064,441.61000000000064,441.61000000000064,441.61000000000064,441.61000000000064,441.61000000000064,441.61000000000064,441.61000000000064,441.61000000000064,441.61000000000064,441.61000000000064,441.62000000000063,441.62000000000063,441.62000000000063,441.62000000000063,441.62000000000063,441.62000000000063,441.62000000000063,441.62000000000063,441.62000000000063,441.62000000000063,441.62000000000063,441.62000000000063,441.62000000000063,441.62000000000063,441.62000000000063,441.62000000000063,441.62000000000063,441.62000000000063,441.62000000000063,441.62000000000063,441.62000000000063,441.62000000000063,441.62000000000063,441.62000000000063,441.62000000000063,441.62000000000063,441.62000000000063,441.62000000000063,441.62000000000063,441.62000000000063,441.62000000000063,441.62000000000063,441.62000000000063,441.62000000000063,441.62000000000063,441.62000000000063,441.62000000000063,441.62000000000063,441.62000000000063,441.62000000000063,441.62000000000063,441.6300000000006,438.01999999999964,441.6300000000006,441.6300000000006,441.6300000000006,441.6300000000006,441.6300000000006,438.2899999999996,441.6300000000006,438.2899999999996,441.6300000000006,438.2899999999996,441.6300000000006,438.2899999999996,441.6300000000006,441.6300000000006,441.6300000000006,441.6300000000006,441.6300000000006,441.6300000000006,441.6300000000006,441.6300000000006,441.6300000000006,441.6300000000006,441.6300000000006,441.6300000000006,441.6300000000006,441.6300000000006,441.6300000000006,441.6300000000006,441.6300000000006,441.6300000000006,441.6300000000006,441.6300000000006,441.6300000000006,441.6300000000006,441.6300000000006,441.6300000000006,441.6300000000006,441.6300000000006,441.6300000000006,441.6300000000006,441.6300000000006,441.6300000000006,441.6400000000006,441.6400000000006,441.6400000000006,441.6400000000006,441.6400000000006,441.6400000000006,441.6400000000006,441.6400000000006,441.6400000000006,441.6400000000006,441.6400000000006,441.6400000000006,441.6400000000006,441.6400000000006,441.6400000000006,441.6400000000006,441.6400000000006,441.6400000000006,441.6400000000006,441.6400000000006,441.6400000000006,441.6400000000006,441.6400000000006,441.6400000000006,441.6400000000006,441.6400000000006,438.5599999999996,438.5599999999996,438.5599999999996,438.5599999999996,438.5699999999996,438.5699999999996,438.5699999999996,441.6400000000006,441.6400000000006,441.6400000000006,441.6400000000006,441.6400000000006,441.6400000000006,441.6400000000006,441.6400000000006,441.6400000000006,441.6400000000006,441.6400000000006,441.6400000000006,441.6400000000006,441.6400000000006,441.6400000000006,441.6400000000006,441.6400000000006,441.6400000000006,441.6400000000006,441.6400000000006,441.6500000000006,441.6500000000006,441.6500000000006,441.6500000000006,441.6500000000006,441.6500000000006,441.6500000000006,441.6500000000006,441.6500000000006,441.6500000000006,441.6500000000006,441.6500000000006,441.6500000000006,441.6500000000006,441.6500000000006,441.6500000000006,441.6600000000006,441.6600000000006,441.6600000000006,441.6600000000006,441.6600000000006,441.6600000000006,441.6600000000006,441.6600000000006,441.6600000000006,441.6600000000006,441.6600000000006,441.6600000000006,441.6600000000006,441.6600000000006,441.6600000000006,438.5699999999996,438.5699999999996,438.5699999999996,438.5699999999996,438.5699999999996,438.5699999999996,438.84999999999957,441.6600000000006,441.6600000000006,441.6600000000006,441.6600000000006,441.6600000000006,441.6600000000006,441.6600000000006,441.6600000000006,441.6600000000006,441.6600000000006,441.6600000000006,441.6600000000006,441.6600000000006,441.6600000000006,441.6600000000006,441.6600000000006,441.6600000000006,441.6600000000006,441.6600000000006,441.6600000000006,441.6600000000006,441.6600000000006,441.6600000000006,441.6600000000006,441.6600000000006,441.6600000000006,441.6600000000006,441.6600000000006,441.6600000000006,441.6600000000006,441.6600000000006,441.6600000000006,441.6600000000006,441.6600000000006,441.6600000000006,441.6600000000006,441.6600000000006,441.6600000000006,441.6600000000006,441.6600000000006,441.6600000000006,441.6600000000006,441.6600000000006,441.6600000000006,441.6600000000006,441.6600000000006,441.6600000000006,441.6600000000006,441.6600000000006,441.6600000000006,441.6600000000006,441.6600000000006,441.6600000000006,441.6600000000006,441.6600000000006,441.6600000000006,441.6600000000006,441.6600000000006,441.6600000000006,441.6600000000006,441.6600000000006,441.6600000000006,441.6600000000006,441.6600000000006,441.6600000000006,441.6600000000006,441.6600000000006,441.6600000000006,441.6600000000006,441.6600000000006,441.6600000000006,441.6600000000006,441.6600000000006,441.6600000000006,441.6600000000006,441.6600000000006,441.6600000000006,441.6600000000006,441.6600000000006,441.6600000000006,441.6600000000006,441.6600000000006,441.6600000000006,441.6600000000006,441.6600000000006,441.6600000000006,441.6600000000006,441.6600000000006,441.6600000000006,441.6600000000006,441.6600000000006,441.6600000000006,441.6600000000006,441.6600000000006,441.6600000000006,441.6600000000006,441.6600000000006,441.6600000000006,441.6600000000006,441.6600000000006,441.6600000000006,441.6600000000006,441.6600000000006,441.6600000000006,441.6600000000006,441.6600000000006,441.6600000000006,441.6600000000006,441.6600000000006,441.6600000000006,441.6600000000006,441.6600000000006,441.6600000000006,441.6600000000006,441.6600000000006,441.6600000000006,441.6600000000006,441.6600000000006,441.6600000000006,441.6700000000006,441.6700000000006,441.6700000000006,441.6700000000006,441.6700000000006,441.6700000000006,441.6700000000006,441.6700000000006,441.6700000000006,441.6700000000006,441.6700000000006,438.84999999999957,441.6700000000006,438.84999999999957,441.6700000000006,438.84999999999957,441.6700000000006,438.84999999999957,441.6700000000006,438.84999999999957,438.84999999999957,438.84999999999957,442.0000000000006,442.0000000000006,442.0000000000006,442.0000000000006,442.0000000000006,442.0000000000006,442.0000000000006,442.0000000000006,442.0000000000006,442.0000000000006,442.0000000000006,442.0000000000006,442.0000000000006,442.0000000000006,442.0000000000006,442.0000000000006,442.0000000000006,442.0100000000006,442.0100000000006,442.0100000000006,442.0100000000006,442.0100000000006,442.0100000000006,442.0100000000006,442.0100000000006,442.0100000000006,442.0100000000006,442.0100000000006,442.0100000000006,442.0100000000006,442.0100000000006,442.0100000000006,442.0100000000006,442.0100000000006,442.0100000000006,439.12999999999965,442.35000000000065,442.35000000000065,442.35000000000065,442.35000000000065,442.35000000000065,442.35000000000065,442.35000000000065,442.35000000000065,442.35000000000065,442.35000000000065,442.35000000000065,442.35000000000065,442.35000000000065,442.35000000000065,442.35000000000065,442.35000000000065,442.35000000000065,442.35000000000065,442.35000000000065,442.35000000000065,442.35000000000065,442.35000000000065,442.35000000000065,442.35000000000065,442.35000000000065,442.35000000000065,442.35000000000065,442.35000000000065,442.35000000000065,442.35000000000065,442.35000000000065,439.4099999999996,439.4099999999996,439.4099999999996,439.4099999999996,439.4199999999996,439.4199999999996,439.6899999999996,442.6900000000007,442.6900000000007,442.6900000000007,442.6900000000007,442.6900000000007,442.6900000000007,442.6900000000007,442.6900000000007,442.6900000000007,442.6900000000007,442.6900000000007,442.6900000000007,442.6900000000007,442.6900000000007,442.6900000000007,442.6900000000007,442.6900000000007,442.6900000000007,442.6900000000007,442.6900000000007,442.6900000000007,442.6900000000007,442.6900000000007,442.6900000000007,442.6900000000007,442.6900000000007,442.6900000000007,442.6900000000007,442.6900000000007,442.6900000000007,442.6900000000007,442.6900000000007,442.6900000000007,442.6900000000007,442.6900000000007,442.6900000000007,442.6900000000007,442.6900000000007,442.6900000000007,442.6900000000007,442.6900000000007,442.6900000000007,442.6900000000007,442.6900000000007,442.6900000000007,442.6900000000007,442.6900000000007,442.7000000000008,442.7000000000008,442.7000000000008,442.7000000000008,442.7000000000008,442.7000000000008,442.7000000000008,442.7000000000008,442.7000000000008,442.7000000000008,442.7000000000008,442.7000000000008,442.7000000000008,442.7000000000008,442.7000000000008,442.7000000000008,442.7000000000008,442.7000000000008,442.7000000000008,442.7000000000008,442.7000000000008,442.7000000000008,442.7000000000008,442.7000000000008,442.7000000000008,442.7000000000008,442.7000000000008,442.7000000000008,442.7000000000008,442.7000000000008,442.7000000000008,442.7000000000008,442.7000000000008,442.7000000000008,442.7000000000008,442.7000000000008,442.7000000000008,442.7000000000008,442.7000000000008,442.7000000000008,442.7000000000008,442.7000000000008,442.7000000000008,442.7000000000008,442.7000000000008,442.7000000000008,442.7000000000008,442.7000000000008,442.7000000000008,442.7000000000008,442.7000000000008,442.7000000000008,442.7000000000008,442.7000000000008,442.7000000000008,442.7000000000008,442.7000000000008,442.7000000000008,442.7000000000008,442.7100000000008,442.7100000000008,442.7100000000008,442.7100000000008,442.7100000000008,442.7100000000008,442.7100000000008,442.7100000000008,442.7100000000008,442.7100000000008,442.7100000000008,442.7100000000008,442.7100000000008,442.7100000000008,442.7100000000008,442.7100000000008,442.7100000000008,442.7100000000008,442.7100000000008,439.6899999999996,442.7100000000008,442.7100000000008,442.7100000000008,439.9699999999996,443.0500000000008,443.0500000000008,443.0500000000008,443.0500000000008,443.0500000000008,443.0500000000008,443.0500000000008,443.0500000000008,443.0500000000008,443.0500000000008,443.0500000000008,443.0500000000008,443.0500000000008,443.0500000000008,443.0500000000008,443.0500000000008,443.0500000000008,443.0500000000008,443.0500000000008,443.0500000000008,443.0500000000008,443.0500000000008,443.0500000000008,443.0500000000008,443.0500000000008,443.0500000000008,443.0500000000008,443.0500000000008,443.0600000000009,443.0600000000009,443.0600000000009,443.0600000000009,443.0600000000009,443.0600000000009,443.0600000000009,443.0600000000009,443.0600000000009,443.0600000000009,443.0600000000009,443.0600000000009,443.0600000000009,443.0600000000009,443.0600000000009,443.0600000000009,443.0600000000009,443.0600000000009,443.0600000000009,443.0600000000009,443.0600000000009,443.0600000000009,443.0600000000009,443.0600000000009,443.0600000000009,443.0600000000009,443.0600000000009,443.0600000000009,443.0600000000009,443.0600000000009,443.0600000000009,443.0600000000009,443.0600000000009,443.0600000000009,443.0600000000009,443.0600000000009,443.0600000000009,443.0600000000009,443.0600000000009,443.0600000000009,443.0600000000009,443.0600000000009,443.0600000000009,443.0600000000009,443.0600000000009,443.0600000000009,443.0600000000009,443.0600000000009,443.0600000000009,443.0600000000009,443.0600000000009,443.0600000000009,443.0600000000009,443.0600000000009,443.0600000000009,443.0600000000009,443.0600000000009,443.0600000000009,443.0600000000009,443.0600000000009,443.0600000000009,443.0600000000009,443.0600000000009,443.0600000000009,443.0600000000009,443.0600000000009,443.0600000000009,443.0600000000009,443.0600000000009,443.0600000000009,443.0600000000009,443.0600000000009,443.0600000000009,443.0600000000009,443.0600000000009,443.0600000000009,443.0600000000009,443.0600000000009,439.9699999999996,443.0600000000009,439.9699999999996,443.0600000000009,439.9699999999996,443.0600000000009,439.9699999999996,443.0600000000009,439.9699999999996,443.0600000000009,443.070000000001,443.070000000001,443.070000000001,443.070000000001,443.070000000001,443.070000000001,443.070000000001,443.070000000001,443.070000000001,443.070000000001,443.070000000001,443.070000000001,443.070000000001,443.070000000001,443.070000000001,443.070000000001,443.070000000001,443.070000000001,443.070000000001,443.070000000001,443.070000000001,443.070000000001,443.070000000001,443.070000000001,443.070000000001,443.070000000001,443.070000000001,443.070000000001,443.070000000001,443.070000000001,443.070000000001,443.070000000001,443.070000000001,443.070000000001,443.070000000001,443.080000000001,443.080000000001,443.080000000001,443.080000000001,443.080000000001,443.080000000001,443.080000000001,443.080000000001,443.080000000001,443.080000000001,443.080000000001,443.080000000001,443.080000000001,443.080000000001,443.080000000001,443.080000000001,443.080000000001,443.080000000001,443.080000000001,443.080000000001,443.080000000001,443.080000000001,443.080000000001,443.080000000001,443.080000000001,443.080000000001,443.080000000001,443.080000000001,443.080000000001,443.080000000001,443.080000000001,443.080000000001,443.080000000001,443.080000000001,443.080000000001,443.080000000001,443.080000000001,443.080000000001,443.080000000001,443.080000000001,443.080000000001,443.080000000001,443.080000000001,443.080000000001,443.080000000001,443.080000000001,443.090000000001,443.090000000001,443.090000000001,443.090000000001,443.090000000001,443.090000000001,443.090000000001,443.090000000001,443.090000000001,443.090000000001,443.090000000001,443.090000000001,443.090000000001,443.090000000001,443.090000000001,443.090000000001,443.090000000001,443.090000000001,443.090000000001,439.9699999999996,439.9699999999996,439.9699999999996,439.9699999999996,439.9699999999996,443.4300000000009,443.4300000000009,443.4300000000009,443.4300000000009,443.4300000000009,443.4300000000009,443.4300000000009,443.4300000000009,443.4300000000009,443.4300000000009,443.4300000000009,443.4300000000009,443.4300000000009,443.4300000000009,443.4300000000009,443.4300000000009,443.4300000000009,440.24999999999966,443.4300000000009,440.24999999999966,443.4400000000009,440.24999999999966,443.4400000000009,443.4400000000009,443.4400000000009,443.4400000000009,443.4400000000009,443.4400000000009,443.4500000000009,443.4500000000009,443.4500000000009,443.4500000000009,443.4500000000009,443.4500000000009,443.4500000000009,443.4500000000009,443.4500000000009,443.4500000000009,443.4500000000009,443.4500000000009,443.4500000000009,443.4500000000009,443.4500000000009,443.4500000000009,443.4500000000009,443.4500000000009,443.4500000000009,443.4500000000009,443.4500000000009,443.4500000000009,443.4500000000009,443.4500000000009,443.4500000000009,443.4500000000009,443.4500000000009,443.4500000000009,443.4500000000009,443.4500000000009,443.4500000000009,443.4500000000009,443.4500000000009,443.4500000000009,443.4500000000009,443.4500000000009,443.4500000000009,443.4500000000009,443.4500000000009,443.4500000000009,443.4500000000009,443.4500000000009,443.4500000000009,443.4500000000009,443.4500000000009,443.4500000000009,443.4500000000009,443.4500000000009,443.4500000000009,443.4500000000009,443.4500000000009,443.4500000000009,443.4500000000009,443.4500000000009,443.4500000000009,443.4500000000009,443.4500000000009,443.4500000000009,443.4500000000009,443.4500000000009,443.4500000000009,443.4500000000009,443.4500000000009,443.4500000000009,443.4500000000009,443.4500000000009,443.4500000000009,443.4500000000009,443.4500000000009,443.4500000000009,443.4500000000009,443.4500000000009,443.4500000000009,443.4500000000009,443.4500000000009,443.4500000000009,443.4500000000009,443.4500000000009,443.4500000000009,443.4500000000009,443.4500000000009,443.4500000000009,443.4500000000009,443.4500000000009,443.4500000000009,443.4500000000009,443.4500000000009,443.4500000000009,443.4500000000009,443.4500000000009,443.4500000000009,443.4500000000009,443.4500000000009,443.4500000000009,443.4500000000009,443.4500000000009,443.4500000000009,443.4500000000009,443.4500000000009,443.4500000000009,443.4500000000009,443.4500000000009,443.4500000000009,443.4500000000009,443.4500000000009,443.4500000000009,443.4500000000009,443.4500000000009,443.4500000000009,443.4600000000009,443.4600000000009,443.4600000000009,443.4600000000009,443.4600000000009,443.4600000000009,443.4600000000009,443.4600000000009,443.4600000000009,443.4600000000009,443.4600000000009,443.4600000000009,443.4600000000009,443.4600000000009,443.4600000000009,443.4600000000009,443.4600000000009,443.4600000000009,443.4600000000009,443.4600000000009,443.4600000000009,443.4600000000009,443.4600000000009,443.4600000000009,443.4600000000009,443.4600000000009,443.4600000000009,443.4600000000009,443.4600000000009,440.52999999999963,443.4600000000009,443.4600000000009,443.4600000000009,443.4600000000009,443.4600000000009,443.4600000000009,443.4600000000009,443.4600000000009,443.4600000000009,443.4600000000009,443.4600000000009,443.4600000000009,443.4600000000009,443.4600000000009,443.4600000000009,443.4600000000009,443.4600000000009,443.4600000000009,443.4600000000009,443.4600000000009,443.4600000000009,443.4600000000009,443.4600000000009,443.4600000000009,443.4600000000009,443.4600000000009,443.4600000000009,443.4600000000009,443.4600000000009,443.4600000000009,443.4600000000009,443.4600000000009,443.4600000000009,443.4600000000009,443.4600000000009,443.4600000000009,443.4600000000009,443.4600000000009,443.4600000000009,443.4600000000009,443.4600000000009,443.4600000000009,443.4600000000009,443.4600000000009,443.4600000000009,443.4600000000009,443.4600000000009,443.4600000000009,443.4600000000009,443.4600000000009,443.4600000000009,443.4600000000009,443.4600000000009,440.52999999999963,440.52999999999963,443.8000000000009,443.8000000000009,443.8000000000009,443.8000000000009,443.8000000000009,443.8000000000009,443.8000000000009,443.8000000000009,443.8000000000009,443.8000000000009,443.8000000000009,443.8000000000009,443.8000000000009,443.8000000000009,443.8000000000009,443.8000000000009,443.8000000000009,443.8000000000009,440.8099999999996,440.8099999999996,440.8099999999996,440.8099999999996,440.8099999999996,444.14000000000095,444.14000000000095,444.14000000000095,444.14000000000095,444.14000000000095,444.14000000000095,444.14000000000095,444.14000000000095,444.14000000000095,444.14000000000095,444.14000000000095,444.14000000000095,444.14000000000095,444.14000000000095,444.14000000000095,444.14000000000095,444.14000000000095,444.14000000000095,440.8099999999996,444.14000000000095,444.14000000000095,444.14000000000095,444.14000000000095,444.14000000000095,444.14000000000095,444.14000000000095,444.14000000000095,444.14000000000095,444.14000000000095,444.14000000000095,444.14000000000095,444.14000000000095,444.14000000000095,444.14000000000095,444.14000000000095,444.14000000000095,444.14000000000095,444.14000000000095,444.14000000000095,444.14000000000095,444.14000000000095,444.14000000000095,444.14000000000095,444.14000000000095,444.14000000000095,444.14000000000095,444.14000000000095,444.14000000000095,444.14000000000095,444.14000000000095,444.14000000000095,444.14000000000095,444.14000000000095,444.15000000000094,444.15000000000094,444.15000000000094,444.15000000000094,444.15000000000094,444.15000000000094,444.15000000000094,444.16000000000093,444.16000000000093,444.16000000000093,444.16000000000093,444.16000000000093,444.16000000000093,441.0899999999996,441.0899999999996,441.0899999999996,444.50000000000097,444.50000000000097,444.50000000000097,444.50000000000097,444.50000000000097,444.50000000000097,444.50000000000097,444.50000000000097,444.50000000000097,444.50000000000097,444.50000000000097,444.50000000000097,444.50000000000097,444.50000000000097,444.50000000000097,444.51000000000096,444.51000000000096,444.51000000000096,444.51000000000096,444.51000000000096,444.51000000000096,444.51000000000096,444.51000000000096,444.51000000000096,444.51000000000096,444.51000000000096,444.51000000000096,444.51000000000096,444.51000000000096,444.51000000000096,444.51000000000096,444.51000000000096,444.51000000000096,444.51000000000096,444.51000000000096,444.51000000000096,444.51000000000096,444.51000000000096,444.51000000000096,444.51000000000096,444.51000000000096,444.51000000000096,444.51000000000096,444.51000000000096,444.51000000000096,444.51000000000096,444.51000000000096,444.51000000000096,444.51000000000096,444.51000000000096,444.51000000000096,444.51000000000096,444.51000000000096,444.51000000000096,444.51000000000096,444.51000000000096,444.51000000000096,444.51000000000096,444.51000000000096,444.51000000000096,444.51000000000096,444.51000000000096,444.51000000000096,444.51000000000096,444.51000000000096,444.51000000000096,444.51000000000096,444.51000000000096,441.0899999999996,444.51000000000096,441.0899999999996,444.51000000000096,441.0899999999996,444.51000000000096,441.0899999999996,444.51000000000096,444.51000000000096,444.51000000000096,444.51000000000096,444.51000000000096,444.51000000000096,444.51000000000096,444.51000000000096,444.51000000000096,444.51000000000096,444.51000000000096,444.51000000000096,444.51000000000096,444.51000000000096,444.51000000000096,444.51000000000096,444.51000000000096,444.51000000000096,444.51000000000096,444.51000000000096,444.51000000000096,444.51000000000096,444.51000000000096,444.51000000000096,444.52000000000095,444.52000000000095,444.52000000000095,444.52000000000095,444.52000000000095,444.52000000000095,444.52000000000095,444.52000000000095,444.52000000000095,444.52000000000095,444.52000000000095,444.52000000000095,444.52000000000095,444.52000000000095,444.52000000000095,444.52000000000095,444.52000000000095,444.52000000000095,444.52000000000095,444.52000000000095,444.52000000000095,444.52000000000095,444.52000000000095,444.52000000000095,444.52000000000095,444.52000000000095,444.52000000000095,444.52000000000095,444.52000000000095,444.52000000000095,444.52000000000095,444.52000000000095,444.52000000000095,444.52000000000095,444.52000000000095,444.52000000000095,444.52000000000095,444.52000000000095,444.52000000000095,444.52000000000095,444.52000000000095,444.52000000000095,444.52000000000095,444.52000000000095,444.52000000000095,444.52000000000095,444.52000000000095,444.52000000000095,444.52000000000095,444.52000000000095,444.52000000000095,444.52000000000095,444.52000000000095,444.52000000000095,444.52000000000095,444.52000000000095,444.52000000000095,444.52000000000095,444.52000000000095,444.52000000000095,444.52000000000095,444.52000000000095,444.52000000000095,444.52000000000095,444.52000000000095,444.52000000000095,444.52000000000095,444.52000000000095,444.52000000000095,444.52000000000095,444.52000000000095,444.52000000000095,444.52000000000095,444.52000000000095,444.52000000000095,444.52000000000095,444.52000000000095,444.52000000000095,444.52000000000095,444.52000000000095,444.52000000000095,444.52000000000095,444.52000000000095,444.52000000000095,444.52000000000095,444.52000000000095,444.52000000000095,444.52000000000095,444.52000000000095,444.52000000000095,444.52000000000095,444.52000000000095,444.52000000000095,444.52000000000095,444.52000000000095,444.53000000000105,444.53000000000105,444.53000000000105,444.53000000000105,444.53000000000105,444.53000000000105,444.53000000000105,444.53000000000105,444.53000000000105,444.53000000000105,444.53000000000105,444.53000000000105,444.53000000000105,444.53000000000105,444.53000000000105,444.53000000000105,444.53000000000105,444.53000000000105,441.36999999999966,444.53000000000105,441.36999999999966,444.53000000000105,441.36999999999966,444.53000000000105,441.36999999999966,444.53000000000105,444.53000000000105,444.53000000000105,444.53000000000105,444.53000000000105,444.53000000000105,444.53000000000105,444.53000000000105,444.53000000000105,444.53000000000105,444.53000000000105,444.53000000000105,444.53000000000105,444.53000000000105,444.53000000000105,444.53000000000105,444.53000000000105,444.53000000000105,444.53000000000105,444.53000000000105,444.53000000000105,444.53000000000105,444.53000000000105,444.53000000000105,444.53000000000105,444.53000000000105,444.53000000000105,444.53000000000105,444.53000000000105,444.53000000000105,444.53000000000105,444.53000000000105,444.53000000000105,444.53000000000105,444.53000000000105,444.53000000000105,444.53000000000105,444.53000000000105,444.53000000000105,444.53000000000105,444.53000000000105,444.53000000000105,444.53000000000105,444.53000000000105,444.53000000000105,444.53000000000105,444.53000000000105,444.53000000000105,444.53000000000105,444.53000000000105,444.53000000000105,444.53000000000105,444.53000000000105,444.53000000000105,444.53000000000105,444.53000000000105,444.53000000000105,444.53000000000105,444.53000000000105,444.53000000000105,444.53000000000105,444.53000000000105,444.53000000000105,444.53000000000105,444.53000000000105,444.53000000000105,444.53000000000105,444.53000000000105,444.53000000000105,444.53000000000105,444.53000000000105,444.53000000000105,444.53000000000105,444.53000000000105,444.53000000000105,444.53000000000105,444.53000000000105,444.53000000000105,444.53000000000105,444.53000000000105,444.53000000000105,444.53000000000105,444.53000000000105,444.53000000000105,444.53000000000105,444.53000000000105,444.53000000000105,444.53000000000105,444.53000000000105,444.53000000000105,444.53000000000105,444.53000000000105,444.53000000000105,444.53000000000105,444.53000000000105,444.53000000000105,444.53000000000105,444.53000000000105,444.53000000000105,444.53000000000105,444.53000000000105,444.53000000000105,444.53000000000105,444.53000000000105,444.53000000000105,444.53000000000105,444.53000000000105,444.53000000000105,444.53000000000105,444.53000000000105,444.53000000000105,444.53000000000105,444.53000000000105,444.53000000000105,444.53000000000105,444.53000000000105,444.53000000000105,444.53000000000105,444.53000000000105,444.53000000000105,444.53000000000105,444.53000000000105,444.53000000000105,444.53000000000105,444.53000000000105,444.53000000000105,444.53000000000105,444.53000000000105,444.53000000000105,444.53000000000105,444.53000000000105,444.53000000000105,444.53000000000105,444.53000000000105,444.53000000000105,444.53000000000105,444.53000000000105,444.53000000000105,444.53000000000105,444.53000000000105,444.53000000000105,441.36999999999966,441.36999999999966,441.6599999999996,441.6599999999996,444.8700000000011,444.8700000000011,444.8700000000011,444.8700000000011,444.8700000000011,444.8700000000011,444.8700000000011,444.8700000000011,444.8700000000011,444.8700000000011,444.8700000000011,444.8700000000011,444.8700000000011,444.8700000000011,444.8700000000011,444.8700000000011,444.8700000000011,444.8700000000011,444.8700000000011,444.8700000000011,444.8700000000011,444.8700000000011,444.8700000000011,444.8700000000011,444.8700000000011,444.8700000000011,444.8700000000011,444.8700000000011,444.8700000000011,444.8700000000011,444.8700000000011,444.8700000000011,444.8700000000011,444.8700000000011,444.8700000000011,444.8700000000011,444.8700000000011,444.8700000000011,444.8700000000011,444.8700000000011,444.8700000000011,444.8700000000011,444.8700000000011,444.8700000000011,444.8700000000011,444.8700000000011,444.8700000000011,444.8700000000011,444.8700000000011,444.8700000000011,444.8700000000011,444.8700000000011,444.8700000000011,444.8700000000011,444.8700000000011,444.8700000000011,444.8700000000011,444.8700000000011,444.8700000000011,444.8700000000011,444.8700000000011,444.8700000000011,444.8700000000011,444.8700000000011,444.8700000000011,444.8700000000011,444.8700000000011,444.8700000000011,444.8700000000011,444.8700000000011,444.8700000000011,444.8700000000011,444.8700000000011,444.8700000000011,444.8700000000011,444.8700000000011,444.8700000000011,444.8700000000011,444.8700000000011,444.8700000000011,444.8700000000011,444.8700000000011,444.8700000000011,444.8700000000011,444.8700000000011,444.8700000000011,444.8700000000011,444.8700000000011,444.8700000000011,444.8700000000011,444.8700000000011,444.8700000000011,444.8700000000011,444.8700000000011,444.8700000000011,444.8700000000011,444.8700000000011,444.8700000000011,444.8700000000011,444.8700000000011,444.8700000000011,444.8700000000011,444.8700000000011,444.8700000000011,444.8700000000011,444.8700000000011,444.8700000000011,444.8700000000011,444.8800000000012,444.8800000000012,444.8800000000012,444.8800000000012,444.8800000000012,444.8800000000012,444.8800000000012,444.8800000000012,444.8800000000012,441.6599999999996,444.8800000000012,441.6599999999996,444.8800000000012,441.6599999999996,444.8800000000012,441.6599999999996,444.8800000000012,441.6599999999996,444.8800000000012,441.6599999999996,444.8800000000012,441.6599999999996,444.8800000000012,441.6599999999996,444.8800000000012,441.6599999999996,444.8800000000012,441.6599999999996,444.8800000000012,441.6599999999996,444.8800000000012,444.8800000000012,444.8800000000012,444.8800000000012,444.8800000000012,444.8800000000012,444.8800000000012,444.8800000000012,444.8800000000012,444.8800000000012,444.8800000000012,444.8800000000012,444.8800000000012,444.8800000000012,444.8800000000012,444.8800000000012,444.8800000000012,444.8800000000012,444.8800000000012,444.8800000000012,444.8800000000012,444.8800000000012,444.8800000000012,444.8800000000012,444.8800000000012,444.8800000000012,444.8800000000012,444.8800000000012,444.8800000000012,444.8800000000012,444.8800000000012,444.8800000000012,444.8800000000012,444.8800000000012,444.8800000000012,444.8900000000012,444.8900000000012,444.8900000000012,444.8900000000012,444.8900000000012,444.8900000000012,444.8900000000012,444.8900000000012,444.8900000000012,444.8900000000012,444.8900000000012,444.8900000000012,444.8900000000012,444.8900000000012,444.90000000000117,444.90000000000117,444.90000000000117,444.90000000000117,444.90000000000117,444.90000000000117,444.90000000000117,444.90000000000117,444.90000000000117,444.90000000000117,444.90000000000117,444.90000000000117,444.90000000000117,444.90000000000117,444.90000000000117,444.90000000000117,444.90000000000117,444.90000000000117,444.90000000000117,444.90000000000117,444.90000000000117,444.90000000000117,444.90000000000117,444.90000000000117,444.90000000000117,444.90000000000117,444.90000000000117,444.90000000000117,444.90000000000117,444.90000000000117,444.90000000000117,444.90000000000117,444.90000000000117,444.90000000000117,444.90000000000117,444.90000000000117,444.90000000000117,444.90000000000117,444.90000000000117,444.90000000000117,444.90000000000117,444.90000000000117,444.90000000000117,444.90000000000117,444.90000000000117,444.90000000000117,444.90000000000117,444.90000000000117,444.90000000000117,444.90000000000117,444.90000000000117,444.90000000000117,444.90000000000117,444.90000000000117,444.91000000000116,444.91000000000116,444.91000000000116,444.91000000000116,444.91000000000116,444.91000000000116,444.91000000000116,444.91000000000116,444.91000000000116,444.91000000000116,444.91000000000116,444.91000000000116,444.91000000000116,444.91000000000116,444.91000000000116,444.91000000000116,444.91000000000116,444.91000000000116,444.91000000000116,444.91000000000116,444.91000000000116,444.91000000000116,444.91000000000116,444.91000000000116,444.91000000000116,444.91000000000116,444.91000000000116,441.6599999999996,441.6599999999996,441.9399999999996,441.9399999999996,445.2500000000012,445.2500000000012,445.2500000000012,445.2500000000012,445.2500000000012,445.2500000000012,445.2500000000012,445.2500000000012,445.2500000000012,445.2500000000012,445.2600000000012,445.2600000000012,445.2600000000012,445.2600000000012,445.2600000000012,445.2600000000012,445.2600000000012,445.2600000000012,445.2600000000012,445.2600000000012,445.2600000000012,445.2600000000012,445.2600000000012,445.2600000000012,445.2600000000012,445.2600000000012,445.2600000000012,445.2600000000012,445.2600000000012,445.2600000000012,445.2600000000012,445.2600000000012,445.2600000000012,445.2600000000012,445.2600000000012,445.2600000000012,445.2600000000012,445.2600000000012,445.2600000000012,445.2600000000012,445.2600000000012,445.2600000000012,445.2600000000012,445.2600000000012,445.2600000000012,445.2600000000012,445.2600000000012,445.2600000000012,445.2600000000012,445.2600000000012,445.2600000000012,445.2600000000012,445.2600000000012,445.2600000000012,445.2600000000012,445.2600000000012,445.2600000000012,445.2600000000012,445.2600000000012,445.2600000000012,445.2600000000012,445.2600000000012,445.2600000000012,445.2600000000012,445.2600000000012,445.2600000000012,445.2600000000012,445.2600000000012,445.2700000000012,445.2700000000012,445.2700000000012,445.2700000000012,445.2700000000012,445.2700000000012,445.2700000000012,445.2700000000012,445.2700000000012,445.2700000000012,445.2700000000012,445.2700000000012,445.2700000000012,445.2700000000012,445.2700000000012,445.2700000000012,445.2700000000012,445.2700000000012,445.2700000000012,445.2700000000012,445.2700000000012,445.2700000000012,445.2700000000012,445.2700000000012,445.2700000000012,445.2700000000012,445.2700000000012,445.2700000000012,445.2700000000012,445.2700000000012,445.2700000000012,445.2700000000012,445.2700000000012,445.2700000000012,445.2700000000012,445.2700000000012,445.2700000000012,445.2700000000012,445.2700000000012,445.2700000000012,445.2700000000012,445.2700000000012,445.2800000000013,445.2800000000013,445.2800000000013,445.2800000000013,445.2800000000013,445.2800000000013,445.2800000000013,445.2800000000013,445.2800000000013,445.2800000000013,442.2299999999997,442.2299999999997,442.2299999999997,445.6200000000012,445.6200000000012,445.6200000000012,445.6200000000012,445.6200000000012,445.6200000000012,445.6200000000012,445.6200000000012,445.6200000000012,445.6200000000012,445.6200000000012,445.6200000000012,445.6200000000012,445.6200000000012,445.6200000000012,445.6200000000012,445.6200000000012,445.6200000000012,445.6200000000012,445.6200000000012,445.6200000000012,445.6200000000012,445.6200000000012,445.6200000000012,445.6200000000012,445.6200000000012,445.6200000000012,445.6200000000012,445.6200000000012,445.6200000000012,445.6200000000012,445.6200000000012,445.6200000000012,445.6200000000012,445.6200000000012,445.6200000000012,445.6200000000012,445.6200000000012,445.6200000000012,445.6200000000012,445.6200000000012,445.6200000000012,445.6200000000012,445.6200000000012,445.6200000000012,445.6200000000012,445.6200000000012,445.6200000000012,445.6200000000012,445.6200000000012,445.6200000000012,445.6200000000012,445.6200000000012,445.6200000000012,445.6200000000012,445.6200000000012,445.6200000000012,445.6200000000012,445.6200000000012,445.6200000000012,445.6200000000012,445.6200000000012,445.6200000000012,445.6200000000012,445.6200000000012,445.6200000000012,445.6200000000012,445.6200000000012,445.6200000000012,445.6200000000012,445.6200000000012,445.6200000000012,445.6200000000012,442.2299999999997,445.96000000000123,445.96000000000123,445.96000000000123,445.96000000000123,445.96000000000123,445.96000000000123,445.96000000000123,445.96000000000123,445.96000000000123,445.96000000000123,445.96000000000123,445.96000000000123,445.96000000000123,445.96000000000123,445.96000000000123,445.96000000000123,445.96000000000123,442.50999999999965,445.96000000000123,442.50999999999965,445.96000000000123,445.96000000000123,445.96000000000123,445.96000000000123,445.96000000000123,445.96000000000123,
445.96000000000123,445.96000000000123,445.9700000000012,445.9700000000012,445.9700000000012,445.9700000000012,445.9700000000012,445.9700000000012,445.9700000000012,445.9700000000012,445.9700000000012,445.9700000000012,445.9700000000012,445.9700000000012,445.9700000000012,445.9700000000012,445.9700000000012,445.9700000000012,445.9700000000012,445.9800000000012,445.9800000000012,445.9800000000012,445.9900000000012,445.9900000000012,445.9900000000012,445.9900000000012,445.9900000000012,445.9900000000012,445.9900000000012,445.9900000000012,445.9900000000012,446.0000000000012,446.0000000000012,446.0000000000012,446.0000000000012,446.0100000000012,446.0100000000012,446.0100000000012,446.0200000000012,446.0200000000012,446.0200000000012,446.03000000000117,446.03000000000117,446.04000000000116,446.04000000000116,446.04000000000116,446.05000000000126,446.06000000000125,446.06000000000125,446.06000000000125,446.08000000000123,446.0900000000012,446.0900000000012,446.0900000000012,446.0900000000012,446.1100000000012,446.1100000000012,446.1100000000012,442.78999999999974,442.78999999999974,442.78999999999974,442.78999999999974,442.78999999999974,442.78999999999974,446.1300000000012,446.1500000000013,446.1500000000013,446.20000000000124,446.2200000000012,446.2200000000012,446.2400000000012,446.2800000000013,446.30000000000126,446.30000000000126,446.30000000000126,446.30000000000126,446.30000000000126,446.30000000000126,446.30000000000126,446.30000000000126,446.30000000000126,446.30000000000126,446.32000000000124,446.3400000000012,446.3400000000012,446.3400000000012,446.3400000000012,446.3400000000012,446.3700000000013,446.4100000000013,446.4100000000013,446.4100000000013,446.43000000000126,446.45000000000124,446.45000000000124,446.47000000000133,446.5000000000013,446.5200000000013,446.5200000000013,446.5200000000013,446.57000000000124,446.60000000000133,443.36999999999966,443.36999999999966,443.36999999999966,446.6200000000013,446.6200000000013,446.67000000000127,446.7300000000013,446.7600000000013,446.7600000000013,446.7600000000013,446.7600000000013,446.79000000000127,446.79000000000127,446.80000000000126,446.8800000000013,446.8800000000013,446.8800000000013,446.8800000000013,443.36999999999966,446.8800000000013,443.36999999999966,443.36999999999966,443.36999999999966,446.9100000000013,446.9100000000013,446.94000000000136,446.94000000000136,446.94000000000136,447.0100000000013,447.0100000000013,447.1400000000013,447.1400000000013,443.64999999999964,443.64999999999964,443.64999999999964,447.1700000000014,447.21000000000134,447.2800000000013,447.2800000000013,447.32000000000136,447.32000000000136,447.32000000000136,447.3600000000013,447.3600000000013,447.3600000000013,447.3600000000013,447.3600000000013,447.4000000000014,443.9399999999996,443.9399999999996,443.9399999999996,443.9399999999996,447.43000000000137,447.5500000000014,447.6300000000014,447.6300000000014,447.6300000000014,444.2299999999997,444.2299999999997,444.2299999999997,444.2299999999997,444.2299999999997,444.2299999999997,444.2299999999997,444.2299999999997,447.6700000000014,447.6700000000014,447.6700000000014,447.6700000000014,447.72000000000145,447.72000000000145,447.7600000000014,447.7600000000014,447.8000000000014,447.8000000000014,447.8000000000014,444.51999999999964,447.8000000000014,447.8000000000014,447.84000000000134,447.84000000000134,447.8900000000013,447.94000000000136,447.9800000000013,448.0300000000013,448.0300000000013,444.8099999999996,448.08000000000135,448.08000000000135,448.08000000000135,448.08000000000135,448.1300000000013,448.1300000000013,448.1300000000013,448.1300000000013,448.1300000000013,448.1700000000014,448.1700000000014,448.1700000000014,448.22000000000133,444.8099999999996,444.8099999999996,444.8099999999996,448.2700000000013,448.2700000000013,448.2700000000013,448.33000000000135,448.33000000000135,448.3800000000013,448.3800000000013,448.43000000000126,448.4800000000013,448.4800000000013,448.4800000000013,448.4800000000013,448.4800000000013,448.4800000000013,448.4800000000013,448.4800000000013,445.09999999999957,448.59000000000134,448.59000000000134,448.59000000000134,448.6400000000013,448.6400000000013,448.7400000000013,445.39999999999964,445.39999999999964,448.8500000000012,448.8500000000012,449.0100000000013,449.07000000000124,449.1300000000013,449.1300000000013,449.1300000000013,449.18000000000126,449.2400000000013,449.30000000000126,449.3600000000013,449.3600000000013,449.3600000000013,449.3700000000013,446.00999999999965,446.00999999999965,446.00999999999965,446.00999999999965,449.43000000000126,449.60000000000133,449.6600000000013,449.6600000000013,449.6600000000013,449.6600000000013,449.6600000000013,449.6600000000013,449.6600000000013,446.00999999999965,449.6600000000013,449.6600000000013,449.6600000000013,449.7800000000013,449.9100000000013,446.3199999999997,446.3199999999997,446.3199999999997,446.3199999999997,449.97000000000133,446.3199999999997,446.3199999999997,449.97000000000133,450.04000000000127,450.04000000000127,450.17000000000127,450.2400000000013,450.2400000000013,446.3199999999997,446.3199999999997,450.30000000000126,450.30000000000126,450.30000000000126,450.3600000000013,450.43000000000126,450.43000000000126,450.43000000000126,450.43000000000126,450.43000000000126,446.6199999999998,446.6199999999998,450.5000000000013,450.56000000000125,450.56000000000125,450.70000000000124,446.90999999999974,446.90999999999974,446.90999999999974,450.7700000000013,446.90999999999974,450.7700000000013,446.90999999999974,450.7700000000013,446.90999999999974,450.7700000000013,450.7700000000013,450.84000000000134,450.9100000000013,450.9800000000013,451.05000000000126,447.1999999999997,451.05000000000126,447.1999999999997,451.05000000000126,451.05000000000126,451.1200000000013,451.19000000000125,451.2700000000013,451.2700000000013,451.2700000000013,447.1999999999997,447.1999999999997,447.1999999999997,447.1999999999997,451.35000000000133,447.1999999999997,447.1999999999997,447.1999999999997,447.1999999999997,447.1999999999997,447.1999999999997,447.1999999999997,447.2099999999997,447.2099999999997,447.2099999999997,447.2099999999997,447.2099999999997,447.2099999999997,447.2099999999997,447.2099999999997,447.2099999999997,447.2099999999997,447.2099999999997,447.2099999999997,447.2099999999997,447.2099999999997,447.2099999999997,451.42000000000127,451.5000000000013,451.5000000000013,451.5000000000013,451.58000000000135,451.58000000000135,451.58000000000135,451.58000000000135,451.58000000000135,451.6500000000013,451.6500000000013,451.6500000000013,451.6500000000013,447.50999999999965,447.50999999999965,447.50999999999965,447.50999999999965,447.50999999999965,447.50999999999965,447.50999999999965,447.50999999999965,447.50999999999965,447.50999999999965,447.50999999999965,447.50999999999965,447.50999999999965,447.50999999999965,447.50999999999965,447.50999999999965,447.50999999999965,447.50999999999965,447.50999999999965,451.7300000000013,451.7300000000013,451.7300000000013,451.7300000000013,451.7300000000013,451.7400000000013,451.7400000000013,451.7400000000013,451.8900000000013,451.97000000000133,447.8099999999996,447.8099999999996,447.8099999999996,447.8099999999996,447.8099999999996,447.8099999999996,447.8099999999996,447.8099999999996,447.8099999999996,447.8099999999996,447.8099999999996,447.8099999999996,447.8099999999996,452.1300000000013,452.29000000000127,447.8099999999996,447.8099999999996,447.8099999999996,447.8199999999996,447.8199999999996,452.45000000000135,452.5300000000013,452.5300000000013,452.5300000000013,448.10999999999956,448.10999999999956,448.10999999999956,452.6100000000013,448.10999999999956,452.6100000000013,452.6100000000013,452.6100000000013,452.6100000000013,452.6100000000013,452.6100000000013,452.69000000000136,452.69000000000136,448.3999999999995,448.3999999999995,448.3999999999995,448.3999999999995,452.94000000000136,452.94000000000136,452.94000000000136,453.0200000000014,448.6999999999996,453.19000000000136,448.6999999999996,448.6999999999996,448.6999999999996,448.6999999999996,448.6999999999996,448.6999999999996,448.6999999999996,448.6999999999996,448.6999999999996,448.6999999999996,448.6999999999996,448.6999999999996,448.6999999999996,448.6999999999996,448.6999999999996,448.6999999999996,448.6999999999996,448.6999999999996,448.6999999999996,448.6999999999996,448.7099999999996,448.7099999999996,448.7099999999996,448.7099999999996,448.7099999999996,453.2800000000014,453.2800000000014,453.3700000000013,453.45000000000135,453.5400000000014,449.01999999999964,449.01999999999964,449.01999999999964,449.01999999999964,449.01999999999964,449.01999999999964,449.01999999999964,449.01999999999964,449.01999999999964,449.01999999999964,449.01999999999964,449.01999999999964,449.01999999999964,449.01999999999964,449.01999999999964,453.6300000000013,453.72000000000133,453.72000000000133,449.3299999999996,449.3299999999996,449.3299999999996,449.3299999999996,449.3299999999996,449.3299999999996,449.3299999999996,449.3299999999996,449.3299999999996,449.3299999999996,449.3299999999996,449.3299999999996,449.3299999999996,449.3299999999996,449.3299999999996,449.3299999999996,449.3299999999996,453.8900000000013,453.8900000000013,453.9800000000013,454.07000000000136,454.07000000000136,454.07000000000136,454.07000000000136,454.07000000000136,449.63999999999965,449.63999999999965,454.1600000000014,449.63999999999965,449.63999999999965,449.63999999999965,449.63999999999965,449.63999999999965,454.34000000000134,454.34000000000134,454.43000000000137,454.5200000000013,454.5200000000013,454.5200000000013,454.5200000000013,449.9499999999996,449.9499999999996,449.9499999999996,449.9499999999996,449.9499999999996,449.9499999999996,449.9499999999996,449.9499999999996,449.9499999999996,449.9499999999996,449.9499999999996,449.9499999999996,454.5200000000013,454.5200000000013,454.6200000000013,454.71000000000123,450.25999999999965,450.25999999999965,450.25999999999965,454.80000000000126,454.80000000000126,454.80000000000126,454.80000000000126,454.80000000000126,454.80000000000126,454.80000000000126,454.80000000000126,454.80000000000126,454.80000000000126,450.26999999999964,450.26999999999964,454.9000000000013,455.0000000000012,455.0000000000012,455.1000000000012,455.1000000000012,450.5799999999997,450.5799999999997,450.5799999999997,450.5799999999997,450.5799999999997,450.5799999999997,450.5799999999997,450.5799999999997,450.5799999999997,450.5799999999997,450.5799999999997,450.5799999999997,450.5799999999997,450.5799999999997,450.5799999999997,450.5799999999997,450.5799999999997,450.5799999999997,450.5799999999997,450.5799999999997,450.5799999999997,450.5799999999997,455.20000000000124,450.5799999999997,450.5799999999997,450.5799999999997,450.5799999999997,450.5799999999997,450.5799999999997,450.5799999999997,450.5799999999997,450.5799999999997,450.5799999999997,450.5799999999997,450.5799999999997,450.5799999999997,450.5799999999997,450.5799999999997,450.5799999999997,450.5799999999997,450.5799999999997,450.5799999999997,450.5799999999997,450.5799999999997,450.5799999999997,450.5799999999997,450.5799999999997,450.5799999999997,450.5799999999997,455.4000000000013,455.4000000000013,455.4000000000013,450.88999999999976,450.88999999999976,450.88999999999976,455.4000000000013,455.4000000000013,455.4000000000013,455.4000000000013,455.4000000000013,455.4000000000013,455.5000000000013,455.5000000000013,455.5000000000013,455.5000000000013,455.5000000000013,455.5000000000013,455.5000000000013,451.1899999999997,455.5000000000013,455.70000000000135,455.70000000000135,451.4899999999998,455.9000000000013,455.9000000000013,455.9000000000013,455.9000000000013,451.7999999999997,451.7999999999997,451.7999999999997,451.7999999999997,451.7999999999997,451.7999999999997,451.7999999999997,451.7999999999997,456.1200000000013,456.2300000000013,456.2300000000013,456.2300000000013,456.2300000000013,456.2300000000013,456.2300000000013,452.1099999999998,452.1099999999998,452.1099999999998,452.1099999999998,452.1099999999998,452.1199999999998,452.1199999999998,452.1199999999998,452.1199999999998,456.44000000000136,456.44000000000136,456.5400000000014,456.5400000000014,456.5400000000014,452.4299999999997,452.4299999999997,456.6500000000014,456.6500000000014,456.6500000000014,456.6500000000014,452.7399999999998,452.7399999999998,452.7399999999998,452.7399999999998,452.7399999999998,452.7399999999998,452.7399999999998,452.7399999999998,452.7399999999998,452.7399999999998,452.7399999999998,452.7399999999998,452.7399999999998,456.7600000000014,456.98000000000144,456.98000000000144,456.98000000000144,453.0499999999997,453.0499999999997,457.09000000000145,457.20000000000147,457.3100000000015,453.3599999999998,453.3599999999998,453.3599999999998,453.3599999999998,453.3599999999998,453.3599999999998,453.3599999999998,453.3599999999998,453.3599999999998,453.3599999999998,453.3599999999998,453.3699999999998,453.3699999999998,453.3699999999998,453.3699999999998,453.3699999999998,453.3699999999998,453.3699999999998,453.3699999999998,453.3699999999998,457.4200000000015,457.4200000000015,457.4200000000015,457.4200000000015,457.4200000000015,457.4200000000015,457.4200000000015,457.5300000000015,457.6500000000015,453.6899999999998,453.6899999999998,453.6899999999998,453.6899999999998,453.6899999999998,453.6899999999998,453.6899999999998,453.6899999999998,453.6899999999998,453.6899999999998,453.6899999999998,457.7600000000014,457.8700000000014,454.01999999999975,454.01999999999975,458.09000000000145,458.09000000000145,458.09000000000145,458.09000000000145,458.09000000000145,458.09000000000145,458.09000000000145,458.09000000000145,458.09000000000145,454.3399999999998,454.3399999999998,454.3399999999998,454.3399999999998,454.3399999999998,454.3399999999998,454.3399999999998,454.3399999999998,454.3399999999998,454.3399999999998,458.20000000000147,458.20000000000147,458.20000000000147,458.3100000000015,458.32000000000147,454.64999999999986,458.32000000000147,454.64999999999986,458.33000000000146,454.64999999999986,458.4400000000015,454.9699999999998,454.9699999999998,454.9699999999998,454.9699999999998,454.9699999999998,454.9699999999998,454.9699999999998,454.9699999999998,454.9699999999998,454.9699999999998,458.5600000000015,458.5600000000015,458.6800000000015,458.8000000000015,455.29999999999984,455.29999999999984,455.29999999999984,455.29999999999984,455.29999999999984,455.29999999999984,455.29999999999984,455.29999999999984,455.29999999999984,458.9100000000015,458.9100000000015,459.0300000000015,459.0300000000015,459.0300000000015,459.0300000000015,459.0300000000015,459.0300000000015,455.6199999999999,455.6199999999999,455.6199999999999,455.6199999999999,455.6199999999999,459.1500000000015,459.3900000000015,459.3900000000015,459.3900000000015,455.92999999999984,455.92999999999984,455.92999999999984,455.92999999999984,455.92999999999984,455.92999999999984,459.5100000000015,459.63000000000153,459.63000000000153,459.63000000000153,459.63000000000153,459.63000000000153,456.2499999999999,456.2499999999999,456.2499999999999,456.2499999999999,456.2499999999999,456.2499999999999,456.2499999999999,456.2499999999999,456.2499999999999,456.2499999999999,456.2499999999999,456.2499999999999,456.2499999999999,456.2499999999999,456.2499999999999,456.2499999999999,456.2499999999999,456.2499999999999,456.2499999999999,456.2499999999999,456.2499999999999,456.2499999999999,456.2599999999999,456.2599999999999,456.2599999999999,456.2599999999999,456.2599999999999,456.2599999999999,459.88000000000153,459.88000000000153,459.88000000000153,459.88000000000153,460.00000000000153,460.00000000000153,460.00000000000153,460.00000000000153,460.00000000000153,460.00000000000153,460.00000000000153,456.5799999999999,460.13000000000153,460.13000000000153,456.89999999999986,456.89999999999986,456.89999999999986,456.89999999999986,460.25000000000153,460.38000000000153,460.38000000000153,457.2199999999999,457.2199999999999,457.2199999999999,457.2199999999999,457.2199999999999,460.63000000000153,460.63000000000153,460.63000000000153,460.63000000000153,460.63000000000153,460.7600000000015,457.52999999999986,457.52999999999986,457.52999999999986,457.52999999999986,457.52999999999986,457.52999999999986,457.52999999999986,457.52999999999986,457.52999999999986,457.52999999999986,460.8900000000015,457.52999999999986,457.52999999999986,460.8900000000015,457.52999999999986,460.8900000000015,457.52999999999986,460.9000000000015,457.52999999999986,457.52999999999986,460.9000000000015,457.52999999999986,457.52999999999986,457.52999999999986,457.52999999999986,457.52999999999986,457.52999999999986,457.52999999999986,457.52999999999986,457.52999999999986,457.52999999999986,457.52999999999986,457.52999999999986,457.52999999999986,457.52999999999986,457.52999999999986,457.52999999999986,457.52999999999986,457.52999999999986,457.52999999999986,457.52999999999986,457.52999999999986,457.52999999999986,457.52999999999986,457.52999999999986,457.52999999999986,457.52999999999986,461.1600000000015,461.1600000000015,457.52999999999986,457.52999999999986,457.52999999999986,457.52999999999986,457.52999999999986,461.2900000000015,461.4200000000015,461.4200000000015,461.4200000000015,461.4200000000015,461.4200000000015,461.5500000000016,461.5500000000016,461.5600000000016,461.5600000000016,461.5600000000016,457.52999999999986,457.52999999999986,457.52999999999986,457.52999999999986,457.52999999999986,457.52999999999986,457.52999999999986,457.52999999999986,457.52999999999986,457.52999999999986,457.52999999999986,461.8200000000016,461.8200000000016,461.8200000000016,457.52999999999986,457.52999999999986,457.52999999999986,457.52999999999986,462.21000000000157,457.52999999999986,457.52999999999986,457.52999999999986,457.52999999999986,457.52999999999986,457.52999999999986,457.52999999999986,457.52999999999986,457.52999999999986,457.52999999999986,457.52999999999986,457.52999999999986,457.52999999999986,457.52999999999986,457.52999999999986,457.52999999999986,457.52999999999986,457.52999999999986,457.52999999999986,457.52999999999986,457.52999999999986,457.52999999999986,457.52999999999986,457.52999999999986,462.47000000000156,462.47000000000156,457.8499999999998,457.8499999999998,457.8499999999998,457.8499999999998,457.8499999999998,457.8499999999998,457.8499999999998,457.8499999999998,457.8499999999998,457.8499999999998,457.8499999999998,457.8499999999998,457.8499999999998,457.8499999999998,457.8499999999998,457.8499999999998,457.8499999999998,457.8499999999998,457.8499999999998,457.8499999999998,457.8499999999998,457.8499999999998,457.8499999999998,457.8499999999998,457.8499999999998,457.8499999999998,457.8499999999998,457.8499999999998,457.8599999999999,457.8599999999999,457.8599999999999,457.8599999999999,457.8599999999999,457.8599999999999,457.8599999999999,457.8599999999999,457.8599999999999,457.8599999999999,457.8599999999999,457.8599999999999,457.8599999999999,457.8599999999999,462.74000000000154,462.87000000000154,462.87000000000154,462.87000000000154,462.87000000000154,462.87000000000154,462.87000000000154,462.87000000000154,458.17999999999984,458.17999999999984,458.1899999999998,458.1899999999998,458.1899999999998,458.1899999999998,458.1899999999998,458.1899999999998,458.1899999999998,458.1899999999998,458.1899999999998,458.1899999999998,458.1899999999998,458.1899999999998,458.1899999999998,458.1899999999998,458.1899999999998,458.1899999999998,458.1899999999998,458.1899999999998,458.1899999999998,458.1899999999998,458.1899999999998,463.01000000000164,458.1899999999998,463.01000000000164,458.1899999999998,463.01000000000164,458.1899999999998,463.01000000000164,458.1899999999998,458.1899999999998,458.1899999999998,458.1899999999998,458.1899999999998,458.1899999999998,458.1899999999998,458.1899999999998,458.1899999999998,458.1899999999998,458.1899999999998,458.1899999999998,458.1899999999998,458.1899999999998,458.1899999999998,458.1899999999998,458.1899999999998,458.1899999999998,458.1899999999998,458.1899999999998,458.1899999999998,458.1899999999998,458.1899999999998,458.1899999999998,458.1899999999998,458.1899999999998,458.1899999999998,458.1899999999998,458.1899999999998,458.1899999999998,458.1899999999998,458.1899999999998,458.1899999999998,458.1899999999998,458.1899999999998,458.1899999999998,458.1899999999998,458.1899999999998,458.1899999999998,458.1899999999998,458.1899999999998,458.1899999999998,458.1899999999998,458.1899999999998,458.1899999999998,458.1899999999998,458.1899999999998,458.1899999999998,458.1899999999998,458.1899999999998,458.1899999999998,458.1899999999998,463.14000000000163,463.27000000000163,463.2800000000016,463.2800000000016,463.2800000000016,463.2800000000016,463.2800000000016,463.2800000000016,463.2800000000016,463.2800000000016,463.2800000000016,463.2800000000016,463.2800000000016,458.1899999999998,458.1899999999998,458.1899999999998,463.5600000000016,463.7000000000016,458.50999999999976,458.50999999999976,458.50999999999976,458.50999999999976,458.50999999999976,458.50999999999976,458.50999999999976,458.50999999999976,458.50999999999976,458.50999999999976,458.50999999999976,458.50999999999976,458.50999999999976,458.50999999999976,458.50999999999976,458.50999999999976,458.50999999999976,458.50999999999976,458.50999999999976,458.50999999999976,458.50999999999976,458.50999999999976,458.50999999999976,458.50999999999976,458.50999999999976,458.50999999999976,458.50999999999976,463.84000000000157,463.98000000000167,458.8299999999997,458.8299999999997,458.8299999999997,458.8299999999997,458.8299999999997,458.8299999999997,458.8299999999997,458.8299999999997,458.8299999999997,458.8299999999997,458.8299999999997,458.8299999999997,458.8299999999997,458.8299999999997,458.8299999999997,458.8299999999997,458.8299999999997,458.8299999999997,458.8299999999997,458.8299999999997,458.8299999999997,458.8299999999997,458.8299999999997,458.8299999999997,458.8299999999997,458.8299999999997,458.8299999999997,458.8299999999997,458.8299999999997,458.8299999999997,458.8299999999997,458.8299999999997,458.8299999999997,458.8299999999997,458.8299999999997,458.8299999999997,458.8299999999997,458.8299999999997,458.8299999999997,458.8299999999997,458.8299999999997,458.8299999999997,458.8299999999997,458.8299999999997,458.8299999999997,458.8299999999997,458.8299999999997,458.8299999999997,458.8299999999997,458.8299999999997,458.8299999999997,458.8299999999997,458.8299999999997,458.8299999999997,458.8299999999997,458.8299999999997,458.8299999999997,464.26000000000164,458.8299999999997,458.8299999999997,458.8299999999997,458.8299999999997,458.8299999999997,458.8299999999997,458.8299999999997,464.5400000000016,464.5500000000016,464.5500000000016,464.5500000000016,464.5500000000016,464.5500000000016,464.5500000000016,464.5500000000016,464.5500000000016,458.8299999999997,464.6900000000017,458.8299999999997,464.6900000000017,458.8299999999997,458.8299999999997,464.6900000000017,458.8299999999997,464.6900000000017,458.8299999999997,464.6900000000017,458.8299999999997,464.6900000000017,458.8299999999997,464.6900000000017,458.8299999999997,464.6900000000017,458.8299999999997,464.6900000000017,458.8299999999997,458.8299999999997,464.6900000000017,458.8299999999997,458.8299999999997,458.8299999999997,458.8299999999997,458.8299999999997,458.8299999999997,458.8299999999997,458.8299999999997,458.8299999999997,458.8299999999997,458.8299999999997,458.8299999999997,458.8299999999997,464.8400000000017,464.98000000000167,458.8299999999997,458.8399999999997,458.8399999999997,458.8399999999997,458.8399999999997,458.8399999999997,458.8399999999997,458.8399999999997,458.8399999999997,458.8399999999997,458.8399999999997,458.8399999999997,458.8399999999997,458.8399999999997,458.8399999999997,458.8399999999997,458.8399999999997,458.8399999999997,458.8399999999997,458.8399999999997,458.8399999999997,458.8399999999997,458.8399999999997,458.8399999999997,458.8399999999997,458.8399999999997,458.8399999999997,458.8399999999997,458.8399999999997,458.8399999999997,458.8399999999997,458.8399999999997,458.8399999999997,458.8399999999997,458.8399999999997,458.8399999999997,458.8399999999997,458.8399999999997,458.8399999999997,458.8399999999997,458.8399999999997,458.8399999999997,458.8399999999997,458.8399999999997,458.8399999999997,458.8399999999997,465.12000000000165,458.8399999999997,465.12000000000165,458.8399999999997,458.8399999999997,465.12000000000165,458.8499999999998,465.12000000000165,458.8499999999998,458.8499999999998,458.8499999999998,458.8499999999998,458.8499999999998,458.8499999999998,458.8499999999998,458.8499999999998,458.8499999999998,458.8499999999998,458.8499999999998,458.8499999999998,458.8499999999998,458.8499999999998,458.8499999999998,458.8499999999998,458.8499999999998,458.8499999999998,458.8499999999998,458.8499999999998,458.8499999999998,458.8499999999998,458.8499999999998,458.8499999999998,458.8499999999998,458.8499999999998,458.8499999999998,458.8499999999998,458.8499999999998,458.8499999999998,458.8499999999998,458.8499999999998,458.8499999999998,458.8499999999998,458.8499999999998,458.8499999999998,458.8499999999998,458.8499999999998,458.8499999999998,458.8499999999998,458.8499999999998,458.8499999999998,458.8499999999998,458.8499999999998,458.8499999999998,465.41000000000173,465.41000000000173,465.41000000000173,465.41000000000173,465.41000000000173,458.8499999999998,458.8499999999998,458.8499999999998,458.8499999999998,458.8499999999998,465.85000000000167,465.85000000000167,465.85000000000167,465.85000000000167,465.85000000000167,465.85000000000167,465.86000000000166,466.00000000000165,466.15000000000174,466.15000000000174,466.15000000000174,466.15000000000174,459.1899999999998,459.1899999999998,459.1899999999998,459.1899999999998,459.1899999999998,459.1899999999998,459.1899999999998,459.1899999999998,459.1899999999998,459.1899999999998,459.1899999999998,459.1899999999998,459.1899999999998,459.1899999999998,459.1899999999998,459.1899999999998,459.1899999999998,459.1899999999998,459.1899999999998,459.1899999999998,459.1899999999998,459.1899999999998,459.1899999999998,459.1899999999998,459.1899999999998,459.1899999999998,459.1899999999998,459.1899999999998,459.1899999999998,459.1899999999998,459.1899999999998,459.1899999999998,459.1899999999998,459.1899999999998,459.1899999999998,459.1899999999998,459.1899999999998,459.1899999999998,459.1899999999998,459.1899999999998,459.1899999999998,459.1899999999998,459.1899999999998,459.1899999999998,459.1899999999998,459.1899999999998,459.1899999999998,459.1899999999998,459.1899999999998,459.1899999999998,459.1899999999998,459.1899999999998,466.3000000000017,459.1899999999998,459.1899999999998,459.1899999999998,459.1899999999998,459.1899999999998,459.1899999999998,459.1899999999998,459.1999999999998,459.1999999999998,459.1999999999998,459.1999999999998,459.1999999999998,459.1999999999998,459.1999999999998,459.1999999999998,459.1999999999998,459.1999999999998,459.1999999999998,459.1999999999998,459.1999999999998,459.1999999999998,459.1999999999998,459.1999999999998,459.1999999999998,459.1999999999998,459.1999999999998,459.1999999999998,459.1999999999998,459.1999999999998,459.1999999999998,459.1999999999998,459.2099999999998,459.2099999999998,459.2099999999998,459.2099999999998,459.2099999999998,459.2099999999998,459.2099999999998,459.2199999999998,459.2199999999998,459.2199999999998,459.2199999999998,459.2199999999998,459.2199999999998,459.2199999999998,459.2299999999998,459.2299999999998,459.2299999999998,459.2299999999998,459.2299999999998,459.2299999999998,459.2299999999998,459.2299999999998,459.2299999999998,459.2299999999998,459.2299999999998,459.2299999999998,459.2299999999998,459.2299999999998,459.2299999999998,459.2299999999998,459.2299999999998,459.2299999999998,459.2299999999998,459.2299999999998,459.2299999999998,459.2299999999998,459.2299999999998,459.2299999999998,459.2299999999998,459.2299999999998,459.2299999999998,459.2299999999998,459.2299999999998,459.2299999999998,459.2299999999998,459.2299999999998,459.2299999999998,459.2299999999998,466.4500000000017,459.2299999999998,466.4500000000017,459.2299999999998,459.2299999999998,459.2299999999998,459.2299999999998,459.2299999999998,459.2299999999998,459.2299999999998,459.2299999999998,459.2299999999998,459.2299999999998,459.2299999999998,459.2299999999998,459.2299999999998,459.2299999999998,459.2299999999998,459.2299999999998,459.2299999999998,459.2299999999998,459.2299999999998,459.2299999999998,459.2299999999998,459.2299999999998,459.2299999999998,459.2299999999998,459.2299999999998,459.2299999999998,459.2299999999998,466.60000000000167,466.60000000000167,466.60000000000167,466.74000000000177,466.74000000000177,466.74000000000177,466.74000000000177,466.74000000000177,459.55999999999983,459.55999999999983,459.55999999999983,459.55999999999983,459.55999999999983,459.55999999999983,459.55999999999983,459.55999999999983,459.55999999999983,459.55999999999983,459.55999999999983,459.55999999999983,459.55999999999983,459.55999999999983,459.55999999999983,459.55999999999983,459.55999999999983,459.55999999999983,459.55999999999983,459.55999999999983,459.55999999999983,459.55999999999983,459.55999999999983,459.55999999999983,459.55999999999983,459.55999999999983,459.55999999999983,459.55999999999983,459.55999999999983,459.55999999999983,459.55999999999983,459.55999999999983,459.55999999999983,459.55999999999983,459.55999999999983,459.55999999999983,459.55999999999983,459.55999999999983,459.55999999999983,459.55999999999983,459.55999999999983,459.55999999999983,459.55999999999983,459.55999999999983,459.55999999999983,459.55999999999983,466.89000000000175,459.55999999999983,466.90000000000174,459.55999999999983,466.90000000000174,459.55999999999983,459.55999999999983,466.90000000000174,459.55999999999983,466.90000000000174,459.55999999999983,466.90000000000174,459.55999999999983,459.55999999999983,459.55999999999983,459.55999999999983,459.5699999999998,459.5699999999998,459.5699999999998,459.5699999999998,459.5699999999998,459.5699999999998,459.5699999999998,459.5799999999998,459.5799999999998,459.5799999999998,459.5799999999998,459.5799999999998,459.5799999999998,459.5799999999998,459.5799999999998,459.5799999999998,459.5799999999998,459.5799999999998,459.5799999999998,459.5799999999998,459.5799999999998,459.5799999999998,459.5799999999998,459.5799999999998,459.5799999999998,459.5799999999998,459.5799999999998,459.5799999999998,459.5799999999998,459.5899999999998,459.5899999999998,459.5899999999998,459.5899999999998,459.5899999999998,459.5899999999998,459.5899999999998,459.5899999999998,467.0500000000017,467.0500000000017,459.5899999999998,459.5899999999998,459.5899999999998,459.5899999999998,459.5899999999998,459.5899999999998,459.5899999999998,459.5899999999998,459.5899999999998,459.5899999999998,459.5899999999998,459.5899999999998,459.5899999999998,459.5999999999999,459.5999999999999,459.5999999999999,459.5999999999999,459.5999999999999,459.5999999999999,459.5999999999999,459.5999999999999,459.5999999999999,459.5999999999999,459.5999999999999,459.5999999999999,459.5999999999999,459.5999999999999,459.5999999999999,459.5999999999999,459.5999999999999,459.5999999999999,459.5999999999999,459.5999999999999,459.5999999999999,459.5999999999999,459.5999999999999,459.5999999999999,459.5999999999999,459.5999999999999,459.5999999999999,459.5999999999999,459.5999999999999,459.5999999999999,459.5999999999999,459.5999999999999,459.5999999999999,459.5999999999999,459.5999999999999,459.5999999999999,459.5999999999999,459.5999999999999,459.5999999999999,459.5999999999999,459.5999999999999,459.5999999999999,459.5999999999999,459.5999999999999,459.5999999999999,459.5999999999999,459.5999999999999,459.5999999999999,459.5999999999999,459.5999999999999,459.5999999999999,459.5999999999999,459.5999999999999,459.5999999999999,459.5999999999999,459.5999999999999,459.5999999999999,459.5999999999999,459.5999999999999,459.5999999999999,459.5999999999999,459.5999999999999,459.5999999999999,459.5999999999999,459.5999999999999,459.5999999999999,459.5999999999999,459.5999999999999,459.5999999999999,459.5999999999999,459.5999999999999,459.5999999999999,459.5999999999999,459.6099999999999,459.6099999999999,459.6099999999999,459.6099999999999,459.6099999999999,459.6099999999999,459.6099999999999,459.6099999999999,459.6099999999999,459.6099999999999,459.6099999999999,459.6099999999999,459.6099999999999,459.6099999999999,459.6099999999999,459.6099999999999,459.6099999999999,459.6099999999999,459.6099999999999,459.6099999999999,467.3500000000018,459.6099999999999,459.6099999999999,459.6099999999999,459.6099999999999,459.6099999999999,459.6099999999999,459.6099999999999,459.6099999999999,459.6099999999999,459.6099999999999,459.6099999999999,459.6099999999999,459.6099999999999,459.6099999999999,459.6099999999999,459.6099999999999,459.6099999999999,459.6099999999999,459.6099999999999,459.6099999999999,459.6099999999999,459.6099999999999,459.6099999999999,459.6099999999999,459.6099999999999,459.6099999999999,459.6099999999999,467.51000000000175,467.66000000000173,467.66000000000173,459.92999999999984,459.92999999999984,459.92999999999984,459.92999999999984,459.92999999999984,459.92999999999984,459.92999999999984,459.92999999999984,459.92999999999984,459.92999999999984,459.92999999999984,459.92999999999984,459.92999999999984,459.92999999999984,459.92999999999984,459.92999999999984,459.92999999999984,459.92999999999984,459.92999999999984,459.92999999999984,459.92999999999984,459.92999999999984,459.92999999999984,459.92999999999984,459.92999999999984,459.92999999999984,459.92999999999984,459.92999999999984,459.92999999999984,459.92999999999984,459.92999999999984,459.92999999999984,459.92999999999984,459.92999999999984,459.92999999999984,459.92999999999984,459.92999999999984,459.92999999999984,459.92999999999984,459.92999999999984,459.92999999999984,459.92999999999984,459.92999999999984,459.92999999999984,459.92999999999984,459.92999999999984,459.92999999999984,459.92999999999984,459.92999999999984,459.92999999999984,459.92999999999984,459.92999999999984,459.92999999999984,459.92999999999984,459.92999999999984,459.92999999999984,459.92999999999984,459.92999999999984,459.92999999999984,459.92999999999984,459.92999999999984,459.92999999999984,459.92999999999984,459.92999999999984,459.92999999999984,459.92999999999984,459.92999999999984,459.92999999999984,459.92999999999984,459.92999999999984,459.92999999999984,459.92999999999984,459.92999999999984,459.92999999999984,459.92999999999984,459.92999999999984,459.92999999999984,459.92999999999984,459.92999999999984,459.92999999999984,459.92999999999984,459.92999999999984,459.92999999999984,459.92999999999984,459.92999999999984,459.92999999999984,459.92999999999984,459.92999999999984,459.92999999999984,459.92999999999984,459.92999999999984,459.92999999999984,459.92999999999984,459.92999999999984,459.92999999999984,459.92999999999984,459.92999999999984,459.92999999999984,459.92999999999984,459.92999999999984,459.92999999999984,459.92999999999984,459.92999999999984,459.92999999999984,459.92999999999984,459.92999999999984,459.92999999999984,459.92999999999984,459.92999999999984,459.92999999999984,459.92999999999984,459.92999999999984,459.92999999999984,459.9399999999998,459.9399999999998,459.9399999999998,459.9399999999998,459.9399999999998,459.9399999999998,459.9399999999998,459.9399999999998,459.9399999999998,459.9399999999998,459.9399999999998,467.8100000000018,459.9399999999998,459.9399999999998,467.8100000000018,459.9399999999998,467.8100000000018,459.9399999999998,467.8100000000018,459.9399999999998,467.8100000000018,459.9399999999998,459.9399999999998,467.8100000000018,459.9399999999998,467.8100000000018,459.9399999999998,467.8100000000018,459.9399999999998,459.9399999999998,459.9399999999998,459.9399999999998,459.9399999999998,459.9399999999998,459.9399999999998,459.9399999999998,459.9399999999998,459.9399999999998,459.9399999999998,459.9399999999998,459.9399999999998,459.9399999999998,459.9399999999998,459.9399999999998,459.9399999999998,459.9399999999998,459.9399999999998,459.9399999999998,459.9399999999998,459.9399999999998,459.9399999999998,459.9399999999998,459.9399999999998,459.9399999999998,459.9399999999998,459.9399999999998,459.9399999999998,459.9399999999998,459.9399999999998,459.9399999999998,459.9399999999998,459.9399999999998,459.9399999999998,459.9399999999998,459.9399999999998,459.9399999999998,459.9399999999998,459.9399999999998,459.9399999999998,459.9399999999998,459.9399999999998,459.94999999999993,459.94999999999993,459.94999999999993,459.94999999999993,459.94999999999993,459.94999999999993,459.94999999999993,459.94999999999993,467.9700000000018,460.26999999999987,460.26999999999987,460.26999999999987,460.26999999999987,460.26999999999987,460.26999999999987,460.26999999999987,460.26999999999987,460.26999999999987,460.26999999999987,460.26999999999987,460.26999999999987,460.26999999999987,460.26999999999987,460.26999999999987,460.26999999999987,460.26999999999987,460.26999999999987,460.26999999999987,460.26999999999987,460.26999999999987,460.26999999999987,460.26999999999987,460.26999999999987,460.26999999999987,468.28000000000185,460.26999999999987,460.26999999999987,460.26999999999987,460.26999999999987,460.26999999999987,460.26999999999987,460.26999999999987,460.26999999999987,460.26999999999987,460.26999999999987,460.26999999999987,460.26999999999987,460.26999999999987,460.26999999999987,460.26999999999987,460.26999999999987,460.26999999999987,460.26999999999987,460.26999999999987,460.26999999999987,460.26999999999987,460.26999999999987,460.26999999999987,460.27999999999986,460.27999999999986,460.27999999999986,460.27999999999986,460.27999999999986,460.27999999999986,460.27999999999986,460.27999999999986,460.27999999999986,460.27999999999986,460.27999999999986,460.27999999999986,468.4300000000018,468.4300000000018,468.5800000000018,468.5800000000018,468.5800000000018,468.5800000000018,460.5999999999998,460.5999999999998,460.5999999999998,460.5999999999998,460.5999999999998,460.5999999999998,460.5999999999998,460.5999999999998,460.5999999999998,460.5999999999998,460.5999999999998,460.5999999999998,460.5999999999998,460.9299999999997,460.9299999999997,460.9299999999997,460.9299999999997,460.9299999999997,460.9299999999997,460.9299999999997,460.9299999999997,460.9299999999997,460.9299999999997,460.9299999999997,460.9299999999997,460.9299999999997,460.9299999999997,460.9299999999997,460.9299999999997,460.9299999999997,460.9299999999997,460.9299999999997,460.9299999999997,460.9299999999997,460.9299999999997,460.9299999999997,460.9299999999997,460.9299999999997,460.9299999999997,460.9299999999997,460.9299999999997,460.9299999999997,469.05000000000183,460.9299999999997,460.9299999999997,460.9299999999997,460.9299999999997,460.9299999999997,460.9299999999997,460.9299999999997,460.9299999999997,460.9299999999997,460.9299999999997,460.9299999999997,460.9299999999997,460.9299999999997,460.9299999999997,460.9299999999997,460.9299999999997,460.9299999999997,460.9299999999997,460.9299999999997,460.9299999999997,460.9299999999997,460.9299999999997,460.9299999999997,460.9299999999997,460.9299999999997,460.9299999999997,460.9299999999997,460.9299999999997,460.9299999999997,460.9299999999997,460.9299999999997,460.9299999999997,460.9299999999997,460.9299999999997,460.9299999999997,460.9299999999997,460.9299999999997,460.9299999999997,460.9299999999997,460.9299999999997,460.9299999999997,460.9299999999997,460.9299999999997,460.9299999999997,460.9399999999997,460.9399999999997,460.9399999999997,460.9399999999997,460.9399999999997,460.9399999999997,460.9399999999997,460.9399999999997,460.9399999999997,460.9399999999997,460.9399999999997,460.9399999999997,460.9399999999997,460.9399999999997,460.9399999999997,460.9399999999997,460.9399999999997,460.9399999999997,460.9399999999997,460.9399999999997,460.9399999999997,460.9399999999997,460.9399999999997,460.9399999999997,460.9399999999997,460.9399999999997,460.9399999999997,460.9399999999997,460.9399999999997,460.9399999999997,460.9399999999997,460.9399999999997,460.9399999999997,460.9399999999997,460.9399999999997,460.9399999999997,460.9399999999997,460.9399999999997,460.9399999999997,460.9399999999997,460.9399999999997,469.2100000000018,460.9399999999997,469.2100000000018,460.9399999999997,469.2100000000018,460.9399999999997,460.9399999999997,469.2100000000018,460.9399999999997,460.9399999999997,460.9399999999997,460.9399999999997,460.9399999999997,460.9399999999997,460.9399999999997,460.9399999999997,460.9399999999997,460.9399999999997,460.9399999999997,460.9399999999997,460.9399999999997,460.9399999999997,460.9399999999997,460.9399999999997,460.9399999999997,460.9399999999997,460.9399999999997,460.9399999999997,460.9399999999997,460.9399999999997,460.9399999999997,460.9399999999997,460.9399999999997,460.9399999999997,460.9399999999997,460.9399999999997,460.9399999999997,460.9399999999997,460.9399999999997,460.9399999999997,460.9399999999997,460.9399999999997,460.9399999999997,460.9399999999997,460.9399999999997,460.9399999999997,460.9399999999997,460.9399999999997,460.9399999999997,460.9399999999997,460.9399999999997,460.9399999999997,460.9399999999997,460.9399999999997,460.9399999999997,460.9399999999997,460.9399999999997,460.9399999999997,460.9399999999997,460.9399999999997,460.9399999999997,460.9399999999997,460.9399999999997,460.9399999999997,460.9399999999997,460.9399999999997,460.9399999999997,460.9399999999997,460.9399999999997,460.9399999999997,460.9399999999997,460.9399999999997,460.9399999999997,460.9399999999997,460.9399999999997,460.9399999999997,460.9399999999997,460.9399999999997,460.9399999999997,460.9399999999997,460.9399999999997,460.9399999999997,460.9399999999997,460.9399999999997,460.9399999999997,460.9399999999997,460.9399999999997,460.9399999999997,460.9399999999997,460.9399999999997,469.3700000000019,460.9399999999997,469.3700000000019,460.9399999999997,460.9399999999997,469.3700000000019,460.9399999999997,460.9399999999997,460.9499999999998,460.9499999999998,460.9499999999998,460.9499999999998,460.9499999999998,460.9499999999998,460.9499999999998,460.9499999999998,460.9499999999998,460.9499999999998,460.9499999999998,460.9499999999998,460.9499999999998,460.9499999999998,460.9499999999998,460.9499999999998,460.9499999999998,460.9499999999998,460.9499999999998,460.9499999999998,460.9499999999998,460.9499999999998,460.9499999999998,460.9499999999998,460.9499999999998,460.9499999999998,460.9499999999998,460.9499999999998,460.9499999999998,460.9499999999998,460.9499999999998,460.9499999999998,460.9499999999998,460.9499999999998,460.9499999999998,460.9499999999998,460.9499999999998,460.9499999999998,460.9499999999998,460.9499999999998,460.9499999999998,460.9599999999998,460.9599999999998,460.9599999999998,460.9599999999998,460.9599999999998,460.9599999999998,460.9599999999998,460.9699999999998,460.9699999999998,460.9699999999998,460.9699999999998,460.9699999999998,460.9699999999998,460.9699999999998,460.9699999999998,460.9699999999998,460.9699999999998,460.9699999999998,460.9699999999998,460.9699999999998,460.9699999999998,460.9799999999998,460.9799999999998,460.9799999999998,460.9799999999998,460.9799999999998,460.9799999999998,460.9799999999998,460.9899999999998,460.9899999999998,460.9899999999998,460.9899999999998,460.9899999999998,460.9899999999998,460.9899999999998,460.9999999999998,460.9999999999998,460.9999999999998,460.9999999999998,469.53000000000185,460.9999999999998,469.53000000000185,460.9999999999998,460.9999999999998,460.9999999999998,460.9999999999998,460.9999999999998,460.9999999999998,460.9999999999998,460.9999999999998,460.9999999999998,460.9999999999998,460.9999999999998,460.9999999999998,460.9999999999998,460.9999999999998,460.9999999999998,460.9999999999998,460.9999999999998,460.9999999999998,460.9999999999998,460.9999999999998,460.9999999999998,460.9999999999998,460.9999999999998,460.9999999999998,460.9999999999998,460.9999999999998,460.9999999999998,460.9999999999998,460.9999999999998,460.9999999999998,460.9999999999998,460.9999999999998,460.9999999999998,460.9999999999998,460.9999999999998,460.9999999999998,460.9999999999998,460.9999999999998,460.9999999999998,460.9999999999998,460.9999999999998,460.9999999999998,460.9999999999998,469.6800000000018,461.3199999999997,461.3199999999997,461.3199999999997,461.3199999999997,461.3199999999997,461.3199999999997,461.3199999999997,461.3299999999997,461.3299999999997,461.3299999999997,461.3299999999997,461.3299999999997,461.3299999999997,461.3299999999997,461.3299999999997,461.3299999999997,461.3299999999997,461.3299999999997,461.3299999999997,461.3299999999997,461.3299999999997,461.3299999999997,461.3299999999997,461.3299999999997,461.3299999999997,461.3299999999997,461.3299999999997,461.3299999999997,461.3299999999997,461.3399999999997,461.3399999999997,461.3399999999997,461.3399999999997,461.3399999999997,461.3399999999997,461.3399999999997,461.3399999999997,461.3399999999997,469.9900000000019,461.3399999999997,461.3399999999997,461.3399999999997,461.3399999999997,461.3399999999997,461.3399999999997,461.3399999999997,461.3399999999997,461.3399999999997,461.3399999999997,461.3399999999997,461.3399999999997,461.3499999999997,461.3499999999997,461.3499999999997,461.3499999999997,461.3499999999997,461.3499999999997,461.3499999999997,461.3499999999997,461.3499999999997,461.3499999999997,461.3499999999997,461.3499999999997,461.3499999999997,461.3499999999997,461.3499999999997,461.3499999999997,461.3499999999997,461.3499999999997,461.3499999999997,461.3499999999997,461.3499999999997,461.3499999999997,461.3499999999997,461.3499999999997,461.3499999999997,461.3499999999997,461.3499999999997,461.3499999999997,461.3499999999997,461.3499999999997,461.3499999999997,461.3499999999997,461.3499999999997,461.3499999999997,461.3499999999997,461.3499999999997,461.3499999999997,461.3499999999997,461.3499999999997,461.3499999999997,461.3499999999997,461.3499999999997,461.3499999999997,461.3599999999997,461.3599999999997,461.3599999999997,461.3599999999997,461.3599999999997,461.3599999999997,461.3599999999997,461.36999999999966,461.36999999999966,461.36999999999966,461.36999999999966,461.36999999999966,461.36999999999966,461.36999999999966,461.36999999999966,461.36999999999966,461.36999999999966,461.36999999999966,461.36999999999966,461.36999999999966,461.36999999999966,461.36999999999966,461.36999999999966,461.36999999999966,461.36999999999966,461.36999999999966,461.36999999999966,470.15000000000185,461.37999999999965,470.15000000000185,461.37999999999965,470.15000000000185,461.37999999999965,461.37999999999965,461.37999999999965,461.37999999999965,461.37999999999965,461.37999999999965,461.37999999999965,461.37999999999965,461.37999999999965,461.37999999999965,461.37999999999965,461.37999999999965,461.37999999999965,461.37999999999965,461.37999999999965,461.37999999999965,461.37999999999965,461.37999999999965,461.37999999999965,461.37999999999965,461.37999999999965,461.37999999999965,461.37999999999965,461.37999999999965,461.37999999999965,461.37999999999965,461.37999999999965,461.37999999999965,461.37999999999965,461.37999999999965,461.37999999999965,461.37999999999965,461.37999999999965,461.37999999999965,461.38999999999965,461.38999999999965,461.38999999999965,461.38999999999965,461.38999999999965,461.38999999999965,461.38999999999965,461.38999999999965,461.38999999999965,461.38999999999965,461.38999999999965,461.38999999999965,461.38999999999965,461.38999999999965,461.38999999999965,461.38999999999965,461.38999999999965,461.38999999999965,461.38999999999965,461.38999999999965,461.38999999999965,461.38999999999965,461.38999999999965,461.38999999999965,461.38999999999965,461.38999999999965,461.38999999999965,461.38999999999965,461.38999999999965,461.38999999999965,461.38999999999965,461.38999999999965,461.38999999999965,461.38999999999965,461.39999999999964,461.39999999999964,461.39999999999964,461.39999999999964,461.39999999999964,461.39999999999964,461.39999999999964,461.39999999999964,461.39999999999964,461.39999999999964,461.39999999999964,461.39999999999964,461.39999999999964,461.39999999999964,461.39999999999964,461.39999999999964,461.39999999999964,470.3100000000018,461.39999999999964,470.3100000000018,461.39999999999964,470.3100000000018,461.39999999999964,461.39999999999964,470.3100000000018,461.39999999999964,470.3100000000018,461.39999999999964,470.3100000000018,461.39999999999964,461.39999999999964,461.39999999999964,461.39999999999964,461.39999999999964,461.39999999999964,461.39999999999964,461.39999999999964,461.39999999999964,461.39999999999964,461.39999999999964,461.39999999999964,461.39999999999964,461.39999999999964,461.39999999999964,461.39999999999964,461.39999999999964,461.39999999999964,461.39999999999964,461.39999999999964,461.39999999999964,461.39999999999964,461.39999999999964,461.39999999999964,461.39999999999964,461.39999999999964,461.39999999999964,461.39999999999964,461.39999999999964,461.39999999999964,461.39999999999964,461.39999999999964,461.39999999999964,461.39999999999964,461.39999999999964,461.39999999999964,461.39999999999964,461.39999999999964,461.39999999999964,461.39999999999964,461.39999999999964,461.39999999999964,461.39999999999964,461.39999999999964,461.39999999999964,461.39999999999964,461.39999999999964,461.39999999999964,461.39999999999964,461.39999999999964,461.39999999999964,461.39999999999964,461.39999999999964,461.39999999999964,461.39999999999964,461.39999999999964,461.39999999999964,461.39999999999964,461.39999999999964,461.39999999999964,461.39999999999964,461.39999999999964,461.39999999999964,461.39999999999964,461.39999999999964,461.39999999999964,461.39999999999964,461.39999999999964,461.39999999999964,461.39999999999964,461.39999999999964,461.39999999999964,461.39999999999964,461.39999999999964,461.39999999999964,461.39999999999964,461.39999999999964,461.39999999999964,461.39999999999964,461.4099999999996,461.4099999999996,461.4099999999996,461.4099999999996,461.4099999999996,461.4099999999996,470.4700000000018,461.4099999999996,470.4700000000018,461.4099999999996,461.4099999999996,461.4099999999996,461.4099999999996,461.4099999999996,461.4099999999996,461.4099999999996,461.4099999999996,461.4099999999996,461.4099999999996,461.4099999999996,461.4099999999996,461.4099999999996,461.4099999999996,461.4099999999996,461.4099999999996,461.4099999999996,461.4099999999996,461.4099999999996,461.4099999999996,461.4099999999996,461.4099999999996,461.4099999999996,461.4099999999996,461.4099999999996,461.4099999999996,461.4099999999996,461.4099999999996,461.4099999999996,461.4099999999996,461.4199999999996,461.4199999999996,461.4199999999996,461.4199999999996,461.4199999999996,461.4199999999996,461.4199999999996,461.4199999999996,461.4199999999996,461.4199999999996,461.4199999999996,461.4199999999996,461.4199999999996,461.4199999999996,461.4199999999996,461.4199999999996,461.4199999999996,461.4199999999996,461.4199999999996,461.4199999999996,461.4199999999996,461.4199999999996,461.4199999999996,461.4199999999996,461.4199999999996,461.4199999999996,461.4199999999996,461.4199999999996,461.4199999999996,461.4199999999996,461.4199999999996,461.4199999999996,461.4199999999996,461.4199999999996,461.4199999999996,461.4199999999996,461.4299999999996,461.4299999999996,461.4299999999996,461.4299999999996,461.4299999999996,461.4299999999996,461.4299999999996,461.4299999999996,461.4399999999996,461.4399999999996,461.4399999999996,461.4399999999996,461.4399999999996,461.4399999999996,461.4399999999996,461.4399999999996,461.4399999999996,461.4399999999996,470.63000000000176,461.4399999999996,470.63000000000176,461.4399999999996,461.4399999999996,461.4399999999996,461.4399999999996,461.4399999999996,461.4399999999996,461.4399999999996,461.4399999999996,461.4399999999996,461.4399999999996,461.4399999999996,461.4399999999996,461.4399999999996,461.4399999999996,461.4399999999996,461.4399999999996,461.4399999999996,461.4399999999996,461.4399999999996,461.4399999999996,461.4399999999996,461.4399999999996,461.4399999999996,461.4399999999996,461.4399999999996,461.4399999999996,461.4399999999996,461.4399999999996,461.4399999999996,461.4399999999996,461.4399999999996,461.4399999999996,461.4399999999996,461.4399999999996,461.4399999999996,461.4399999999996,461.4399999999996,461.4399999999996,461.4399999999996,461.4399999999996,461.4399999999996,461.4399999999996,461.4399999999996,461.4399999999996,461.4399999999996,461.4399999999996,461.4399999999996,461.4399999999996,461.4399999999996,461.4399999999996,461.4399999999996,461.4499999999996,461.4499999999996,461.4499999999996,461.4499999999996,461.4499999999996,461.4499999999996,461.4499999999996,461.4499999999996,461.4499999999996,461.4499999999996,461.4499999999996,461.4499999999996,461.4499999999996,461.4499999999996,461.4499999999996,461.4499999999996,461.4499999999996,461.4499999999996,461.4499999999996,461.4499999999996,461.4499999999996,461.4499999999996,461.4499999999996,461.4499999999996,461.4499999999996,461.4499999999996,461.4499999999996,461.4499999999996,461.4499999999996,461.4499999999996,461.4499999999996,461.4499999999996,470.7900000000017,461.4499999999996,461.4499999999996,461.4599999999996,461.4599999999996,461.4599999999996,461.4599999999996,461.4599999999996,461.4599999999996,461.4599999999996,461.4599999999996,461.4599999999996,461.4599999999996,461.4599999999996,461.4599999999996,461.4599999999996,461.4599999999996,461.4599999999996,461.4599999999996,461.4599999999996,461.4599999999996,461.4599999999996,461.4599999999996,461.4599999999996,461.4599999999996,461.4599999999996,461.4599999999996,461.4599999999996,461.4599999999996,461.4599999999996,461.4599999999996,461.4599999999996,461.4599999999996,461.4599999999996,461.4599999999996,461.4599999999996,461.4599999999996,461.4599999999996,461.4599999999996,461.4599999999996,461.4599999999996,461.4599999999996,461.4599999999996,461.4599999999996,461.4599999999996,461.4599999999996,461.4699999999996,461.4699999999996,461.4699999999996,461.4699999999996,461.4699999999996,461.4699999999996,461.4699999999996,461.4699999999996,461.4699999999996,461.4699999999996,461.4699999999996,461.4699999999996,461.4699999999996,461.4699999999996,461.47999999999956,461.47999999999956,461.47999999999956,461.47999999999956,461.47999999999956,461.47999999999956,461.47999999999956,461.47999999999956,461.47999999999956,461.47999999999956,461.47999999999956,461.47999999999956,461.47999999999956,461.47999999999956,461.47999999999956,461.47999999999956,461.47999999999956,461.47999999999956,461.47999999999956,461.47999999999956,470.9500000000018,461.47999999999956,461.47999999999956,470.9500000000018,461.47999999999956,470.9500000000018,461.47999999999956,461.47999999999956,461.47999999999956,461.47999999999956,461.47999999999956,461.47999999999956,461.47999999999956,461.47999999999956,461.47999999999956,461.47999999999956,461.47999999999956,461.47999999999956,461.47999999999956,461.47999999999956,461.47999999999956,461.47999999999956,461.47999999999956,461.47999999999956,461.48999999999955,461.48999999999955,461.48999999999955,461.48999999999955,461.48999999999955,461.48999999999955,461.48999999999955,461.48999999999955,461.48999999999955,461.48999999999955,461.48999999999955,461.48999999999955,461.48999999999955,461.48999999999955,461.48999999999955,461.48999999999955,461.48999999999955,461.48999999999955,461.48999999999955,461.48999999999955,461.48999999999955,461.48999999999955,461.48999999999955,461.48999999999955,461.48999999999955,461.48999999999955,461.48999999999955,461.48999999999955,461.48999999999955,461.48999999999955,461.48999999999955,461.48999999999955,461.48999999999955,461.48999999999955,461.48999999999955,461.48999999999955,461.48999999999955,461.48999999999955,461.48999999999955,461.48999999999955,461.48999999999955,461.49999999999955,461.49999999999955,461.49999999999955,461.49999999999955,461.49999999999955,461.49999999999955,461.49999999999955,461.49999999999955,461.49999999999955,461.49999999999955,461.49999999999955,461.49999999999955,461.49999999999955,461.49999999999955,461.49999999999955,461.49999999999955,461.49999999999955,461.49999999999955,461.49999999999955,461.49999999999955,461.49999999999955,461.49999999999955,471.1100000000018,461.49999999999955,461.49999999999955,461.49999999999955,461.49999999999955,461.49999999999955,461.49999999999955,461.49999999999955,461.49999999999955,461.49999999999955,461.49999999999955,461.49999999999955,461.49999999999955,461.49999999999955,461.50999999999954,461.50999999999954,461.50999999999954,461.50999999999954,461.50999999999954,461.50999999999954,461.50999999999954,461.50999999999954,461.50999999999954,461.50999999999954,461.50999999999954,461.50999999999954,461.50999999999954,461.50999999999954,461.50999999999954,461.50999999999954,461.50999999999954,461.50999999999954,461.50999999999954,461.50999999999954,461.50999999999954,461.50999999999954,461.50999999999954,461.50999999999954,461.50999999999954,461.50999999999954,461.50999999999954,461.50999999999954,461.50999999999954,461.50999999999954,461.50999999999954,461.50999999999954,461.50999999999954,461.50999999999954,461.50999999999954,461.50999999999954,461.50999999999954,461.50999999999954,461.50999999999954,461.50999999999954,461.50999999999954,461.5199999999995,461.5199999999995,461.5199999999995,461.5199999999995,461.5199999999995,461.5199999999995,461.5199999999995,461.5199999999995,461.5199999999995,461.5199999999995,461.5199999999995,461.5199999999995,461.5199999999995,461.5199999999995,461.5199999999995,461.5199999999995,461.5199999999995,461.5199999999995,461.5199999999995,461.5299999999995,461.5299999999995,461.5299999999995,461.5299999999995,461.5299999999995,461.5299999999995,461.5299999999995,471.27000000000174,461.5299999999995,461.5299999999995,461.5299999999995,461.5299999999995,461.5299999999995,461.5299999999995,461.5299999999995,461.5299999999995,461.5299999999995,461.5299999999995,461.5299999999995,461.5299999999995,461.5299999999995,461.5299999999995,461.5299999999995,461.5299999999995,461.5299999999995,461.5299999999995,461.5299999999995,461.5299999999995,461.5299999999995,461.5299999999995,461.5299999999995,461.5299999999995,461.5299999999995,461.5299999999995,461.5299999999995,461.5299999999995,461.5299999999995,461.5299999999995,461.5299999999995,461.5299999999995,461.5299999999995,461.5299999999995,461.5299999999995,461.5299999999995,461.5299999999995,461.5299999999995,461.5399999999996,461.5399999999996,461.5399999999996,461.5399999999996,461.5399999999996,461.5399999999996,461.5399999999996,461.5399999999996,461.5399999999996,461.5399999999996,461.5399999999996,461.5399999999996,461.5399999999996,461.5399999999996,461.5399999999996,461.5399999999996,461.5399999999996,461.5399999999996,461.5399999999996,461.5399999999996,461.5399999999996,461.5399999999996,461.5399999999996,461.5399999999996,461.5399999999996,461.5399999999996,461.5399999999996,461.5399999999996,461.5399999999996,461.5399999999996,461.5399999999996,461.5399999999996,461.5399999999996,461.5399999999996,461.5499999999996,461.5499999999996,461.5499999999996,461.5499999999996,461.5499999999996,461.5499999999996,461.5499999999996,471.27000000000174,461.5499999999996,461.5499999999996,461.5499999999996,461.5499999999996,461.5499999999996,461.5499999999996,461.5499999999996,461.5499999999996,461.5499999999996,461.5499999999996,461.5499999999996,461.5499999999996,461.5499999999996,461.5499999999996,461.5499999999996,461.5499999999996,461.5499999999996,461.5499999999996,461.5499999999996,461.5499999999996,461.5499999999996,461.5499999999996,461.5499999999996,461.5499999999996,461.5499999999996,471.4400000000017,471.4400000000017,471.4400000000017,471.60000000000167,461.86999999999966,461.86999999999966,461.86999999999966,461.86999999999966,461.86999999999966,461.86999999999966,461.86999999999966,461.86999999999966,461.86999999999966,461.86999999999966,461.86999999999966,461.86999999999966,461.86999999999966,461.86999999999966,461.86999999999966,461.86999999999966,
461.87999999999965,461.87999999999965,461.87999999999965,461.87999999999965,461.87999999999965,461.87999999999965,461.87999999999965,461.87999999999965,461.87999999999965,461.87999999999965,461.87999999999965,461.87999999999965,461.87999999999965,461.88999999999965,461.88999999999965,461.88999999999965,461.88999999999965,461.88999999999965,461.88999999999965,461.88999999999965,461.88999999999965,461.88999999999965,461.88999999999965,461.88999999999965,461.88999999999965,461.88999999999965,461.89999999999964,461.89999999999964,461.89999999999964,471.76000000000175,461.89999999999964,461.89999999999964,471.76000000000175,461.89999999999964,471.76000000000175,461.89999999999964,471.76000000000175,461.89999999999964,471.76000000000175,461.89999999999964,461.89999999999964,461.9099999999996,461.9199999999996,461.9199999999996,461.9299999999996,461.9299999999996,461.9299999999996,461.9299999999996,461.9299999999996,461.9299999999996,461.9399999999996,461.9399999999996,461.9399999999996,461.9599999999996,461.98999999999967,461.99999999999966,461.99999999999966,461.99999999999966,461.99999999999966,462.00999999999965,471.9300000000017,462.00999999999965,462.0399999999996,462.0399999999996,462.0699999999997,462.0699999999997,462.1099999999997,462.1099999999997,462.1099999999997,462.1099999999997,462.12999999999965,462.14999999999964,462.14999999999964,462.14999999999964,462.14999999999964,462.14999999999964,462.14999999999964,472.0900000000017,462.1699999999996,462.1699999999996,462.1699999999996,462.1699999999996,462.1699999999996,462.1699999999996,462.2099999999996,462.2099999999996,462.2099999999996,462.2099999999996,462.2099999999996,462.22999999999956,462.22999999999956,462.22999999999956,462.22999999999956,462.25999999999954,462.27999999999963,462.27999999999963,462.27999999999963,462.27999999999963,472.26000000000175,472.26000000000175,462.2999999999996,462.3299999999996,462.34999999999957,462.34999999999957,462.37999999999954,462.37999999999954,462.4099999999996,472.4300000000017,472.4300000000017,462.4599999999996,462.48999999999955,462.50999999999954,462.50999999999954,462.50999999999954,462.5399999999995,462.5699999999995,462.5699999999995,472.6000000000018,472.6000000000018,472.6000000000018,472.6000000000018,472.6000000000018,472.6000000000018,472.6000000000018,472.6000000000018,462.6599999999995,462.6599999999995,462.6599999999995,462.6599999999995,462.6899999999995,462.72999999999945,462.75999999999954,472.77000000000174,472.77000000000174,472.77000000000174,472.77000000000174,472.77000000000174,462.7899999999995,462.7899999999995,462.8299999999995,462.8299999999995,462.8299999999995,462.85999999999945,462.8999999999995,462.9299999999995,462.9299999999995,472.9400000000017,462.99999999999955,463.0399999999995,463.0399999999995,463.0399999999995,463.10999999999945,473.1000000000018,473.1000000000018,473.1000000000018,463.1899999999995,463.1899999999995,463.22999999999945,463.22999999999945,463.22999999999945,473.27000000000174,473.27000000000174,473.27000000000174,463.3099999999995,463.34999999999945,463.38999999999953,463.38999999999953,463.38999999999953,463.4299999999995,473.4400000000017,463.46999999999946,463.46999999999946,463.5499999999995,463.5499999999995,463.5499999999995,463.58999999999946,473.4400000000017,473.4400000000017,463.62999999999954,463.6699999999995,463.6699999999995,463.6699999999995,463.6799999999996,463.7199999999996,463.7199999999996,463.7199999999996,463.7199999999996,463.7199999999996,473.60000000000167,463.7199999999996,473.60000000000167,473.60000000000167,463.75999999999954,463.75999999999954,463.75999999999954,463.7999999999996,463.8399999999996,463.8399999999996,463.8399999999996,463.87999999999954,463.9299999999996,463.9299999999996,463.9299999999996,463.9399999999996,463.97999999999956,473.9400000000017,473.9400000000017,473.9400000000017,463.97999999999956,464.0299999999995,464.0299999999995,464.0299999999995,464.0299999999995,464.0299999999995,464.0799999999996,464.0799999999996,464.0799999999996,464.0799999999996,464.12999999999954,474.11000000000166,464.1799999999995,464.22999999999956,464.22999999999956,474.28000000000173,464.3199999999996,464.36999999999955,464.36999999999955,464.36999999999955,474.4500000000017,464.4199999999996,464.4199999999996,464.4199999999996,464.4199999999996,474.62000000000177,474.62000000000177,474.62000000000177,474.62000000000177,474.62000000000177,474.62000000000177,474.62000000000177,474.62000000000177,474.62000000000177,474.62000000000177,464.59999999999957,464.59999999999957,464.59999999999957,464.59999999999957,464.64999999999964,464.64999999999964,464.64999999999964,464.7099999999996,464.7099999999996,464.7099999999996,474.7900000000017,464.8199999999996,474.9600000000017,464.86999999999966,464.86999999999966,464.86999999999966,464.9799999999997,465.0399999999996,465.0399999999996,475.13000000000176,475.13000000000176,465.1599999999995,465.1599999999995,465.1599999999995,465.1599999999995,475.30000000000183,475.30000000000183,475.30000000000183,465.2799999999995,465.2799999999995,465.2799999999995,465.2799999999995,465.33999999999946,465.33999999999946,475.4700000000018,465.3999999999994,465.3999999999994,465.45999999999947,465.45999999999947,465.45999999999947,475.65000000000174,465.5199999999994,465.5199999999994,465.5799999999995,465.5799999999995,465.5799999999995,465.5799999999995,465.5799999999995,465.6499999999994,475.8200000000018,465.70999999999947,465.70999999999947,465.70999999999947,465.7699999999994,465.7699999999994,476.00000000000176,476.00000000000176,476.00000000000176,465.83999999999946,465.9099999999994,465.9099999999994,465.9099999999994,465.97999999999945,476.1800000000018,466.0399999999994,466.1699999999995,476.3500000000018,476.3600000000018,476.3600000000018,466.23999999999944,476.3600000000018,466.3799999999994,466.4499999999995,466.4499999999995,466.5199999999994,466.5199999999994,476.53000000000173,476.53000000000173,476.53000000000173,476.53000000000173,466.58999999999946,466.58999999999946,466.6599999999995,466.6599999999995,466.6599999999995,476.7000000000017,466.72999999999945,466.7999999999995,476.7000000000017,466.9399999999995,476.88000000000164,467.08999999999946,467.1599999999995,467.1599999999995,467.1599999999995,467.1599999999995,476.88000000000164,476.88000000000164,476.88000000000164,467.3099999999995,467.3099999999995,467.38999999999953,476.88000000000164,476.88000000000164,476.88000000000164,467.45999999999947,467.5299999999995,467.5299999999995,467.5299999999995,467.5299999999995,467.5299999999995,467.5299999999995,477.0600000000017,467.6899999999995,477.25000000000165,467.75999999999954,467.83999999999946,467.83999999999946,467.83999999999946,477.25000000000165,477.25000000000165,467.9199999999994,467.99999999999943,467.99999999999943,477.25000000000165,477.25000000000165,477.25000000000165,468.1699999999994,477.4300000000017,468.33999999999946,468.33999999999946,468.33999999999946,468.33999999999946,468.33999999999946,477.4300000000017,468.4199999999995,468.4199999999995,468.58999999999946,468.6799999999995,468.6799999999995,477.6100000000018,468.85999999999956,477.80000000000183,477.80000000000183,468.9499999999995,469.0399999999995,469.0399999999995,478.17000000000183,478.17000000000183,478.17000000000183,469.12999999999954,469.2199999999996,469.2199999999996,469.2199999999996,469.2199999999996,478.17000000000183,478.17000000000183,478.17000000000183,469.3999999999995,469.3999999999995,469.3999999999995,469.3999999999995,478.3500000000019,469.48999999999955,469.5799999999996,478.54000000000184,478.54000000000184,469.6699999999995,478.54000000000184,469.9399999999996,470.0299999999995,470.0299999999995,470.0299999999995,470.0299999999995,478.54000000000184,470.11999999999955,470.11999999999955,470.11999999999955,470.11999999999955,470.11999999999955,470.11999999999955,470.11999999999955,478.7300000000019,478.7300000000019,470.2099999999996,470.2099999999996,470.3999999999995,470.48999999999955,478.92000000000183,478.92000000000183,470.5799999999996,478.92000000000183,478.92000000000183,470.76999999999964,470.76999999999964,470.76999999999964,470.76999999999964,470.76999999999964,470.76999999999964,479.1100000000019,479.1100000000019,479.1100000000019,479.1100000000019,470.76999999999964,470.8599999999997,470.8599999999997,470.8599999999997,479.1100000000019,470.9499999999997,470.9499999999997,470.9499999999997,470.9499999999997,470.9499999999997,471.0399999999996,471.0399999999996,471.0399999999996,471.0399999999996,471.13999999999965,471.13999999999965,479.4900000000019,479.4900000000019,479.4900000000019,479.4900000000019,471.23999999999967,479.68000000000194,479.68000000000194,479.68000000000194,479.68000000000194,479.68000000000194,471.3299999999997,471.3299999999997,471.4299999999996,471.4299999999996,479.870000000002,479.870000000002,471.52999999999963,471.62999999999965,480.06000000000193,471.7299999999997,471.7299999999997,471.9299999999996,472.02999999999963,480.4600000000019,480.4600000000019,472.02999999999963,472.12999999999965,472.12999999999965,472.12999999999965,472.12999999999965,480.66000000000196,480.66000000000196,480.66000000000196,480.66000000000196,480.67000000000195,480.67000000000195,480.67000000000195,472.2299999999997,472.2299999999997,472.2299999999997,472.3299999999997,472.3299999999997,480.860000000002,472.4299999999997,472.4299999999997,472.4299999999997,472.4299999999997,472.4299999999997,480.860000000002,472.4299999999997,480.860000000002,472.4299999999997,472.5499999999997,472.75999999999976,481.07000000000204,472.9699999999998,472.9699999999998,473.0699999999998,473.0699999999998,473.0699999999998,473.16999999999973,473.16999999999973,481.46000000000214,481.46000000000214,473.26999999999964,473.26999999999964,481.66000000000207,473.4799999999997,481.66000000000207,481.66000000000207,473.6999999999997,473.6999999999997,473.6999999999997,473.6999999999997,473.6999999999997,481.66000000000207,481.66000000000207,473.8099999999997,473.8099999999997,473.91999999999973,473.91999999999973,481.8600000000021,474.02999999999975,474.02999999999975,474.02999999999975,482.06000000000216,474.3599999999997,482.2600000000021,482.2600000000021,474.4699999999997,474.4699999999997,474.4699999999997,474.4699999999997,482.46000000000214,482.46000000000214,482.46000000000214,482.46000000000214,482.46000000000214,474.6899999999997,474.6899999999997,474.6899999999997,474.6899999999997,474.6999999999997,474.8099999999997,474.8099999999997,474.8099999999997,474.8099999999997,474.8099999999997,482.8600000000021,474.9299999999997,483.06000000000216,483.06000000000216,475.0499999999997,483.2600000000021,475.2999999999997,475.2999999999997,475.41999999999973,475.41999999999973,475.41999999999973,475.41999999999973,475.41999999999973,475.41999999999973,483.46000000000214,483.46000000000214,483.46000000000214,483.46000000000214,483.6600000000022,483.6600000000022,475.66999999999973,475.66999999999973,475.77999999999975,475.77999999999975,475.77999999999975,475.77999999999975,483.6600000000022,483.6600000000022,475.89999999999975,475.89999999999975,483.8700000000022,476.13999999999976,476.25999999999976,476.25999999999976,484.2700000000022,484.2700000000022,476.37999999999977,476.37999999999977,476.37999999999977,484.47000000000224,484.6800000000023,476.4999999999998,476.4999999999998,476.4999999999998,476.4999999999998,476.50999999999976,476.62999999999977,476.62999999999977,476.62999999999977,476.63999999999976,476.63999999999976,476.63999999999976,484.8800000000022,484.8800000000022,476.75999999999976,476.75999999999976,476.75999999999976,485.08000000000226,485.08000000000226,476.9999999999998,476.9999999999998,476.9999999999998,476.9999999999998,476.9999999999998,476.9999999999998,476.9999999999998,476.9999999999998,476.9999999999998,476.9999999999998,485.2900000000022,477.12999999999977,477.2499999999998,477.2499999999998,477.2499999999998,485.5000000000022,485.5000000000022,477.3699999999998,477.3699999999998,477.4899999999998,477.4899999999998,477.6099999999998,477.6099999999998,477.6099999999998,477.6099999999998,485.9100000000022,485.9100000000022,477.7299999999998,477.7299999999998,477.7299999999998,485.9100000000022,477.8599999999998,477.9899999999998,477.9899999999998,477.9899999999998,477.9899999999998,477.9899999999998,477.9899999999998,477.9899999999998,486.11000000000223,486.11000000000223,486.11000000000223,486.11000000000223,478.1099999999998,478.1199999999998,478.1199999999998,478.2499999999998,486.32000000000227,478.2499999999998,486.32000000000227,478.2499999999998,486.32000000000227,486.32000000000227,486.32000000000227,486.32000000000227,486.32000000000227,486.32000000000227,486.32000000000227,486.32000000000227,478.3799999999999,478.3799999999999,478.3799999999999,478.3799999999999,486.5300000000022,478.5099999999999,478.5099999999999,478.5099999999999,478.5099999999999,478.5099999999999,478.5099999999999,478.5099999999999,478.5099999999999,478.5099999999999,478.5099999999999,478.6399999999999,478.6399999999999,478.6399999999999,486.7400000000022,478.76999999999987,478.76999999999987,478.76999999999987,478.76999999999987,478.76999999999987,478.76999999999987,478.76999999999987,478.76999999999987,478.76999999999987,478.76999999999987,478.76999999999987,478.76999999999987,478.76999999999987,478.76999999999987,478.76999999999987,478.76999999999987,478.89999999999986,478.89999999999986,478.89999999999986,486.95000000000226,486.95000000000226,479.02999999999986,479.16999999999985,479.29999999999984,479.42999999999984,487.37000000000234,479.55999999999995,479.55999999999995,487.58000000000226,487.58000000000226,487.58000000000226,479.69999999999993,479.69999999999993,479.69999999999993,479.69999999999993,479.8399999999999,487.58000000000226,487.58000000000226,479.9699999999999,479.9699999999999,487.7900000000023,480.2399999999999,488.00000000000233,488.00000000000233,488.00000000000233,480.3699999999999,480.3799999999999,488.21000000000225,488.21000000000225,488.21000000000225,488.21000000000225,488.21000000000225,480.5099999999999,480.5099999999999,480.5099999999999,480.64999999999986,480.64999999999986,480.64999999999986,480.64999999999986,480.78999999999996,480.78999999999996,480.78999999999996,480.78999999999996,480.92999999999995,481.05999999999995,481.05999999999995,481.05999999999995,481.05999999999995,481.05999999999995,481.05999999999995,481.05999999999995,488.84000000000225,488.84000000000225,488.85000000000224,488.85000000000224,488.85000000000224,488.85000000000224,488.85000000000224,488.85000000000224,488.85000000000224,488.85000000000224,488.85000000000224,488.85000000000224,481.18999999999994,481.18999999999994,488.85000000000224,488.85000000000224,488.85000000000224,489.0600000000023,489.0600000000023,489.0600000000023,481.5999999999999,481.5999999999999,489.2700000000023,489.2700000000023,489.2700000000023,489.2700000000023,489.2700000000023,489.2700000000023,489.48000000000235,489.48000000000235,489.48000000000235,489.48000000000235,489.48000000000235,489.48000000000235,489.48000000000235,489.48000000000235,489.48000000000235,489.48000000000235,489.48000000000235,481.8799999999999,482.01999999999987,489.70000000000226,489.70000000000226,489.70000000000226,489.70000000000226,489.70000000000226,482.15999999999985,489.9100000000022,489.9100000000022,489.9100000000022,489.9100000000022,489.9100000000022,482.29999999999984,482.29999999999984,490.1200000000022,490.1200000000022,490.1200000000022,490.1200000000022,482.5799999999999,482.7199999999999,490.34000000000225,482.7199999999999,490.34000000000225,482.7199999999999,482.8699999999999,482.8699999999999,490.5600000000023,490.5600000000023,483.0099999999999,483.0099999999999,483.0099999999999,490.7700000000022,490.7700000000022,483.14999999999986,483.14999999999986,483.14999999999986,483.14999999999986,490.98000000000224,490.98000000000224,490.98000000000224,490.98000000000224,483.4599999999999,491.20000000000226,491.20000000000226,491.20000000000226,491.20000000000226,483.6099999999999,483.6099999999999,483.7599999999999,483.7599999999999,491.4100000000023,483.90999999999997,491.6200000000022,491.6200000000022,491.6200000000022,491.6200000000022,491.6200000000022,491.6200000000022,491.6200000000022,491.6200000000022,491.6200000000022,491.6200000000022,484.05999999999995,484.05999999999995,484.2099999999999,484.2099999999999,484.2099999999999,491.84000000000214,484.3599999999999,484.51,484.51,484.51,484.51,492.2700000000022,492.2700000000022,492.2700000000022,492.2700000000022,492.2700000000022,484.65999999999997,484.80999999999995,484.80999999999995,484.80999999999995,492.4900000000022,492.4900000000022,492.4900000000022,492.4900000000022,492.4900000000022,484.9599999999999,484.9599999999999,492.72000000000224,492.72000000000224,492.72000000000224,492.72000000000224,492.72000000000224,492.72000000000224,485.11,485.11,485.26,492.94000000000216,485.40999999999997,493.1600000000022,493.1600000000022,493.1600000000022,493.1600000000022,493.1600000000022,493.1600000000022,493.1600000000022,485.55999999999995,485.55999999999995,485.71000000000004,485.72,493.3800000000022,493.3800000000022,493.3800000000022,493.3800000000022,493.3800000000022,493.3800000000022,493.3800000000022,493.3800000000022,485.87,485.87,485.87,493.60000000000224,493.60000000000224,493.60000000000224,486.03,486.03,486.03,486.17999999999995,486.17999999999995,486.17999999999995,486.17999999999995,486.17999999999995,486.17999999999995,486.17999999999995,493.82000000000227,493.82000000000227,493.82000000000227,494.0500000000023,494.0500000000023,494.0500000000023,494.0500000000023,486.5,486.65999999999997,486.65999999999997,486.65999999999997,486.65999999999997,486.65999999999997,486.65999999999997,494.2700000000022,494.2700000000022,486.81999999999994,494.5000000000022,494.5000000000022,494.5000000000022,494.5000000000022,486.97,486.97,486.97,486.97,486.97,486.97,494.73000000000224,494.73000000000224,494.73000000000224,494.73000000000224,494.7400000000022,487.13,494.7400000000022,494.7400000000022,487.45000000000005,487.45000000000005,495.19000000000227,495.19000000000227,495.19000000000227,487.61,495.4100000000023,487.77,487.77,487.77,487.77,487.77,487.77,487.77,487.77,495.6400000000022,495.6400000000022,495.6400000000022,487.92999999999995,487.92999999999995,488.0899999999999,488.0899999999999,488.0899999999999,488.0899999999999,495.8600000000021,488.0899999999999,495.8600000000021,488.0899999999999,495.8600000000021,495.8600000000021,495.8600000000021,496.09000000000214,496.09000000000214,496.1000000000021,496.1000000000021,496.1000000000021,496.33000000000214,488.40999999999997,496.33000000000214,496.33000000000214,496.33000000000214,496.33000000000214,496.33000000000214,496.33000000000214,496.33000000000214,496.33000000000214,488.56999999999994,496.56000000000216,488.73,488.73,488.73,488.73,496.7900000000022,496.7900000000022,496.7900000000022,496.7900000000022,488.89,488.89,488.89,488.89,488.89,497.0200000000022,497.0200000000022,497.0200000000022,497.0200000000022,497.0200000000022,497.0200000000022,497.0200000000022,497.0200000000022,497.0200000000022,489.22,497.2500000000022,489.3900000000001,489.3900000000001,497.48000000000224,497.48000000000224,497.48000000000224,497.48000000000224,497.48000000000224,489.3900000000001,489.3900000000001,489.3900000000001,489.55000000000007,497.71000000000225,497.71000000000225,497.71000000000225,497.95000000000215,489.8700000000001,490.0300000000001,490.0300000000001,490.20000000000016,490.20000000000016,490.20000000000016,498.18000000000217,498.18000000000217,498.18000000000217,498.18000000000217,498.18000000000217,498.18000000000217,498.18000000000217,498.18000000000217,498.18000000000217,498.18000000000217,498.18000000000217,498.18000000000217,498.18000000000217,498.18000000000217,498.18000000000217,490.3600000000001,490.3600000000001,498.4100000000022,490.5200000000001,490.5200000000001,490.69000000000005,490.69000000000005,490.69000000000005,490.69000000000005,498.6400000000022,498.6400000000022,498.6400000000022,498.6400000000022,490.69000000000005,499.10000000000224,499.10000000000224,499.10000000000224,499.10000000000224,499.10000000000224,491.0400000000001,491.0400000000001,491.0400000000001,491.0400000000001,491.0400000000001,491.21000000000015,491.21000000000015,491.21000000000015,491.3800000000001,491.3900000000001,499.57000000000227,491.56000000000006,491.73000000000013,491.73000000000013,491.73000000000013,499.8100000000023,499.8100000000023,499.8100000000023,499.8100000000023,499.8100000000023,499.8100000000023,491.73000000000013,491.73000000000013,491.73000000000013,491.73000000000013,500.05000000000217,491.9000000000001,500.2900000000022,500.2900000000022,500.2900000000022,500.2900000000022,492.07000000000005,500.5300000000022,500.5300000000022,500.5300000000022,500.5300000000022,500.5300000000022,500.5300000000022,500.5300000000022,500.5300000000022,500.5300000000022,492.2400000000001,500.7600000000022,500.7600000000022,492.4100000000002,492.4100000000002,492.4100000000002,501.0000000000022,501.0000000000022,492.58000000000027,492.58000000000027,492.58000000000027,501.2400000000022,501.2400000000022,492.7500000000002,501.48000000000224,492.9200000000002,501.72000000000224,493.10000000000014,493.10000000000014,501.96000000000225,502.20000000000226,493.2800000000002,493.2800000000002,493.2800000000002,493.2800000000002,502.44000000000227,502.44000000000227,493.46000000000026,493.46000000000026,502.6800000000023,493.6400000000002,493.6400000000002,493.6400000000002,493.6400000000002,502.9200000000023,502.9200000000023,493.82000000000016,493.82000000000016,493.82000000000016,493.82000000000016,493.82000000000016,503.1600000000023,503.1600000000023,503.1600000000023,503.1600000000023,503.1600000000023,494.0000000000001,494.0000000000001,503.1600000000023,503.1600000000023,494.18000000000006,494.18000000000006,503.1600000000023,494.36,503.4000000000023,503.4000000000023,503.4000000000023,494.55000000000007,503.6500000000023,503.6500000000023,503.6500000000023,503.6500000000023,503.6500000000023,503.9000000000023,494.73,503.9000000000023,494.73,503.9000000000023,494.73,494.91999999999996,504.1400000000023,504.1400000000023,504.1400000000023,504.1400000000023,504.1400000000023,504.1400000000023,504.1400000000023,504.1400000000023,504.1400000000023,504.1400000000023,504.1500000000023,504.1500000000023,495.28,495.28,495.28,495.46000000000004,504.3900000000023,495.64,495.83000000000004,495.83000000000004,495.83000000000004,495.83000000000004,504.8800000000023,496.01,505.12000000000234,505.12000000000234,496.19999999999993,496.19999999999993,505.36000000000234,505.36000000000234,496.39,496.5799999999999,505.60000000000235,505.60000000000235,496.77,496.77,496.77,496.77,505.60000000000235,505.60000000000235,505.60000000000235,496.9599999999999,496.9599999999999,496.9599999999999,496.9599999999999,496.9599999999999,505.85000000000235,505.85000000000235,505.85000000000235,497.15,506.10000000000235,497.3399999999999,497.3399999999999,497.3399999999999,497.3399999999999,497.3399999999999,506.35000000000235,506.35000000000235,506.35000000000235,506.35000000000235,506.35000000000235,497.52999999999986,506.60000000000235,506.60000000000235,506.60000000000235,497.52999999999986,506.86000000000234,506.86000000000234,497.7199999999998,497.7199999999998,497.90999999999985,497.90999999999985,507.36000000000234,497.90999999999985,497.90999999999985,497.90999999999985,497.90999999999985,507.36000000000234,507.36000000000234,507.36000000000234,498.1099999999999,507.61000000000234,507.61000000000234,498.29999999999984,498.4999999999999,498.4999999999999,507.86000000000234,498.69999999999993,498.69999999999993,498.69999999999993,498.69999999999993,498.69999999999993,508.12000000000234,508.12000000000234,508.12000000000234,508.12000000000234,498.8899999999999,498.8899999999999,508.3800000000023,499.0799999999999,499.26999999999987,508.6300000000023,508.6300000000023,508.6300000000023,499.4599999999999,499.4599999999999,499.4599999999999,508.8800000000023,508.8800000000023,508.8800000000023,499.65999999999997,509.1300000000023,509.1300000000023,499.8599999999999,499.8599999999999,499.8599999999999,509.1300000000023,509.1300000000023,500.05999999999995,500.05999999999995,500.05999999999995,500.05999999999995,500.05999999999995,500.05999999999995,509.3900000000023,509.3900000000023,500.26,509.6500000000023,509.6500000000023,500.46000000000004,500.46000000000004,509.9100000000023,509.9100000000023,509.9100000000023,509.9100000000023,509.9100000000023,509.9100000000023,500.65999999999997,500.65999999999997,500.65999999999997,500.87,509.9100000000023,501.07000000000005,501.07000000000005,509.9100000000023,509.9100000000023,501.07000000000005,501.07000000000005,501.07000000000005,501.07000000000005,501.2800000000001,510.4300000000023,510.4300000000023,510.4300000000023,510.4300000000023,501.48000000000013,501.48000000000013,501.48000000000013,501.48000000000013,501.48000000000013,510.6900000000024,510.6900000000024,510.6900000000024,510.6900000000024,510.6900000000024,510.6900000000024,510.6900000000024,510.6900000000024,510.6900000000024,510.6900000000024,510.6900000000024,510.6900000000024,510.96000000000237,510.96000000000237,510.96000000000237,510.96000000000237,510.96000000000237,510.96000000000237,510.96000000000237,501.8900000000002,501.8900000000002,501.8900000000002,501.8900000000002,502.09000000000015,510.96000000000237,502.09000000000015,502.09000000000015,502.2900000000002,510.96000000000237,510.96000000000237,510.96000000000237,502.5000000000002,511.22000000000236,511.22000000000236,502.71000000000015,502.71000000000015,511.49000000000245,511.49000000000245,511.49000000000245,511.49000000000245,511.49000000000245,502.9200000000002,502.9200000000002,511.49000000000245,503.1200000000001,503.1200000000001,511.75000000000244,511.75000000000244,503.32000000000016,503.32000000000016,503.32000000000016,503.32000000000016,512.0100000000025,512.0100000000025,512.0100000000025,512.0100000000025,512.0100000000025,512.0100000000025,512.0100000000025,512.0100000000025,512.0100000000025,503.5300000000002,512.0100000000025,512.0100000000025,503.5300000000002,512.0100000000025,512.0100000000025,512.0100000000025,503.5300000000002,503.5300000000002,503.5300000000002,512.0100000000025,512.0100000000025,503.74000000000024,503.74000000000024,503.74000000000024,503.74000000000024,503.74000000000024,503.74000000000024,503.74000000000024,503.74000000000024,503.74000000000024,503.74000000000024,512.0100000000025,512.0100000000025,512.0100000000025,503.9500000000003,503.9500000000003,512.2900000000025,512.2900000000025,512.2900000000025,512.2900000000025,504.37000000000023,512.2900000000025,512.2900000000025,512.2900000000025,512.2900000000025,504.7900000000002,504.7900000000002,504.7900000000002,504.7900000000002,504.7900000000002,504.7900000000002,505.0100000000002,512.5600000000024,512.5600000000024,512.5600000000024,512.5600000000024,512.5600000000024,512.5600000000024,512.5600000000024,505.22000000000025,505.22000000000025,505.22000000000025,505.22000000000025,505.22000000000025,505.22000000000025,505.4300000000003,505.4300000000003,505.4300000000003,505.4300000000003,505.4300000000003,505.4300000000003,512.5600000000024,505.6500000000003,505.6500000000003,505.6500000000003,512.8300000000024,512.8300000000024,505.87000000000023,505.87000000000023,505.87000000000023,512.8300000000024,512.8300000000024,512.8300000000024,512.8300000000024,512.8300000000024,506.08000000000027,506.08000000000027,506.08000000000027,513.1000000000024,513.1000000000024,513.1000000000024,513.1000000000024,513.1000000000024,513.1000000000024,513.1000000000024,513.1000000000024,506.2900000000003,506.2900000000003,506.2900000000003,506.2900000000003,506.2900000000003,506.2900000000003,506.2900000000003,506.2900000000003,506.2900000000003,506.2900000000003,506.50000000000034,513.1000000000024,513.1000000000024,513.1000000000024,513.3700000000024,513.3700000000024,513.3700000000024,506.9200000000003,506.9200000000003,507.13000000000034,507.13000000000034,507.13000000000034,513.6400000000024,513.6400000000024,513.6400000000024,513.6400000000024,507.35000000000036,507.35000000000036,507.35000000000036,507.35000000000036,507.35000000000036,507.36000000000035,507.36000000000035,507.36000000000035,507.36000000000035,507.36000000000035,507.36000000000035,507.36000000000035,507.37000000000035,507.37000000000035,513.6400000000024,513.6400000000024,507.37000000000035,507.37000000000035,507.37000000000035,507.37000000000035,507.37000000000035,507.37000000000035,507.37000000000035,507.37000000000035,507.59000000000026,507.59000000000026,507.59000000000026,513.9100000000025,507.8100000000003,514.1800000000025,514.1800000000025,508.0300000000003,508.0300000000003,514.1800000000025,514.1900000000024,508.0300000000003,508.0300000000003,508.0300000000003,514.1900000000024,514.1900000000024,508.25000000000034,508.25000000000034,508.25000000000034,508.25000000000034,508.25000000000034,508.25000000000034,508.25000000000034,508.25000000000034,514.4700000000025,514.4700000000025,508.47000000000037,514.4700000000025,508.47000000000037,514.4700000000025,508.47000000000037,514.4700000000025,508.47000000000037,514.4700000000025,514.4700000000025,514.4700000000025,514.4700000000025,508.6900000000003,508.6900000000003,508.6900000000003,508.6900000000003,508.6900000000003,508.6900000000003,508.6900000000003,514.4700000000025,514.4700000000025,508.9100000000003,508.9100000000003,508.9100000000003,514.4700000000025,514.4700000000025,509.13000000000034,509.13000000000034,509.13000000000034,509.13000000000034,509.13000000000034,509.13000000000034,509.13000000000034,514.4700000000025,514.4700000000025,514.4700000000025,514.4700000000025,514.4700000000025,514.4700000000025,509.35000000000036,514.7500000000026,509.5700000000004,509.5700000000004,515.0200000000026,515.0200000000026,509.8000000000004,515.3000000000026,515.3000000000026,515.3000000000026,515.3000000000026,515.3000000000026,515.3000000000026,515.3000000000026,510.02000000000044,510.24000000000046,510.24000000000046,515.5800000000025,510.4700000000005,510.4700000000005,510.4700000000005,510.4700000000005,510.4700000000005,510.4700000000005,510.4700000000005,510.4700000000005,510.4700000000005,510.4700000000005,510.4700000000005,515.8600000000025,510.4700000000005,510.4700000000005,510.4700000000005,510.4700000000005,510.4700000000005,510.4700000000005,510.4700000000005,510.4700000000005,510.6900000000005,510.6900000000005,515.8600000000025,515.8600000000025,515.8600000000025,510.9100000000004,515.8600000000025,515.8600000000025,515.8600000000025,515.8600000000025,515.8600000000025,515.8600000000025,515.8600000000025,515.8600000000025,511.14000000000044,516.1400000000026,511.37000000000046,511.6000000000005,511.8300000000005,511.8300000000005,511.8300000000005,511.8300000000005,516.4200000000026,512.0600000000005,512.0600000000005,516.7000000000025,516.7000000000025,516.7000000000025,516.7000000000025,516.9800000000026,512.2900000000005,517.2600000000026,517.2600000000026,512.5200000000006,512.5200000000006,512.5200000000006,512.5200000000006,512.5200000000006,517.5400000000026,517.5400000000026,517.5400000000026,517.5400000000026,512.7500000000006,517.5400000000026,517.5400000000026,512.7500000000006,517.5400000000026,512.7500000000006,512.7500000000006,512.7500000000006,512.7500000000006,512.7500000000006,512.7500000000006,512.9900000000006,512.9900000000006,517.5400000000026,513.2200000000006,517.8300000000025,513.4500000000006,513.4500000000006,513.4500000000006,513.4500000000006,513.4500000000006,513.4500000000006,513.4500000000006,513.4500000000006,513.4500000000006,513.4500000000006,513.4500000000006,513.4500000000006,513.4500000000006,513.4500000000006,513.4500000000006,513.4500000000006,513.4500000000006,517.8300000000025,517.8300000000025,513.6800000000006,513.6800000000006,513.6800000000006,513.6800000000006,513.6800000000006,513.6800000000006,513.6800000000006,513.6800000000006,513.6800000000006,513.6800000000006,513.6800000000006,517.8300000000025,517.8300000000025,517.8300000000025,517.8300000000025,517.8300000000025,517.8300000000025,514.1400000000007,514.1400000000007,514.1400000000007,514.1400000000007,514.3700000000007,517.8300000000025,517.8300000000025,517.8300000000025,517.8300000000025,517.8300000000025,517.8300000000025,517.8300000000025,517.8300000000025,514.6000000000007,514.8400000000007,514.8400000000007,514.8400000000007,518.1100000000025,518.1100000000025,518.1100000000025,515.0800000000007,515.0800000000007,515.0800000000007,515.0800000000007,515.0800000000007,515.0800000000007,518.1100000000025,518.1100000000025,515.3100000000006,515.3100000000006,515.3100000000006,518.4000000000026,515.5400000000005,515.5400000000005,515.7700000000006,515.7700000000006,518.6800000000026,518.6800000000026,518.6800000000026,516.0000000000006,518.9700000000025,516.2400000000006,516.2400000000006,516.2400000000006,516.2400000000006,516.2400000000006,518.9700000000025,518.9700000000025,518.9700000000025,518.9700000000025,518.9700000000025,518.9700000000025,518.9700000000025,516.2400000000006,518.9700000000025,518.9700000000025,518.9700000000025,516.4800000000006,516.7200000000006,516.7200000000006,519.2600000000025,516.9600000000006,516.9600000000006,516.9600000000006,516.9600000000006,519.5500000000026,519.5500000000026,517.2000000000006,517.2000000000006,517.2000000000006,517.2000000000006,517.2000000000006,519.5500000000026,519.5500000000026,517.4400000000006,517.4400000000006,519.8400000000025,519.8400000000025,517.6800000000006,520.1300000000026,520.1300000000026,520.1300000000026,517.9200000000006,517.9200000000006,520.4200000000026,518.1600000000007,520.4300000000026,518.1600000000007,520.4300000000026,518.4100000000007,518.4100000000007,518.4100000000007,518.4100000000007,518.4100000000007,520.7200000000025,520.7200000000025,520.7200000000025,520.7200000000025,520.7200000000025,520.7200000000025,520.7200000000025,520.7200000000025,520.7200000000025,520.7200000000025,520.7200000000025,520.7200000000025,520.7200000000025,520.7200000000025,520.7200000000025,520.7200000000025,520.7200000000025,520.7200000000025,520.7200000000025,520.7200000000025,520.7200000000025,520.7200000000025,520.7200000000025,520.7200000000025,520.7200000000025,520.7200000000025,520.7200000000025,520.7200000000025,518.6500000000007,521.0100000000025,521.0100000000025,521.0100000000025,521.0100000000025,521.0100000000025,521.0100000000025,521.0100000000025,521.0100000000025,521.0100000000025,521.0100000000025,521.0100000000025,521.0200000000025,521.0200000000025,518.8900000000007,521.3100000000026,519.1300000000007,519.1300000000007,519.3700000000007,521.6000000000025,521.6000000000025,521.6000000000025,521.6000000000025,521.8900000000025,521.8900000000025,521.8900000000025,521.8900000000025,521.8900000000025,521.8900000000025,521.8900000000025,521.8900000000025,521.8900000000025,521.8900000000025,521.8900000000025,521.8900000000025,521.8900000000025,521.8900000000025,521.8900000000025,521.8900000000025,521.8900000000025,519.6100000000007,519.6200000000007,519.6200000000007,519.6200000000007,522.1900000000024,522.1900000000024,522.1900000000024,522.1900000000024,522.1900000000024,522.1900000000024,522.1900000000024,522.1900000000024,522.1900000000024,522.1900000000024,522.1900000000024,522.1900000000024,522.1900000000024,522.1900000000024,522.1900000000024,522.1900000000024,522.1900000000024,522.1900000000024,522.1900000000024,522.1900000000024,522.1900000000024,522.1900000000024,519.8600000000007,520.1000000000007,520.1000000000007,522.4800000000025,522.4800000000025,520.3500000000007,522.7700000000025,520.6000000000007,520.6000000000007,520.6000000000007,523.0600000000024,520.8500000000007,520.8500000000007,520.8500000000007,523.3600000000025,523.3600000000025,523.3600000000025,523.3600000000025,523.3600000000025,523.3600000000025,523.3600000000025,523.3600000000025,523.3600000000025,523.3600000000025,523.3600000000025,523.3600000000025,523.3600000000025,523.3600000000025,523.6600000000025,523.6600000000025,523.6600000000025,523.6600000000025,523.6600000000025,523.6600000000025,523.6600000000025,521.3500000000007,521.3500000000007,521.3500000000007,521.3500000000007,521.3500000000007,521.3500000000007,523.9600000000025,523.9600000000025,523.9600000000025,521.6000000000007,524.2600000000025,524.2600000000025,524.2600000000025,524.2600000000025,524.2600000000025,524.2600000000025,524.2600000000025,524.2600000000025,524.2600000000025,524.2600000000025,524.2600000000025,524.2600000000025,524.2600000000025,524.2600000000025,524.2600000000025,524.2600000000025,524.2600000000025,524.2600000000025,524.2600000000025,524.2600000000025,524.2600000000025,521.8500000000007,521.8500000000007,521.8500000000007,521.8500000000007,521.8500000000007,521.8500000000007,521.8500000000007,521.8600000000007,521.8600000000007,521.8600000000007,521.8600000000007,524.2600000000025,524.2600000000025,524.2600000000025,524.2600000000025,524.2600000000025,524.2600000000025,524.2600000000025,524.2600000000025,524.2600000000025,521.8600000000007,521.8600000000007,524.5600000000024,524.5600000000024,524.5600000000024,524.5600000000024,522.1100000000007,522.3600000000007,524.8600000000025,524.8600000000025,524.8600000000025,524.8600000000025,524.8600000000025,524.8600000000025,524.8600000000025,522.6100000000007,525.1600000000025,525.1600000000025,525.1600000000025,525.1600000000025,525.1600000000025,525.1600000000025,525.1600000000025,525.1600000000025,525.1600000000025,525.1600000000025,525.1600000000025,525.1600000000025,525.1600000000025,525.1600000000025,525.1600000000025,522.8600000000007,525.4600000000024,525.4600000000024,525.4600000000024,525.4600000000024,525.4600000000024,523.1200000000007,523.1200000000007,523.1200000000007,523.1200000000007,523.1200000000007,523.1200000000007,523.1200000000007,525.7600000000024,525.7600000000024,525.7600000000024,525.7600000000024,525.7600000000024,525.7600000000024,525.7600000000024,525.7600000000024,525.7600000000024,525.7600000000024,525.7600000000024,525.7600000000024,525.7600000000024,525.7600000000024,523.3700000000007,523.3700000000007,523.6300000000007,526.0600000000023,526.0600000000023,526.0600000000023,526.0600000000023,526.0600000000023,526.0600000000023,526.0600000000023,526.0700000000023,523.8800000000007,523.8800000000007,523.8800000000007,523.8800000000007,523.8800000000007,526.3700000000024,526.3700000000024,526.3700000000024,526.3700000000024,526.3700000000024,526.3700000000024,526.3700000000024,526.3700000000024,526.3700000000024,526.3700000000024,526.3700000000024,526.3700000000024,526.3700000000024,526.3700000000024,526.3700000000024,526.3700000000024,526.3700000000024,526.3700000000024,526.3700000000024,526.3700000000024,526.3700000000024,526.3700000000024,526.3700000000024,526.3700000000024,526.3700000000024,526.3700000000024,526.3700000000024,526.3700000000024,526.3700000000024,526.3700000000024,526.3700000000024,526.3700000000024,526.3700000000024,526.3700000000024,526.3700000000024,526.3700000000024,526.3700000000024,526.3700000000024,526.3700000000024,526.3700000000024,526.3700000000024,526.3700000000024,526.3700000000024,526.3700000000024,526.3700000000024,524.1300000000007,524.1300000000007,526.6800000000025,526.6800000000025,526.6800000000025,526.6800000000025,526.6800000000025,526.6800000000025,526.6800000000025,526.6800000000025,526.6800000000025,524.3800000000007,524.3800000000007,524.6300000000007,524.6300000000007,526.9900000000024,524.8900000000007,527.2900000000025,527.2900000000025,527.3000000000025,527.3000000000025,527.3000000000025,527.3000000000025,527.3000000000025,525.1400000000007,525.1400000000007,527.3000000000025,527.3000000000025,525.3900000000007,525.3900000000007,525.3900000000007,525.3900000000007,525.3900000000007,525.3900000000007,525.3900000000007,527.6000000000025,527.6000000000025,527.6000000000025,527.6000000000025,527.6000000000025,527.6000000000025,527.6000000000025,527.6000000000025,527.6000000000025,527.6000000000025,527.6000000000025,527.6000000000025,527.6000000000025,527.6000000000025,527.6000000000025,527.6000000000025,527.6000000000025,527.6000000000025,527.6000000000025,527.6000000000025,525.6400000000007,525.6400000000007,525.6400000000007,525.6400000000007,527.6000000000025,527.6000000000025,526.1500000000007,526.1500000000007,526.1500000000007,526.1500000000007,527.9100000000026,527.9100000000026,527.9100000000026,527.9100000000026,527.9100000000026,526.4100000000007,526.4100000000007,526.4100000000007,526.4100000000007,526.4100000000007,526.4100000000007,528.2100000000025,528.2100000000025,528.2100000000025,528.2100000000025,528.2100000000025,528.2100000000025,528.2100000000025,526.4100000000007,528.5200000000026,528.5200000000026,528.5200000000026,528.5200000000026,526.6700000000006,528.8300000000027,528.8300000000027,528.8300000000027,528.8300000000027,528.8300000000027,528.8300000000027,528.8300000000027,528.8300000000027,526.6700000000006,526.6800000000007,526.6800000000007,526.6800000000007,526.6800000000007,529.1400000000026,526.6800000000007,529.1400000000026,526.6800000000007,529.1400000000026,526.6800000000007,529.1400000000026,526.6800000000007,529.1400000000026,526.6800000000007,526.6800000000007,529.4500000000027,529.4500000000027,529.4500000000027,529.4500000000027,526.6800000000007,526.6800000000007,526.6800000000007,529.4500000000027,529.4500000000027,529.4500000000027,529.4500000000027,529.4500000000027,529.4500000000027,529.4500000000027,529.4500000000027,529.4500000000027,529.4500000000027,529.4500000000027,529.4500000000027,529.4500000000027,529.4500000000027,529.4500000000027,529.4500000000027,529.4500000000027,529.4500000000027,529.4500000000027,529.4600000000027,529.4600000000027,529.4600000000027,529.4600000000027,529.4600000000027,529.4600000000027,529.4600000000027,529.4600000000027,529.4600000000027,529.4600000000027,529.4600000000027,529.4600000000027,529.4600000000027,529.4600000000027,529.4600000000027,529.4600000000027,529.4600000000027,529.4600000000027,526.9600000000007,526.9600000000007,526.9600000000007,526.9600000000007,529.4600000000027,529.4600000000027,529.4600000000027,529.4600000000027,529.4600000000027,529.4600000000027,529.4600000000027,529.4600000000027,529.4600000000027,529.4600000000027,529.4600000000027,529.4600000000027,526.9600000000007,529.7700000000027,529.7700000000027,529.7700000000027,529.7700000000027,529.7700000000027,529.7700000000027,529.7700000000027,529.7700000000027,529.7700000000027,529.7700000000027,529.7700000000027,529.7700000000027,529.7700000000027,527.2200000000007,527.2200000000007,527.2200000000007,527.2200000000007,527.4800000000007,530.0800000000027,527.4800000000007,527.4800000000007,527.4800000000007,527.4800000000007,530.3900000000027,530.3900000000027,530.3900000000027,530.3900000000027,530.3900000000027,530.3900000000027,527.7400000000007,530.7200000000028,530.7200000000028,530.7200000000028,530.7200000000028,530.7200000000028,530.7200000000028,530.7200000000028,530.7200000000028,530.7200000000028,530.7200000000028,530.7200000000028,530.7200000000028,530.7200000000028,530.7200000000028,530.7200000000028,531.0300000000027,528.0100000000007,528.0100000000007,528.0100000000007,528.0100000000007,528.0100000000007,528.0100000000007,528.0100000000007,531.3400000000028,531.3400000000028,531.3400000000028,528.2800000000008,528.2800000000008,528.2800000000008,528.2800000000008,531.3400000000028,531.3400000000028,531.3400000000028,531.3400000000028,531.3400000000028,531.3400000000028,531.3400000000028,531.3400000000028,531.3400000000028,528.5500000000008,528.5500000000008,528.5500000000008,531.6500000000028,531.6500000000028,528.8200000000007,528.8200000000007,528.8200000000007,528.8200000000007,531.9600000000028,531.9600000000028,528.8200000000007,532.2700000000028,529.0800000000007,529.0800000000007,529.0800000000007,529.0800000000007,529.0800000000007,529.0800000000007,529.0800000000007,529.0800000000007,529.0800000000007,529.0800000000007,532.5900000000028,532.5900000000028,532.5900000000028,532.5900000000028,529.3500000000007,532.5900000000028,532.5900000000028,532.5900000000028,529.6200000000007,532.5900000000028,529.6200000000007,532.5900000000028,529.6200000000007,532.5900000000028,529.6200000000007,529.6200000000007,529.6200000000007,529.6200000000007,532.9000000000028,529.6200000000007,529.6200000000007,529.6200000000007,529.6200000000007,529.6200000000007,529.6200000000007,529.6200000000007,532.9000000000028,532.9000000000028,532.9000000000028,532.9000000000028,532.9000000000028,532.9000000000028,532.9000000000028,532.9000000000028,532.9000000000028,529.8900000000008,529.8900000000008,529.8900000000008,529.8900000000008,533.2200000000029,533.2200000000029,533.2200000000029,533.2200000000029,533.2200000000029,533.2200000000029,533.5400000000029,530.1600000000008,530.1600000000008,530.1600000000008,533.8500000000029,533.8500000000029,533.8500000000029,533.8500000000029,533.8500000000029,533.8500000000029,533.8500000000029,533.8500000000029,533.8500000000029,533.8500000000029,533.8500000000029,533.8500000000029,533.8500000000029,533.8500000000029,533.8500000000029,533.8500000000029,533.8500000000029,533.8500000000029,533.8500000000029,533.8500000000029,533.8500000000029,533.8500000000029,533.8500000000029,530.1600000000008,533.8500000000029,530.1600000000008,533.8500000000029,533.8500000000029,530.1600000000008,533.8500000000029,530.1600000000008,533.8500000000029,530.1600000000008,533.8500000000029,530.1600000000008,533.8500000000029,530.1600000000008,530.1600000000008,534.1700000000029,534.1700000000029,534.1700000000029,534.1700000000029,534.1700000000029,530.1600000000008,530.1600000000008,534.490000000003,534.490000000003,534.490000000003,534.490000000003,530.4400000000007,530.4400000000007,530.4400000000007,534.8100000000029,534.8100000000029,534.8100000000029,534.8100000000029,534.8100000000029,530.4400000000007,530.4400000000007,535.130000000003,535.130000000003,530.7200000000007,530.7200000000007,535.130000000003,535.130000000003,535.130000000003,535.130000000003,535.130000000003,535.130000000003,535.130000000003,530.9900000000008,530.9900000000008,530.9900000000008,530.9900000000008,530.9900000000008,530.9900000000008,535.130000000003,535.130000000003,535.130000000003,535.130000000003,535.130000000003,535.130000000003,535.130000000003,531.2600000000008,531.2600000000008,531.2600000000008,531.2600000000008,531.2600000000008,531.2600000000008,531.2600000000008,535.460000000003,531.2600000000008,531.2600000000008,531.2600000000008,535.460000000003,535.460000000003,535.460000000003,535.460000000003,535.460000000003,535.460000000003,535.460000000003,535.460000000003,531.5300000000008,531.5300000000008,535.7900000000029,535.7900000000029,535.7900000000029,535.7900000000029,535.7900000000029,535.7900000000029,535.7900000000029,535.7900000000029,531.8000000000008,531.8000000000008,531.8000000000008,531.8000000000008,531.8000000000008,531.8000000000008,531.8000000000008,531.8000000000008,531.8000000000008,531.8000000000008,535.7900000000029,535.7900000000029,535.7900000000029,535.7900000000029,535.7900000000029,535.7900000000029,535.7900000000029,535.8000000000029,535.8000000000029,535.8000000000029,535.8000000000029,535.8000000000029,535.8000000000029,535.8000000000029,535.8000000000029,535.8000000000029,535.8000000000029,531.8000000000008,535.8000000000029,535.8000000000029,535.8000000000029,535.8000000000029,535.8000000000029,531.8000000000008,535.8000000000029,535.8000000000029,535.8000000000029,535.8000000000029,535.8000000000029,535.8000000000029,535.8000000000029,535.8000000000029,532.0800000000007,532.0800000000007,535.8000000000029,535.8000000000029,535.8000000000029,535.8000000000029,535.8000000000029,535.8000000000029,535.8000000000029,535.8000000000029,535.8000000000029,535.8000000000029,535.8000000000029,535.8000000000029,535.8000000000029,535.8000000000029,535.8000000000029,535.8000000000029,535.8000000000029,535.8000000000029,535.8000000000029,535.8000000000029,535.8000000000029,535.8000000000029,535.8000000000029,535.8000000000029,535.8000000000029,535.8000000000029,535.8000000000029,535.8000000000029,535.8000000000029,535.8000000000029,535.8000000000029,532.3600000000007,532.3600000000007,532.3600000000007,532.3600000000007,532.3600000000007,532.3600000000007,532.3700000000007,535.8000000000029,535.8000000000029,535.8000000000029,535.8000000000029,535.8000000000029,535.8000000000029,535.8000000000029,535.8000000000029,535.8000000000029,535.8000000000029,535.8000000000029,535.8000000000029,535.8000000000029,532.3700000000007,535.8000000000029,535.8000000000029,535.8000000000029,535.8000000000029,535.8000000000029,535.8000000000029,535.8000000000029,535.8000000000029,532.3700000000007,535.8000000000029,532.3700000000007,535.8000000000029,535.8000000000029,535.8000000000029,535.8000000000029,535.8000000000029,535.8000000000029,535.8000000000029,535.8000000000029,535.8000000000029,535.8000000000029,535.8000000000029,535.8000000000029,532.6500000000008,532.9300000000007,532.9300000000007,532.9300000000007,536.1500000000029,536.1500000000029,536.1500000000029,536.1500000000029,536.1500000000029,536.1500000000029,536.1500000000029,536.1500000000029,536.1500000000029,536.1500000000029,536.1500000000029,536.1500000000029,536.1500000000029,536.1500000000029,536.1500000000029,536.1500000000029,536.1500000000029,536.1500000000029,536.1500000000029,536.1500000000029,536.1500000000029,536.1500000000029,536.1500000000029,536.1500000000029,536.1500000000029,536.1500000000029,536.1500000000029,536.1500000000029,536.1500000000029,536.1500000000029,536.1500000000029,536.1500000000029,536.1500000000029,536.1500000000029,536.1500000000029,536.1500000000029,536.1500000000029,536.1500000000029,536.1500000000029,536.1500000000029,536.1500000000029,536.1500000000029,536.1500000000029,536.1500000000029,536.1500000000029,536.1500000000029,536.1500000000029,536.1500000000029,536.1500000000029,536.1500000000029,536.1500000000029,536.1500000000029,536.1600000000029,533.2100000000007,533.2100000000007,536.1600000000029,536.1600000000029,536.1600000000029,536.1600000000029,536.1600000000029,536.1600000000029,536.1600000000029,536.1600000000029,536.1600000000029,536.1600000000029,536.1600000000029,536.1600000000029,536.1600000000029,536.1600000000029,536.1600000000029,536.1600000000029,536.1600000000029,536.1600000000029,536.1600000000029,536.1600000000029,536.1600000000029,536.1600000000029,536.1600000000029,536.1600000000029,536.1600000000029,536.1600000000029,536.1600000000029,536.1600000000029,536.1600000000029,536.1600000000029,536.1600000000029,536.1600000000029,536.1600000000029,536.1600000000029,536.1600000000029,536.1600000000029,536.1600000000029,536.1600000000029,536.1600000000029,536.1600000000029,536.1600000000029,536.1600000000029,536.1600000000029,536.1600000000029,536.1600000000029,536.1600000000029,536.1600000000029,536.1600000000029,536.1600000000029,536.1600000000029,536.1600000000029,536.1600000000029,536.1600000000029,536.1600000000029,536.1600000000029,536.1600000000029,536.1600000000029,536.1600000000029,536.1600000000029,536.1600000000029,536.1600000000029,536.1600000000029,536.1600000000029,536.1600000000029,536.1600000000029,536.1600000000029,536.1600000000029,536.1600000000029,536.1600000000029,536.1600000000029,536.1600000000029,536.1600000000029,536.1600000000029,536.1600000000029,536.1600000000029,536.1600000000029,536.1600000000029,536.1600000000029,536.1600000000029,536.1600000000029,536.1600000000029,536.1700000000029,536.1700000000029,536.1700000000029,536.1700000000029,536.1700000000029,536.1700000000029,536.1700000000029,536.1700000000029,536.1700000000029,536.1700000000029,536.1700000000029,536.1700000000029,536.1700000000029,536.1700000000029,536.1700000000029,536.1700000000029,536.1700000000029,536.1700000000029,536.1700000000029,536.1700000000029,536.1700000000029,536.1700000000029,536.1700000000029,536.1700000000029,536.1700000000029,536.1700000000029,536.1700000000029,536.1700000000029,536.1700000000029,536.1700000000029,536.1700000000029,536.1700000000029,536.1700000000029,536.1700000000029,536.1700000000029,536.1700000000029,536.1700000000029,536.1700000000029,536.1700000000029,536.1700000000029,536.1700000000029,536.1700000000029,536.1700000000029,533.5000000000007,533.5000000000007,533.5000000000007,533.5000000000007,533.5000000000007,536.510000000003,536.510000000003,536.510000000003,536.5200000000029,536.5200000000029,536.5200000000029,536.5200000000029,536.5200000000029,536.5200000000029,536.5200000000029,536.5200000000029,536.5200000000029,536.5200000000029,536.5200000000029,536.5200000000029,536.5200000000029,536.5200000000029,536.5200000000029,536.5200000000029,536.5200000000029,536.5200000000029,536.5200000000029,536.5200000000029,536.5200000000029,536.5200000000029,536.5200000000029,536.5200000000029,536.5200000000029,536.5200000000029,536.5200000000029,536.5200000000029,536.5200000000029,536.5200000000029,536.5200000000029,536.5300000000029,536.5300000000029,536.5300000000029,536.5300000000029,536.5300000000029,536.5300000000029,536.5300000000029,536.5300000000029,536.5300000000029,536.5300000000029,536.5300000000029,536.5300000000029,536.5300000000029,536.5300000000029,536.5300000000029,536.5300000000029,536.5300000000029,533.7800000000007,533.7800000000007,533.7800000000007,536.870000000003,536.870000000003,536.870000000003,536.870000000003,536.870000000003,534.0600000000007,537.200000000003,537.200000000003,537.200000000003,537.200000000003,537.200000000003,537.200000000003,537.200000000003,537.200000000003,537.200000000003,537.200000000003,537.200000000003,537.200000000003,537.200000000003,537.200000000003,537.200000000003,537.200000000003,537.200000000003,537.200000000003,537.200000000003,537.200000000003,537.200000000003,537.200000000003,537.200000000003,537.200000000003,537.200000000003,537.200000000003,537.200000000003,537.200000000003,537.200000000003,537.200000000003,537.200000000003,537.200000000003,537.200000000003,537.200000000003,537.200000000003,537.200000000003,537.200000000003,537.200000000003,537.200000000003,537.200000000003,537.200000000003,537.200000000003,537.200000000003,537.200000000003,537.200000000003,537.200000000003,537.200000000003,537.200000000003,537.200000000003,537.200000000003,537.200000000003,537.200000000003,537.200000000003,537.200000000003,537.200000000003,537.200000000003,537.200000000003,537.200000000003,537.200000000003,537.210000000003,537.210000000003,537.210000000003,537.210000000003,537.210000000003,537.210000000003,537.210000000003,534.3400000000007,537.210000000003,537.210000000003,534.3400000000007,537.210000000003,534.3400000000007,537.210000000003,534.3400000000007,537.210000000003,537.210000000003,537.210000000003,537.210000000003,537.210000000003,537.210000000003,537.210000000003,537.210000000003,537.210000000003,537.210000000003,537.210000000003,537.210000000003,537.210000000003,537.210000000003,537.210000000003,537.210000000003,537.210000000003,537.210000000003,537.210000000003,537.210000000003,537.210000000003,537.210000000003,537.210000000003,537.210000000003,537.210000000003,537.210000000003,537.210000000003,537.210000000003,537.210000000003,537.210000000003,537.210000000003,537.210000000003,537.210000000003,537.210000000003,537.210000000003,537.210000000003,537.210000000003,537.210000000003,537.210000000003,537.210000000003,537.210000000003,537.210000000003,537.210000000003,537.210000000003,537.210000000003,537.210000000003,537.210000000003,537.210000000003,537.210000000003,537.210000000003,537.210000000003,537.210000000003,537.210000000003,537.210000000003,537.210000000003,537.210000000003,537.210000000003,537.210000000003,537.220000000003,537.220000000003,537.220000000003,537.220000000003,534.3400000000007,534.3400000000007,534.3400000000007,534.3400000000007,534.3400000000007,534.3400000000007,534.3400000000007,534.3400000000007,537.220000000003,537.220000000003,537.220000000003,537.220000000003,537.220000000003,537.220000000003,537.220000000003,537.220000000003,537.220000000003,537.220000000003,537.220000000003,537.220000000003,537.220000000003,537.220000000003,537.220000000003,537.220000000003,537.220000000003,537.220000000003,537.220000000003,537.220000000003,537.220000000003,537.230000000003,537.230000000003,537.230000000003,537.230000000003,537.230000000003,537.230000000003,537.230000000003,537.230000000003,537.230000000003,537.230000000003,537.230000000003,537.230000000003,537.230000000003,537.230000000003,537.230000000003,537.230000000003,537.230000000003,537.230000000003,537.230000000003,537.230000000003,537.230000000003,537.230000000003,537.230000000003,537.230000000003,537.230000000003,537.230000000003,537.230000000003,537.230000000003,537.230000000003,537.230000000003,537.230000000003,537.230000000003,534.3400000000007,537.230000000003,534.3400000000007,537.230000000003,534.3400000000007,537.230000000003,537.230000000003,537.230000000003,537.230000000003,537.230000000003,537.230000000003,537.230000000003,537.230000000003,537.230000000003,537.230000000003,537.230000000003,537.230000000003,537.230000000003,537.230000000003,537.230000000003,537.230000000003,537.230000000003,537.230000000003,537.230000000003,537.230000000003,537.230000000003,537.230000000003,537.230000000003,537.230000000003,537.230000000003,537.230000000003,537.230000000003,537.230000000003,537.230000000003,537.230000000003,537.230000000003,537.230000000003,537.230000000003,537.230000000003,537.230000000003,537.230000000003,537.230000000003,537.230000000003,537.230000000003,537.230000000003,537.230000000003,537.230000000003,537.230000000003,537.230000000003,537.230000000003,537.230000000003,537.230000000003,537.230000000003,537.230000000003,537.230000000003,537.230000000003,537.240000000003,537.240000000003,537.240000000003,537.240000000003,537.240000000003,537.240000000003,537.240000000003,537.240000000003,537.240000000003,537.240000000003,537.240000000003,537.240000000003,537.240000000003,537.240000000003,537.240000000003,537.240000000003,537.240000000003,537.240000000003,537.240000000003,537.240000000003,537.240000000003,537.240000000003,537.240000000003,537.240000000003,537.240000000003,537.240000000003,537.240000000003,537.240000000003,537.240000000003,537.240000000003,537.240000000003,537.240000000003,537.240000000003,537.240000000003,537.240000000003,537.240000000003,537.240000000003,537.240000000003,537.240000000003,537.240000000003,537.240000000003,537.240000000003,537.240000000003,537.240000000003,537.250000000003,537.250000000003,537.250000000003,537.250000000003,537.250000000003,537.250000000003,537.250000000003,537.250000000003,537.250000000003,537.250000000003,537.250000000003,537.250000000003,537.250000000003,537.250000000003,537.250000000003,537.250000000003,537.250000000003,537.250000000003,537.250000000003,537.250000000003,537.250000000003,537.250000000003,537.250000000003,537.250000000003,537.250000000003,537.250000000003,537.250000000003,537.250000000003,537.250000000003,537.250000000003,537.250000000003,537.250000000003,537.250000000003,537.250000000003,537.250000000003,537.250000000003,537.250000000003,534.3400000000007,537.250000000003,537.250000000003,534.3500000000007,537.250000000003,537.250000000003,537.250000000003,537.250000000003,537.250000000003,537.250000000003,537.250000000003,537.250000000003,537.250000000003,537.250000000003,537.250000000003,537.250000000003,537.250000000003,537.250000000003,537.250000000003,537.250000000003,537.250000000003,537.250000000003,537.250000000003,537.250000000003,537.250000000003,537.250000000003,537.250000000003,537.250000000003,537.250000000003,537.250000000003,537.250000000003,537.250000000003,537.250000000003,537.250000000003,537.250000000003,537.250000000003,537.250000000003,537.250000000003,537.250000000003,537.250000000003,537.250000000003,537.250000000003,537.250000000003,537.250000000003,537.250000000003,537.250000000003,537.250000000003,537.250000000003,537.250000000003,537.250000000003,537.250000000003,537.250000000003,537.250000000003,537.250000000003,537.250000000003,537.250000000003,537.250000000003,537.250000000003,537.250000000003,537.250000000003,537.260000000003,537.260000000003,537.260000000003,537.260000000003,537.260000000003,537.260000000003,537.260000000003,537.260000000003,537.260000000003,537.260000000003,537.260000000003,537.260000000003,537.260000000003,537.260000000003,537.260000000003,537.260000000003,537.260000000003,537.260000000003,537.260000000003,537.260000000003,537.260000000003,537.260000000003,537.260000000003,537.260000000003,537.260000000003,537.260000000003,537.260000000003,537.260000000003,537.260000000003,537.260000000003,537.260000000003,537.260000000003,537.260000000003,537.260000000003,537.260000000003,537.260000000003,537.260000000003,537.260000000003,537.260000000003,537.260000000003,537.260000000003,537.260000000003,537.260000000003,537.260000000003,537.260000000003,537.260000000003,537.260000000003,537.260000000003,537.260000000003,537.260000000003,537.260000000003,537.2700000000029,537.2700000000029,537.2700000000029,537.2700000000029,537.2700000000029,537.2700000000029,537.2700000000029,537.2700000000029,537.2700000000029,537.2700000000029,537.2700000000029,537.2700000000029,537.2700000000029,537.2700000000029,537.2700000000029,537.2700000000029,537.2700000000029,537.2700000000029,537.2700000000029,537.2700000000029,537.2700000000029,537.2700000000029,537.2700000000029,534.3500000000007,537.2700000000029,534.3500000000007,537.2700000000029,537.2700000000029,537.2700000000029,537.2700000000029,537.2700000000029,537.2700000000029,537.2700000000029,537.2700000000029,537.2700000000029,537.2700000000029,537.2700000000029,537.2700000000029,537.2700000000029,537.2700000000029,537.2700000000029,537.2700000000029,537.2700000000029,537.2700000000029,537.2700000000029,537.2700000000029,537.2700000000029,537.2700000000029,537.2700000000029,537.2700000000029,537.2700000000029,537.2700000000029,537.2700000000029,537.2700000000029,537.2700000000029,537.2700000000029,537.2700000000029,537.2700000000029,537.2800000000029,537.2800000000029,537.2800000000029,537.2800000000029,537.2800000000029,534.6300000000008,534.6300000000008,534.6300000000008,534.6300000000008,534.6300000000008,534.6300000000008,534.6300000000008,537.2800000000029,537.2800000000029,537.2800000000029,537.2800000000029,537.2800000000029,537.2800000000029,537.2800000000029,537.2800000000029,537.2800000000029,537.2900000000029,537.2900000000029,537.2900000000029,537.2900000000029,537.2900000000029,537.2900000000029,537.3000000000029,537.3000000000029,537.3000000000029,537.3000000000029,537.3000000000029,537.3000000000029,537.3100000000029,537.3100000000029,537.3100000000029,537.3100000000029,537.3100000000029,537.3100000000029,537.3100000000029,537.3100000000029,537.3100000000029,537.3100000000029,537.3100000000029,537.3100000000029,537.3100000000029,537.3100000000029,537.3100000000029,537.3100000000029,537.3100000000029,537.3100000000029,537.3100000000029,537.3100000000029,537.3100000000029,537.3100000000029,537.3100000000029,537.3100000000029,537.3100000000029,537.3100000000029,537.3100000000029,537.3100000000029,537.3100000000029,537.3100000000029,537.3100000000029,537.3100000000029,537.3100000000029,537.3100000000029,537.3100000000029,537.3100000000029,537.3100000000029,537.3100000000029,537.3100000000029,537.3100000000029,537.3100000000029,537.3100000000029,537.3100000000029,537.3100000000029,537.3100000000029,537.3100000000029,537.3100000000029,537.320000000003,537.320000000003,537.320000000003,537.320000000003,537.320000000003,537.320000000003,537.330000000003,537.330000000003,537.330000000003,537.330000000003,537.330000000003,537.330000000003,534.9200000000008,537.330000000003,537.330000000003,534.9200000000008,537.330000000003,537.330000000003,537.330000000003,537.330000000003,537.330000000003,537.330000000003,537.330000000003,537.330000000003,537.330000000003,537.330000000003,537.330000000003,537.330000000003,537.330000000003,537.330000000003,537.330000000003,535.2100000000007,535.2100000000007,535.2100000000007,535.2100000000007,535.2100000000007,537.330000000003,537.340000000003,537.340000000003,537.340000000003,537.340000000003,537.340000000003,537.340000000003,537.340000000003,537.340000000003,537.340000000003,537.340000000003,537.340000000003,537.340000000003,537.340000000003,537.340000000003,537.340000000003,537.340000000003,537.340000000003,537.340000000003,537.340000000003,537.340000000003,537.340000000003,537.340000000003,537.340000000003,537.340000000003,537.340000000003,537.340000000003,537.340000000003,537.340000000003,537.340000000003,537.340000000003,537.340000000003,537.340000000003,537.340000000003,537.340000000003,537.340000000003,537.340000000003,535.2100000000007,537.340000000003,537.340000000003,537.340000000003,537.340000000003,537.340000000003,537.340000000003,537.340000000003,537.340000000003,537.340000000003,537.340000000003,537.340000000003,537.340000000003,537.340000000003,537.340000000003,537.340000000003,537.340000000003,537.340000000003,537.340000000003,537.340000000003,537.340000000003,537.340000000003,537.340000000003,537.340000000003,537.340000000003,537.340000000003,537.340000000003,537.340000000003,537.340000000003,537.340000000003,537.340000000003,537.340000000003,537.340000000003,537.340000000003,535.5000000000007,537.340000000003,535.5000000000007,537.350000000003,535.5000000000007,537.350000000003,535.5000000000007,537.350000000003,535.5000000000007,537.350000000003,537.350000000003,537.350000000003,537.350000000003,537.350000000003,537.350000000003,537.350000000003,537.350000000003,537.350000000003,537.350000000003,537.350000000003,537.350000000003,537.350000000003,537.350000000003,537.350000000003,537.350000000003,537.350000000003,537.350000000003,537.350000000003,537.350000000003,537.350000000003,537.350000000003,537.350000000003,537.350000000003,537.350000000003,537.350000000003,537.350000000003,537.350000000003,537.350000000003,537.350000000003,537.350000000003,537.350000000003,537.350000000003,537.350000000003,537.350000000003,537.350000000003,537.350000000003,537.350000000003,537.350000000003,537.350000000003,537.350000000003,537.350000000003,537.350000000003,537.350000000003,537.350000000003,537.350000000003,537.350000000003,537.350000000003,537.350000000003,537.350000000003,537.350000000003,537.350000000003,537.350000000003,537.350000000003,537.350000000003,537.350000000003,537.350000000003,537.350000000003,537.350000000003,537.350000000003,537.350000000003,537.350000000003,537.350000000003,537.350000000003,537.350000000003,537.350000000003,537.350000000003,537.350000000003,537.350000000003,537.350000000003,537.350000000003,537.350000000003,537.350000000003,537.350000000003,537.350000000003,537.350000000003,537.350000000003,537.350000000003,537.350000000003,537.350000000003,537.350000000003,537.350000000003,537.350000000003,537.350000000003,537.350000000003,537.350000000003,537.350000000003,537.350000000003,537.350000000003,537.350000000003,537.360000000003,537.360000000003,537.360000000003,537.360000000003,537.360000000003,537.360000000003,537.360000000003,537.360000000003,535.5000000000007,537.700000000003,537.700000000003,537.700000000003,537.700000000003,537.700000000003,537.700000000003,537.700000000003,537.700000000003,537.700000000003,535.5000000000007,537.700000000003,537.710000000003,537.710000000003,537.710000000003,537.710000000003,537.710000000003,537.710000000003,537.710000000003,537.710000000003,537.710000000003,537.710000000003,537.710000000003,537.710000000003,537.710000000003,537.710000000003,537.710000000003,537.710000000003,537.710000000003,537.710000000003,537.710000000003,537.710000000003,537.710000000003,537.710000000003,537.710000000003,537.710000000003,537.710000000003,537.710000000003,537.710000000003,537.710000000003,537.710000000003,537.710000000003,537.710000000003,537.710000000003,537.710000000003,537.710000000003,537.710000000003,537.710000000003,537.710000000003,537.710000000003,537.710000000003,537.710000000003,537.710000000003,537.710000000003,537.710000000003,537.710000000003,537.710000000003,537.710000000003,537.710000000003,537.710000000003,537.710000000003,537.710000000003,537.710000000003,537.710000000003,537.710000000003,537.710000000003,537.710000000003,537.710000000003,537.710000000003,537.710000000003,537.710000000003,537.710000000003,535.5000000000007,535.5000000000007,537.710000000003,537.710000000003,537.710000000003,537.710000000003,537.710000000003,537.710000000003,537.710000000003,537.710000000003,537.710000000003,537.710000000003,537.710000000003,537.710000000003,537.710000000003,537.710000000003,537.710000000003,537.710000000003,537.710000000003,537.710000000003,537.710000000003,537.710000000003,537.710000000003,537.710000000003,537.710000000003,537.710000000003,537.710000000003,537.710000000003,537.710000000003,537.710000000003,537.710000000003,537.710000000003,537.710000000003,537.710000000003,537.710000000003,537.710000000003,537.710000000003,537.710000000003,537.710000000003,537.710000000003,537.710000000003,537.710000000003,537.710000000003,537.710000000003,537.710000000003,537.710000000003,537.710000000003,537.710000000003,537.710000000003,535.7900000000006,537.710000000003,537.710000000003,535.7900000000006,537.710000000003,535.7900000000006,537.710000000003,535.7900000000006,537.710000000003,535.7900000000006,537.710000000003,537.710000000003,537.710000000003,537.710000000003,537.710000000003,537.710000000003,537.710000000003,537.710000000003,537.710000000003,537.720000000003,537.720000000003,537.720000000003,537.720000000003,537.720000000003,537.720000000003,537.720000000003,537.720000000003,537.720000000003,537.720000000003,537.720000000003,537.720000000003,537.720000000003,537.720000000003,537.720000000003,537.720000000003,537.720000000003,537.720000000003,537.720000000003,537.720000000003,537.720000000003,537.720000000003,537.720000000003,537.720000000003,537.720000000003,537.720000000003,537.720000000003,537.720000000003,537.720000000003,537.720000000003,537.720000000003,537.720000000003,537.720000000003,537.720000000003,537.720000000003,537.720000000003,537.720000000003,537.720000000003,537.720000000003,537.720000000003,537.720000000003,537.720000000003,537.720000000003,537.720000000003,537.720000000003,537.720000000003,537.720000000003,537.720000000003,537.720000000003,537.720000000003,537.720000000003,537.720000000003,537.720000000003,537.720000000003,537.720000000003,537.720000000003,537.720000000003,537.720000000003,537.720000000003,537.720000000003,537.720000000003,537.720000000003,537.720000000003,537.720000000003,537.720000000003,537.720000000003,537.720000000003,537.720000000003,537.720000000003,537.720000000003,537.720000000003,537.720000000003,537.720000000003,537.720000000003,537.720000000003,537.720000000003,537.720000000003,537.720000000003,537.720000000003,537.720000000003,537.720000000003,537.720000000003,537.720000000003,537.720000000003,537.720000000003,537.720000000003,537.720000000003,537.720000000003,537.720000000003,537.720000000003,537.720000000003,537.720000000003,537.720000000003,535.7900000000006,535.7900000000006,535.7900000000006,535.7900000000006,535.7900000000006,537.720000000003,537.720000000003,537.720000000003,537.720000000003,537.720000000003,537.720000000003,536.0800000000006,536.0800000000006,536.0800000000006,536.0800000000006,537.720000000003,537.720000000003,537.720000000003,537.720000000003,537.720000000003,537.720000000003,537.720000000003,537.730000000003,537.730000000003,537.730000000003,537.730000000003,537.730000000003,537.730000000003,537.730000000003,537.730000000003,537.730000000003,537.730000000003,537.730000000003,537.730000000003,537.730000000003,537.730000000003,537.730000000003,537.730000000003,537.730000000003,537.730000000003,537.730000000003,537.730000000003,537.730000000003,537.730000000003,537.730000000003,537.730000000003,537.730000000003,537.730000000003,537.730000000003,537.730000000003,537.730000000003,537.730000000003,537.730000000003,537.730000000003,537.730000000003,537.730000000003,537.730000000003,537.730000000003,537.730000000003,537.730000000003,537.730000000003,537.730000000003,537.730000000003,537.730000000003,537.730000000003,537.730000000003,537.730000000003,537.730000000003,537.730000000003,537.730000000003,536.0800000000006,536.0800000000006,536.0800000000006,536.0800000000006,536.0800000000006,536.0800000000006,536.0800000000006,536.0800000000006,536.0800000000006,536.0800000000006,536.0800000000006,536.0800000000006,536.0800000000006,536.0800000000006,536.0800000000006,536.0800000000006,536.0800000000006,537.730000000003,537.730000000003,537.730000000003,537.730000000003,537.730000000003,537.730000000003,537.730000000003,537.730000000003,537.730000000003,537.730000000003,537.730000000003,537.730000000003,537.730000000003,537.730000000003,537.730000000003,537.730000000003,537.730000000003,537.730000000003,537.730000000003,537.730000000003,537.730000000003,537.730000000003,537.730000000003,537.730000000003,537.740000000003,537.740000000003,537.740000000003,537.740000000003,537.740000000003,537.740000000003,537.740000000003,537.740000000003,537.740000000003,537.740000000003,537.740000000003,537.740000000003,537.740000000003,537.740000000003,537.740000000003,537.740000000003,537.740000000003,537.740000000003,537.740000000003,537.740000000003,537.740000000003,537.740000000003,537.740000000003,537.740000000003,537.750000000003,537.750000000003,537.750000000003,536.3700000000007,536.3700000000007,536.3700000000007,536.3700000000007,536.3700000000007,536.6600000000007,536.6600000000007,536.6600000000007,536.6600000000007,537.750000000003,537.750000000003,537.750000000003,537.750000000003,537.750000000003,537.750000000003,537.750000000003,537.750000000003,537.750000000003,537.750000000003,537.750000000003,537.750000000003,537.750000000003,537.750000000003,537.750000000003,537.750000000003,537.750000000003,537.750000000003,537.750000000003,537.750000000003,537.750000000003,537.750000000003,537.750000000003,537.750000000003,537.750000000003,537.750000000003,537.750000000003,537.750000000003,537.750000000003,537.750000000003,537.750000000003,537.750000000003,537.750000000003,537.750000000003,537.750000000003,537.750000000003,537.750000000003,537.750000000003,537.750000000003,537.750000000003,537.750000000003,537.750000000003,537.750000000003,537.750000000003,537.760000000003,537.760000000003,537.760000000003,537.760000000003,537.760000000003,537.760000000003,537.760000000003,537.760000000003,537.760000000003,537.760000000003,537.760000000003,537.760000000003,537.760000000003,537.760000000003,537.760000000003,537.760000000003,537.760000000003,537.760000000003,537.760000000003,537.760000000003,537.760000000003,537.760000000003,537.760000000003,537.760000000003,537.760000000003,537.760000000003,537.760000000003,537.760000000003,537.760000000003,537.760000000003,537.760000000003,537.760000000003,537.760000000003,537.760000000003,537.760000000003,537.760000000003,537.760000000003,537.760000000003,537.760000000003,537.760000000003,537.760000000003,537.760000000003,537.760000000003,537.760000000003,537.760000000003,537.760000000003,537.760000000003,537.760000000003,537.760000000003,537.760000000003,537.760000000003,537.760000000003,537.760000000003,537.760000000003,537.760000000003,537.760000000003,537.760000000003,537.760000000003,537.760000000003,537.7700000000029,537.7700000000029,537.7700000000029,537.7700000000029,537.7700000000029,537.7700000000029,537.7700000000029,537.7700000000029,537.7700000000029,536.9600000000006,537.7700000000029,536.9600000000006,537.7700000000029,537.7700000000029,537.7700000000029,537.7700000000029,537.7700000000029,537.7700000000029,537.7700000000029,537.7700000000029,537.7700000000029,537.7700000000029,537.7700000000029,537.7700000000029,537.7700000000029,537.7700000000029,537.7700000000029,537.7700000000029,537.7700000000029,537.7700000000029,537.7700000000029,537.7700000000029,537.7700000000029,537.7700000000029,537.7700000000029,537.7700000000029,537.7700000000029,537.7700000000029,537.7700000000029,537.7700000000029,537.7700000000029,537.7700000000029,537.7700000000029,537.7700000000029,537.7700000000029,537.7700000000029,537.7700000000029,537.7700000000029,537.7700000000029,537.7700000000029,537.7700000000029,537.7700000000029,537.7700000000029,537.7700000000029,537.7700000000029,537.7700000000029,537.7700000000029,537.7700000000029,537.7700000000029,537.7700000000029,537.7700000000029,537.7700000000029,537.7700000000029,537.7700000000029,537.7700000000029,537.7800000000029,537.7800000000029,537.7800000000029,537.7800000000029,537.7800000000029,537.7800000000029,537.7800000000029,537.7800000000029,537.7800000000029,537.7800000000029,537.7800000000029,537.7800000000029,537.7800000000029,537.7800000000029,537.7800000000029,537.7800000000029,537.7800000000029,537.7800000000029,537.7800000000029,537.7800000000029,537.7800000000029,537.7800000000029,537.7800000000029,537.7800000000029,537.7800000000029,537.7800000000029,537.7800000000029,537.7800000000029,537.7800000000029,537.7800000000029,537.7800000000029,537.7800000000029,537.7800000000029,537.7800000000029,537.7800000000029,537.7800000000029,537.7800000000029,537.7800000000029,537.7800000000029,537.7800000000029,537.7800000000029,537.7800000000029,537.7800000000029,537.7800000000029,537.7800000000029,537.7800000000029,537.7800000000029,537.7800000000029,537.7800000000029,537.7800000000029,537.7800000000029,537.7800000000029,537.7800000000029,537.7800000000029,537.7800000000029,537.7800000000029,537.7800000000029,537.7800000000029,537.7800000000029,537.7800000000029,537.7800000000029,537.7800000000029,537.7800000000029,537.7800000000029,537.7800000000029,537.7800000000029,537.7800000000029,537.7800000000029,537.7800000000029,537.7800000000029,537.7800000000029,537.7800000000029,537.2700000000007,537.7800000000029,537.2700000000007,537.7800000000029,537.2700000000007,537.7800000000029,537.2700000000007,537.7800000000029,537.2700000000007,537.7800000000029,537.2700000000007,537.7800000000029,537.2700000000007,537.7800000000029,537.2700000000007,537.7800000000029,537.2700000000007,537.7800000000029,537.2700000000007,537.7800000000029,537.2700000000007,537.7800000000029,537.2700000000007,537.7800000000029,537.2700000000007,537.7800000000029,537.2700000000007,537.7800000000029,537.2700000000007,537.7800000000029,537.2700000000007,537.7800000000029,537.2700000000007,537.7900000000029,537.2700000000007,537.7900000000029,537.2700000000007,537.7900000000029,537.2700000000007,537.7900000000029,537.2700000000007,537.7900000000029,537.2700000000007,537.7900000000029,537.2700000000007,537.7900000000029,537.2700000000007,537.7900000000029,537.2700000000007,537.7900000000029,537.2700000000007,537.7900000000029,537.2700000000007,537.7900000000029,537.2700000000007,537.7900000000029,537.2700000000007,537.7900000000029,537.2700000000007,537.7900000000029,537.2700000000007,537.7900000000029,537.2700000000007,537.7900000000029,537.2700000000007,537.7900000000029,537.2700000000007,537.7900000000029,537.2700000000007,537.7900000000029,537.2700000000007,537.7900000000029,537.2700000000007,537.7900000000029,537.2700000000007,537.7900000000029,537.2700000000007,537.7900000000029,537.2700000000007,537.7900000000029,537.2700000000007,537.7900000000029,537.2700000000007,537.7900000000029,537.2700000000007,537.7900000000029,537.2700000000007,537.7900000000029,537.2700000000007,537.7900000000029,537.2700000000007,537.2700000000007,537.7900000000029,537.2700000000007,537.7900000000029,537.2700000000007,537.8000000000029,537.2700000000007,537.8000000000029,537.8000000000029,537.8000000000029,537.8000000000029,537.5700000000006,537.5700000000006,537.5700000000006,537.5700000000006,537.5700000000006,537.5700000000006,537.8000000000029,537.8000000000029,537.8000000000029,537.8000000000029,537.8000000000029,537.8100000000029,537.8100000000029,537.8100000000029,537.8100000000029,537.8100000000029,537.8200000000029,537.8200000000029,537.8200000000029,537.8200000000029,537.8200000000029,537.8200000000029,537.8200000000029,537.8200000000029,537.8200000000029,537.8200000000029,537.8700000000007,537.8700000000007,537.8700000000007,537.8700000000007,537.8200000000029,537.8200000000029,537.8200000000029,537.8200000000029,537.8200000000029,537.8200000000029,537.8200000000029,537.8200000000029,537.8200000000029,537.8200000000029,537.8200000000029,537.8200000000029,537.8200000000029,537.8200000000029,537.8200000000029,537.8200000000029,537.8200000000029,537.8200000000029,537.8200000000029,537.8200000000029,537.8200000000029,537.8200000000029,537.8200000000029,537.8200000000029,537.8200000000029,537.8200000000029,537.8200000000029,537.8200000000029,537.8200000000029,537.8200000000029,537.8200000000029,537.8200000000029,537.8200000000029,537.8200000000029,537.8200000000029,537.8200000000029,537.8200000000029,537.8200000000029,537.8200000000029,537.8200000000029,537.8200000000029,537.8200000000029,537.8200000000029,537.8200000000029,537.8200000000029,537.8200000000029,537.8200000000029,537.8200000000029,537.8200000000029,537.8200000000029,537.8200000000029,537.8200000000029,537.8200000000029,537.8200000000029,537.8200000000029,537.8200000000029,537.8200000000029,537.8200000000029,537.8200000000029,537.8200000000029,537.8200000000029,538.1700000000006,537.8200000000029,538.1700000000006,537.8200000000029,537.8200000000029,537.8200000000029,537.8200000000029,537.8200000000029,537.8200000000029,537.8200000000029,537.8200000000029,537.8200000000029,537.8200000000029,537.8200000000029,537.8200000000029,537.8200000000029,537.8200000000029,537.8200000000029,537.8300000000029,537.8300000000029,537.8300000000029,538.4800000000007,538.4800000000007,537.8300000000029,537.8300000000029,537.8300000000029,537.8300000000029,537.8300000000029,537.8300000000029,537.8300000000029,537.8300000000029,537.8300000000029,537.8300000000029,537.8300000000029,537.8300000000029,537.8300000000029,537.8300000000029,537.8300000000029,537.8300000000029,537.8300000000029,537.8300000000029,537.8300000000029,537.8300000000029,537.8300000000029,537.8300000000029,537.8300000000029,537.8300000000029,537.8300000000029,537.8300000000029,537.8300000000029,537.8300000000029,537.8300000000029,537.8300000000029,537.8300000000029,537.8300000000029,537.8300000000029,537.8300000000029,537.8300000000029,537.8300000000029,537.8300000000029,537.8300000000029,537.8300000000029,537.8300000000029,537.8300000000029,537.8300000000029,537.8300000000029,537.8300000000029,537.8400000000029,537.8400000000029,537.8400000000029,537.8400000000029,537.8400000000029,538.7800000000007,538.7800000000007,538.7800000000007,538.7800000000007,538.7800000000007,538.1900000000028,538.1900000000028,538.1900000000028,538.1900000000028,538.1900000000028,538.1900000000028,538.1900000000028,538.1900000000028,538.1900000000028,538.1900000000028,538.1900000000028,538.1900000000028,538.1900000000028,538.1900000000028,538.1900000000028,538.1900000000028,538.1900000000028,538.1900000000028,538.2000000000028,538.2000000000028,538.2000000000028,538.2000000000028,538.2000000000028,539.0800000000007,538.2000000000028,538.2000000000028,538.2000000000028,538.2000000000028,538.2100000000028,538.2100000000028,538.2100000000028,538.2100000000028,538.2100000000028,538.2200000000028,538.2200000000028,538.2200000000028,538.2200000000028,538.2200000000028,538.2200000000028,538.2200000000028,538.2200000000028,538.2200000000028,538.2200000000028,538.2200000000028,538.2200000000028,538.2200000000028,538.2200000000028,538.2200000000028,538.2200000000028,538.2200000000028,538.2200000000028,538.2200000000028,538.2200000000028,538.2200000000028,538.2200000000028,538.2200000000028,538.2200000000028,538.2200000000028,538.2200000000028,538.2200000000028,538.2200000000028,538.2200000000028,538.2200000000028,538.2200000000028,538.2200000000028,538.2200000000028,538.2200000000028,538.2200000000028,538.2200000000028,538.2300000000027,538.2300000000027,538.2300000000027,538.2300000000027,538.2300000000027,538.2300000000027,538.2300000000027,538.2300000000027,538.2300000000027,538.2300000000027,538.2300000000027,538.2300000000027,538.2300000000027,538.2300000000027,538.2300000000027,538.2300000000027,538.2300000000027,538.2300000000027,538.2300000000027,538.2300000000027,538.2300000000027,538.2300000000027,538.2300000000027,538.2300000000027,538.2300000000027,538.2300000000027,538.2300000000027,538.2300000000027,538.2300000000027,538.2300000000027,538.2300000000027,538.2300000000027,538.2300000000027,538.2300000000027,538.2300000000027,538.2300000000027,538.2300000000027,538.2300000000027,538.2300000000027,538.2300000000027,538.2300000000027,538.2300000000027,538.2300000000027,538.2300000000027,538.2300000000027,538.2300000000027,538.2300000000027,538.2300000000027,538.2300000000027,538.2300000000027,538.2300000000027,538.2300000000027,538.2300000000027,538.2300000000027,538.2300000000027,538.2300000000027,538.2300000000027,538.2300000000027,538.2300000000027,538.2300000000027,538.2300000000027,538.2300000000027,538.2300000000027,538.2300000000027,538.2300000000027,538.2300000000027,538.2300000000027,538.2300000000027,538.2300000000027,538.2300000000027,538.2300000000027,538.2300000000027,538.2300000000027,538.2300000000027,538.2300000000027,538.2300000000027,538.2300000000027,538.2400000000027,538.2400000000027,538.2400000000027,538.2400000000027,538.2400000000027,538.2400000000027,538.2400000000027,538.2400000000027,538.2400000000027,538.2400000000027,538.2400000000027,539.3800000000007,538.2400000000027,539.3800000000007,538.2400000000027,539.3800000000007,538.2400000000027,539.3800000000007,538.2400000000027,539.3800000000007,538.2400000000027,539.3800000000007,538.2400000000027,539.3800000000007,538.2400000000027,539.3800000000007,538.2400000000027,539.3800000000007,538.2400000000027,539.3800000000007,538.2400000000027,539.3800000000007,538.2400000000027,539.3800000000007,538.2400000000027,538.2400000000027,538.2400000000027,538.2400000000027,538.2400000000027,538.2400000000027,538.2400000000027,538.2400000000027,538.2400000000027,538.2400000000027,538.2400000000027,538.2400000000027,538.2400000000027,538.2400000000027,538.2400000000027,538.2400000000027,538.2400000000027,538.2400000000027,538.2400000000027,538.2400000000027,538.2400000000027,538.2400000000027,539.6900000000007,539.6900000000007,539.6900000000007,539.6900000000007,539.6900000000007,539.6900000000007,539.6900000000007,539.6900000000007,539.6900000000007,539.6900000000007,539.6900000000007,539.6900000000007,539.6900000000007,539.6900000000007,539.6900000000007,539.6900000000007,539.6900000000007,539.6900000000007,539.6900000000007,539.6900000000007,539.6900000000007,539.6900000000007,539.6900000000007,539.6900000000007,539.6900000000007,539.6900000000007,539.6900000000007,538.2400000000027,538.2400000000027,538.2400000000027,538.2400000000027,538.2400000000027,538.2400000000027,538.2400000000027,538.2400000000027,538.2400000000027,538.2400000000027,538.2400000000027,538.2400000000027,538.2400000000027,538.2400000000027,538.2400000000027,538.2400000000027,538.2400000000027,538.2400000000027,538.2400000000027,538.2400000000027,538.2400000000027,538.2400000000027,538.2400000000027,538.2400000000027,538.2400000000027,538.2400000000027,540.0000000000008,540.0000000000008,540.0000000000008,538.2400000000027,
538.2400000000027,538.2400000000027,538.2400000000027,538.2400000000027,538.2400000000027,538.2400000000027,538.2400000000027,538.2400000000027,538.2400000000027,538.2400000000027,538.2400000000027,538.2500000000027,538.2500000000027,538.2600000000027,538.2600000000027,538.2600000000027,538.2600000000027,538.2600000000027,538.2600000000027,538.2700000000027,538.2700000000027,538.2800000000027,538.2800000000027,538.2800000000027,538.2800000000027,538.2800000000027,538.2800000000027,538.2800000000027,538.2800000000027,538.2800000000027,538.2800000000027,538.2800000000027,538.2800000000027,538.2800000000027,538.2800000000027,538.2900000000027,538.2900000000027,538.2900000000027,540.3000000000008,538.3000000000027,540.3000000000008,538.3000000000027,540.3000000000008,538.3000000000027,540.3000000000008,540.3000000000008,540.3000000000008,540.3100000000007,540.3100000000007,538.3100000000027,540.3100000000007,538.3200000000027,538.3200000000027,538.3200000000027,538.3300000000027,538.3300000000027,538.3400000000026,538.3500000000026,538.3600000000026,538.3700000000026,538.3700000000026,538.3900000000027,538.3900000000027,538.3900000000027,538.4200000000027,538.4400000000027,538.4500000000027,538.4500000000027,538.4500000000027,538.4800000000026,538.4800000000026,538.4800000000026,538.4800000000026,538.4800000000026,538.5000000000026,538.5000000000026,538.5000000000026,538.5000000000026,538.5200000000026,538.5200000000026,538.5200000000026,538.5200000000026,538.5200000000026,538.5200000000026,538.5200000000026,540.6200000000008,538.5200000000026,540.6200000000008,538.5200000000026,538.5300000000026,538.5400000000026,538.5400000000026,538.5600000000026,538.5600000000026,538.6000000000026,538.6000000000026,538.6200000000026,538.6400000000026,538.7000000000027,538.7000000000027,538.7200000000026,538.7500000000026,538.7800000000026,538.7800000000026,540.9300000000007,540.9300000000007,540.9300000000007,540.9300000000007,540.9300000000007,540.9300000000007,540.9300000000007,538.8100000000027,540.9300000000007,540.9300000000007,538.8100000000027,540.9300000000007,538.8100000000027,540.9300000000007,540.9300000000007,540.9300000000007,540.9300000000007,540.9300000000007,538.8400000000026,538.8400000000026,538.8700000000026,538.9000000000026,538.9300000000027,538.9600000000027,539.0200000000026,539.0200000000026,539.0200000000026,539.0800000000025,541.2400000000008,541.2400000000008,539.1100000000025,539.2000000000025,539.2000000000025,539.2000000000025,539.2000000000025,539.2000000000025,539.2000000000025,539.2000000000025,539.2300000000025,539.2700000000026,539.2700000000026,539.3000000000026,539.3300000000025,539.3600000000025,541.5500000000008,541.5500000000008,541.5500000000008,541.5500000000008,541.5500000000008,541.5500000000008,541.5500000000008,541.5500000000008,541.5500000000008,539.4000000000026,539.4300000000026,539.4300000000026,539.4900000000026,539.6000000000025,539.6000000000025,539.6000000000025,539.6000000000025,539.6400000000025,541.8600000000007,541.8600000000007,539.6400000000025,539.7100000000025,539.7800000000026,539.7800000000026,539.7800000000026,539.7800000000026,539.8200000000026,539.8200000000026,539.8200000000026,539.8200000000026,542.1700000000006,542.1700000000006,542.1700000000006,542.1800000000007,542.1800000000007,542.1800000000007,542.1800000000007,539.9000000000026,539.9800000000026,539.9800000000026,539.9900000000026,539.9900000000026,539.9900000000026,540.0300000000026,540.0800000000025,540.1600000000026,542.1800000000007,542.1800000000007,542.1800000000007,542.1800000000007,542.1800000000007,542.1800000000007,542.1800000000007,542.1800000000007,542.1800000000007,540.2100000000025,540.2500000000026,540.2500000000026,540.2500000000026,540.2900000000026,540.3300000000027,540.3300000000027,540.3700000000026,540.3700000000026,540.4100000000026,540.4600000000027,540.5100000000026,540.5100000000026,540.5100000000026,540.5600000000027,540.6100000000026,540.6100000000026,540.6100000000026,540.6500000000026,540.6900000000027,540.6900000000027,542.4900000000008,542.4900000000008,542.4900000000008,542.4900000000008,542.4900000000008,542.4900000000008,542.4900000000008,542.4900000000008,542.4900000000008,542.4900000000008,540.7400000000027,540.7400000000027,540.7400000000027,540.7400000000027,540.7400000000027,540.7400000000027,540.7900000000027,540.8400000000028,540.8400000000028,540.8900000000027,540.9400000000027,540.9400000000027,540.9400000000027,540.9400000000027,540.9400000000027,540.9400000000027,542.8000000000009,540.9900000000026,540.9900000000026,540.9900000000026,540.9900000000026,541.0500000000027,541.0500000000027,541.1000000000026,541.1500000000027,541.1500000000027,541.2000000000027,541.2000000000027,541.2100000000027,541.2100000000027,541.2100000000027,541.2100000000027,541.2100000000027,543.1100000000008,541.2100000000027,541.2600000000027,541.2600000000027,541.2600000000027,541.2600000000027,541.3200000000027,541.3200000000027,541.3200000000027,541.3700000000027,541.3700000000027,541.4800000000027,541.4800000000027,543.4200000000009,543.4200000000009,543.4200000000009,543.4200000000009,543.4200000000009,543.4200000000009,543.4200000000009,543.4200000000009,543.4200000000009,543.4200000000009,543.4200000000009,543.4200000000009,543.4200000000009,543.4200000000009,543.4200000000009,543.4200000000009,543.4200000000009,543.4200000000009,543.4200000000009,543.4200000000009,543.4200000000009,543.4200000000009,543.4200000000009,543.4200000000009,543.4200000000009,543.4200000000009,543.4200000000009,543.4200000000009,543.4200000000009,543.4200000000009,543.4200000000009,543.4200000000009,543.4200000000009,543.4200000000009,543.4200000000009,543.4200000000009,543.4200000000009,541.6000000000028,541.6000000000028,541.6000000000028,541.6500000000027,541.6500000000027,541.6500000000027,541.7100000000028,541.7700000000027,541.7700000000027,541.7800000000027,541.7800000000027,541.8400000000028,543.7300000000009,543.7300000000009,543.7300000000009,543.7300000000009,541.9000000000027,541.9000000000027,542.1400000000027,544.0400000000009,544.0400000000009,544.0400000000009,542.2600000000027,542.3200000000028,542.3900000000027,542.3900000000027,542.4500000000028,542.4500000000028,542.4500000000028,544.3600000000009,544.3600000000009,544.3600000000009,544.3600000000009,544.3600000000009,542.5800000000028,542.5800000000028,542.6500000000027,542.7100000000028,544.670000000001,544.670000000001,544.670000000001,544.670000000001,544.670000000001,544.670000000001,544.670000000001,544.670000000001,544.670000000001,542.8500000000028,542.9100000000028,542.9700000000028,543.0400000000028,543.0400000000028,543.0400000000028,543.0400000000028,544.9800000000009,544.9800000000009,544.9800000000009,544.9800000000009,544.9800000000009,543.2400000000029,543.2400000000029,543.2400000000029,543.2400000000029,543.2400000000029,543.2400000000029,544.9800000000009,544.9800000000009,544.9800000000009,544.9800000000009,544.9800000000009,544.9800000000009,544.9800000000009,544.9800000000009,544.9800000000009,544.9800000000009,544.9800000000009,544.9800000000009,544.9800000000009,544.9800000000009,543.3800000000028,543.4500000000029,543.4500000000029,543.5200000000028,543.5200000000028,543.5200000000028,543.5300000000028,543.5300000000028,543.5300000000028,543.6000000000029,543.6000000000029,543.6000000000029,543.6700000000029,545.300000000001,543.6700000000029,545.300000000001,543.6700000000029,545.300000000001,543.6700000000029,545.300000000001,545.300000000001,545.300000000001,545.300000000001,545.300000000001,543.7400000000029,543.8200000000029,543.8900000000028,543.9700000000029,545.300000000001,545.300000000001,545.300000000001,545.300000000001,545.300000000001,544.0400000000029,544.0400000000029,544.1100000000029,544.1800000000029,544.1800000000029,544.1800000000029,544.1800000000029,544.1800000000029,544.260000000003,545.620000000001,545.620000000001,545.620000000001,544.4100000000029,544.4100000000029,544.4100000000029,544.4800000000029,544.4800000000029,544.5500000000029,545.930000000001,545.930000000001,545.930000000001,545.930000000001,545.930000000001,545.930000000001,545.930000000001,545.930000000001,545.930000000001,545.930000000001,545.930000000001,545.930000000001,545.930000000001,544.630000000003,544.7900000000029,544.7900000000029,544.870000000003,544.870000000003,544.870000000003,544.870000000003,544.870000000003,544.870000000003,545.930000000001,545.930000000001,545.930000000001,545.930000000001,545.930000000001,545.940000000001,545.940000000001,545.940000000001,545.940000000001,545.940000000001,545.940000000001,544.9500000000029,545.940000000001,544.9500000000029,545.940000000001,545.940000000001,545.940000000001,545.940000000001,545.0300000000029,545.1100000000029,545.1100000000029,545.1100000000029,545.1100000000029,545.1100000000029,545.1100000000029,545.1100000000029,545.1100000000029,545.1100000000029,545.1100000000029,545.1100000000029,545.940000000001,545.940000000001,545.940000000001,545.940000000001,545.940000000001,545.940000000001,545.940000000001,545.940000000001,545.940000000001,545.1900000000028,545.2700000000028,545.3500000000028,545.3500000000028,545.3500000000028,545.940000000001,545.940000000001,545.4300000000028,545.5900000000028,545.950000000001,545.950000000001,545.950000000001,545.950000000001,545.950000000001,545.950000000001,545.950000000001,545.950000000001,545.950000000001,545.950000000001,545.950000000001,545.950000000001,545.950000000001,545.950000000001,545.950000000001,545.950000000001,545.950000000001,545.950000000001,545.6800000000028,545.6800000000028,545.6800000000028,546.2700000000009,546.2700000000009,546.2700000000009,546.2700000000009,546.2700000000009,546.2700000000009,546.2700000000009,546.2700000000009,546.2700000000009,546.2700000000009,545.9300000000028,546.2700000000009,545.9300000000028,546.0200000000028,546.0200000000028,546.0200000000028,546.1100000000029,546.1100000000029,546.2000000000029,546.5900000000009,546.3800000000028,546.4700000000029,546.4700000000029,546.5600000000028,546.5600000000028,546.5600000000028,546.9100000000009,546.5600000000028,546.9200000000009,546.9200000000009,546.9200000000009,546.9200000000009,546.9200000000009,546.7400000000027,546.7400000000027,546.7400000000027,546.7400000000027,546.7400000000027,546.7400000000027,546.7400000000027,546.8300000000028,546.8300000000028,546.8300000000028,546.8300000000028,546.8300000000028,546.8300000000028,547.2500000000009,547.2500000000009,547.2500000000009,547.2500000000009,547.2500000000009,547.2500000000009,547.2500000000009,547.2500000000009,547.2500000000009,547.2500000000009,547.2500000000009,547.2500000000009,547.2500000000009,546.9200000000028,547.0200000000027,547.0200000000027,547.0200000000027,547.0200000000027,547.1200000000027,547.1200000000027,547.570000000001,547.570000000001,547.570000000001,547.570000000001,547.3100000000028,547.4000000000027,547.4000000000027,547.4100000000028,547.5000000000027,547.5000000000027,547.5000000000027,547.5000000000027,547.9000000000009,547.9000000000009,547.9000000000009,547.9000000000009,547.5900000000028,547.5900000000028,547.5900000000028,547.5900000000028,547.5900000000028,547.5900000000028,547.6900000000028,547.6900000000028,547.6900000000028,547.7000000000028,547.7000000000028,547.7000000000028,547.9000000000009,547.9000000000009,547.9000000000009,547.8000000000028,547.9000000000027,547.9000000000027,548.0000000000027,548.0000000000027,548.2300000000009,548.2300000000009,548.2300000000009,548.2300000000009,548.2300000000009,548.2300000000009,548.2300000000009,548.2300000000009,548.2300000000009,548.2300000000009,548.1000000000028,548.2300000000009,548.1000000000028,548.2300000000009,548.2300000000009,548.2300000000009,548.2300000000009,548.2000000000028,548.3000000000027,548.3000000000027,548.560000000001,548.560000000001,548.560000000001,548.560000000001,548.560000000001,548.560000000001,548.560000000001,548.4000000000027,548.5000000000027,548.8800000000009,548.8800000000009,548.8800000000009,548.8800000000009,548.8800000000009,548.8800000000009,548.8800000000009,548.8800000000009,548.8800000000009,548.8800000000009,548.8800000000009,548.8800000000009,548.6000000000028,548.6000000000028,548.7000000000028,548.7000000000028,548.7000000000028,548.8000000000028,548.8800000000009,548.8800000000009,548.9000000000028,549.0100000000028,549.0100000000028,549.1100000000029,549.1100000000029,549.200000000001,549.200000000001,549.200000000001,549.200000000001,549.2100000000028,549.5300000000009,549.5300000000009,549.5300000000009,549.5300000000009,549.5300000000009,549.5300000000009,549.5300000000009,549.5300000000009,549.5300000000009,549.5300000000009,549.5300000000009,549.5300000000009,549.5300000000009,549.5300000000009,549.5300000000009,549.5300000000009,549.5300000000009,549.5300000000009,549.5300000000009,549.5300000000009,549.5300000000009,549.5300000000009,549.5200000000028,549.6200000000028,549.7200000000029,549.8300000000028,549.8800000000008,549.8800000000008,549.8800000000008,549.8800000000008,549.8800000000008,549.8800000000008,549.9400000000028,549.9400000000028,550.0400000000028,550.0400000000028,550.0400000000028,550.0400000000028,550.0400000000028,550.0400000000028,550.0400000000028,550.0400000000028,550.2300000000007,550.1500000000028,550.2600000000028,550.3700000000028,550.3700000000028,550.3700000000028,550.5600000000007,550.4700000000029,550.5800000000029,550.6900000000028,550.8900000000008,550.8900000000008,550.8900000000008,550.8900000000008,550.8900000000008,550.8900000000008,550.8900000000008,550.8900000000008,550.8900000000008,550.8900000000008,550.8900000000008,550.8900000000008,550.8900000000008,550.8900000000008,550.8900000000008,550.9000000000008,550.9000000000008,550.9000000000008,550.9000000000008,550.9000000000008,550.9000000000008,550.9000000000008,550.9000000000008,550.9000000000008,550.9000000000008,550.9000000000008,550.9000000000008,550.9100000000008,550.9100000000008,550.9100000000008,550.9100000000008,550.8000000000028,550.9100000000008,550.8000000000028,550.9100000000008,550.9100000000008,550.9100000000008,550.9100000000008,550.9100000000008,550.9100000000008,550.9100000000008,550.9200000000008,550.9200000000008,550.9200000000008,550.9200000000008,550.9200000000008,550.9200000000008,550.9200000000008,550.9200000000008,550.9200000000008,550.9200000000008,550.9200000000008,550.9200000000008,550.9200000000008,550.9200000000008,550.9200000000008,550.9200000000008,550.9200000000008,550.9300000000007,550.9300000000007,550.9300000000007,550.9300000000007,550.9300000000007,550.9300000000007,550.9300000000007,550.9300000000007,550.9300000000007,550.9300000000007,550.9300000000007,550.9300000000007,550.9300000000007,550.9400000000007,550.9400000000007,550.9400000000007,550.9400000000007,550.9400000000007,550.9400000000007,550.9400000000007,550.9400000000007,550.9400000000007,550.9400000000007,550.9400000000007,550.9400000000007,550.9400000000007,550.9400000000007,550.9400000000007,550.9400000000007,550.9400000000007,550.9400000000007,550.9400000000007,550.9400000000007,550.9400000000007,550.9400000000007,550.9400000000007,550.9400000000007,550.9400000000007,550.9400000000007,550.9400000000007,550.9400000000007,550.9400000000007,550.9400000000007,550.9400000000007,550.9400000000007,550.9400000000007,550.9400000000007,550.9400000000007,550.9400000000007,550.9400000000007,550.9400000000007,550.9400000000007,550.9400000000007,550.9400000000007,550.9400000000007,550.9400000000007,550.9400000000007,550.9400000000007,550.9400000000007,550.9400000000007,550.9400000000007,550.9400000000007,550.9400000000007,550.9400000000007,550.9400000000007,550.9400000000007,550.9400000000007,550.9400000000007,550.9400000000007,550.9400000000007,550.9400000000007,550.9400000000007,550.9400000000007,550.9400000000007,550.9400000000007,550.9400000000007,550.9400000000007,550.9400000000007,550.9400000000007,550.9500000000007,550.9500000000007,551.0200000000028,550.9500000000007,550.9500000000007,551.0200000000028,550.9500000000007,550.9500000000007,550.9500000000007,550.9500000000007,550.9500000000007,550.9500000000007,550.9500000000007,550.9500000000007,550.9500000000007,550.9500000000007,550.9500000000007,550.9500000000007,550.9500000000007,550.9500000000007,550.9500000000007,550.9500000000007,550.9500000000007,550.9500000000007,550.9500000000007,550.9500000000007,550.9500000000007,550.9500000000007,550.9500000000007,550.9500000000007,550.9500000000007,550.9500000000007,550.9500000000007,550.9500000000007,550.9500000000007,550.9500000000007,550.9500000000007,550.9500000000007,550.9500000000007,550.9500000000007,550.9500000000007,550.9500000000007,550.9500000000007,550.9500000000007,550.9500000000007,550.9500000000007,550.9500000000007,550.9500000000007,550.9500000000007,550.9500000000007,550.9500000000007,550.9500000000007,550.9500000000007,550.9500000000007,550.9500000000007,550.9500000000007,550.9500000000007,550.9500000000007,550.9500000000007,551.1300000000028,550.9500000000007,550.9500000000007,550.9500000000007,550.9500000000007,550.9500000000007,550.9500000000007,550.9500000000007,550.9500000000007,550.9500000000007,550.9500000000007,550.9500000000007,550.9500000000007,550.9500000000007,550.9500000000007,550.9500000000007,550.9500000000007,550.9500000000007,550.9600000000007,550.9600000000007,550.9600000000007,550.9600000000007,550.9600000000007,550.9600000000007,550.9600000000007,550.9600000000007,550.9600000000007,550.9600000000007,550.9600000000007,550.9600000000007,550.9600000000007,550.9600000000007,550.9600000000007,550.9600000000007,550.9600000000007,550.9600000000007,550.9600000000007,550.9600000000007,550.9600000000007,550.9600000000007,550.9600000000007,550.9600000000007,550.9600000000007,550.9600000000007,550.9700000000007,550.9700000000007,550.9700000000007,550.9700000000007,550.9700000000007,550.9700000000007,550.9700000000007,550.9700000000007,550.9700000000007,550.9700000000007,551.2400000000029,550.9700000000007,551.2400000000029,550.9700000000007,551.2400000000029,550.9700000000007,550.9700000000007,551.2400000000029,550.9700000000007,551.2400000000029,550.9700000000007,550.9700000000007,550.9700000000007,550.9700000000007,550.9800000000007,550.9800000000007,550.9800000000007,550.9800000000007,550.9800000000007,550.9800000000007,550.9800000000007,550.9800000000007,550.9800000000007,550.9800000000007,550.9800000000007,550.9800000000007,550.9800000000007,550.9800000000007,550.9800000000007,550.9800000000007,550.9800000000007,550.9800000000007,550.9800000000007,550.9900000000007,550.9900000000007,550.9900000000007,550.9900000000007,550.9900000000007,550.9900000000007,550.9900000000007,550.9900000000007,550.9900000000007,550.9900000000007,550.9900000000007,550.9900000000007,550.9900000000007,550.9900000000007,550.9900000000007,550.9900000000007,550.9900000000007,550.9900000000007,550.9900000000007,550.9900000000007,550.9900000000007,550.9900000000007,550.9900000000007,550.9900000000007,550.9900000000007,550.9900000000007,550.9900000000007,550.9900000000007,550.9900000000007,550.9900000000007,551.3500000000029,550.9900000000007,551.3500000000029,550.9900000000007,550.9900000000007,551.3500000000029,550.9900000000007,550.9900000000007,550.9900000000007,550.9900000000007,550.9900000000007,550.9900000000007,550.9900000000007,550.9900000000007,550.9900000000007,550.9900000000007,550.9900000000007,550.9900000000007,550.9900000000007,550.9900000000007,550.9900000000007,550.9900000000007,550.9900000000007,550.9900000000007,550.9900000000007,550.9900000000007,550.9900000000007,550.9900000000007,550.9900000000007,550.9900000000007,550.9900000000007,550.9900000000007,550.9900000000007,550.9900000000007,550.9900000000007,550.9900000000007,550.9900000000007,550.9900000000007,550.9900000000007,550.9900000000007,550.9900000000007,550.9900000000007,550.9900000000007,550.9900000000007,550.9900000000007,550.9900000000007,550.9900000000007,550.9900000000007,550.9900000000007,550.9900000000007,550.9900000000007,550.9900000000007,550.9900000000007,550.9900000000007,550.9900000000007,550.9900000000007,550.9900000000007,550.9900000000007,550.9900000000007,550.9900000000007,550.9900000000007,550.9900000000007,550.9900000000007,550.9900000000007,550.9900000000007,550.9900000000007,550.9900000000007,550.9900000000007,550.9900000000007,550.9900000000007,550.9900000000007,550.9900000000007,550.9900000000007,550.9900000000007,550.9900000000007,550.9900000000007,550.9900000000007,550.9900000000007,550.9900000000007,550.9900000000007,550.9900000000007,550.9900000000007,550.9900000000007,550.9900000000007,550.9900000000007,550.9900000000007,550.9900000000007,550.9900000000007,550.9900000000007,550.9900000000007,550.9900000000007,550.9900000000007,550.9900000000007,550.9900000000007,550.9900000000007,550.9900000000007,550.9900000000007,550.9900000000007,550.9900000000007,550.9900000000007,550.9900000000007,550.9900000000007,550.9900000000007,550.9900000000007,551.0000000000007,551.0000000000007,551.0000000000007,551.0000000000007,551.0000000000007,551.0000000000007,551.0100000000007,551.5700000000029,551.0100000000007,551.0100000000007,551.0100000000007,551.0100000000007,551.0100000000007,551.0200000000007,551.0200000000007,551.0200000000007,551.0200000000007,551.0200000000007,551.0200000000007,551.0200000000007,551.0200000000007,551.0200000000007,551.0200000000007,551.0200000000007,551.0200000000007,551.0200000000007,551.0200000000007,551.0200000000007,551.0200000000007,551.0200000000007,551.0200000000007,551.0200000000007,551.0200000000007,551.0200000000007,551.0200000000007,551.0200000000007,551.0200000000007,551.0200000000007,551.0200000000007,551.0200000000007,551.0200000000007,551.0200000000007,551.0200000000007,551.0200000000007,551.0200000000007,551.0200000000007,551.0200000000007,551.0200000000007,551.0200000000007,551.0200000000007,551.0200000000007,551.0200000000007,551.0200000000007,551.0200000000007,551.0200000000007,551.0200000000007,551.0200000000007,551.0200000000007,551.0200000000007,551.0200000000007,551.0200000000007,551.6800000000029,551.0200000000007,551.6800000000029,551.0200000000007,551.6800000000029,551.0200000000007,551.0200000000007,551.0200000000007,551.0200000000007,551.0200000000007,551.0200000000007,551.0200000000007,551.0200000000007,551.0200000000007,551.0200000000007,551.0200000000007,551.0200000000007,551.0200000000007,551.0200000000007,551.0200000000007,551.0200000000007,551.0200000000007,551.0200000000007,551.0200000000007,551.0200000000007,551.0200000000007,551.0200000000007,551.0200000000007,551.0200000000007,551.0200000000007,551.0200000000007,551.0200000000007,551.0200000000007,551.0200000000007,551.0200000000007,551.0200000000007,551.0200000000007,551.0200000000007,551.0200000000007,551.0200000000007,551.0200000000007,551.0200000000007,551.0200000000007,551.0200000000007,551.0200000000007,551.0200000000007,551.0200000000007,551.0200000000007,551.0200000000007,551.0200000000007,551.0200000000007,551.0200000000007,551.0200000000007,551.0200000000007,551.0200000000007,551.7900000000029,551.0200000000007,551.0200000000007,551.0200000000007,551.0200000000007,551.0200000000007,551.0200000000007,551.0200000000007,551.0200000000007,551.0200000000007,551.0200000000007,551.0200000000007,551.0200000000007,551.0200000000007,551.0200000000007,551.0200000000007,551.0200000000007,551.0200000000007,551.0200000000007,551.0200000000007,551.0300000000007,551.0300000000007,551.0300000000007,551.0300000000007,551.0300000000007,551.0300000000007,551.0300000000007,551.0300000000007,551.0300000000007,551.0300000000007,551.0300000000007,551.0300000000007,551.0300000000007,551.0300000000007,551.0300000000007,551.0300000000007,551.0300000000007,551.0300000000007,551.0300000000007,551.0300000000007,551.0300000000007,551.0300000000007,551.0300000000007,551.0300000000007,551.0300000000007,551.0300000000007,551.0300000000007,551.0300000000007,551.0300000000007,551.0300000000007,551.0300000000007,551.0300000000007,551.7900000000029,551.0300000000007,551.0300000000007,551.0300000000007,551.0300000000007,551.0300000000007,551.0300000000007,551.0300000000007,551.0300000000007,551.0300000000007,551.0300000000007,551.0300000000007,551.0300000000007,551.0300000000007,551.0300000000007,551.0300000000007,551.0300000000007,551.0300000000007,551.0300000000007,551.0300000000007,551.0300000000007,551.0300000000007,551.0300000000007,551.0300000000007,551.0300000000007,551.0300000000007,551.0300000000007,551.0300000000007,551.0300000000007,551.0300000000007,551.0300000000007,551.0300000000007,551.0300000000007,551.0300000000007,551.0300000000007,551.0300000000007,551.0300000000007,551.0300000000007,551.0300000000007,551.0300000000007,551.0300000000007,551.0300000000007,551.0300000000007,551.0300000000007,551.0300000000007,551.0300000000007,551.0300000000007,551.0300000000007,551.0300000000007,551.0300000000007,551.0300000000007,551.0300000000007,551.0300000000007,551.0300000000007,551.9000000000028,551.0300000000007,551.9000000000028,551.0300000000007,551.0300000000007,551.0300000000007,551.0300000000007,551.0300000000007,551.0300000000007,551.0300000000007,551.0300000000007,551.0300000000007,551.0300000000007,551.0300000000007,551.0300000000007,551.0300000000007,551.0300000000007,551.0300000000007,551.0300000000007,551.0300000000007,551.0300000000007,551.0300000000007,551.0300000000007,551.0300000000007,551.0300000000007,551.0300000000007,551.0300000000007,551.0300000000007,551.0300000000007,551.0300000000007,551.0300000000007,551.0300000000007,551.0300000000007,551.0300000000007,551.0300000000007,551.0300000000007,551.0300000000007,551.0300000000007,551.0300000000007,551.0300000000007,551.0300000000007,551.0400000000006,551.0400000000006,551.0400000000006,551.0400000000006,551.0400000000006,551.0400000000006,551.0400000000006,551.0400000000006,551.0400000000006,551.0400000000006,551.0400000000006,551.0400000000006,551.0400000000006,551.0400000000006,552.0200000000028,551.0400000000006,551.0400000000006,552.0200000000028,551.0400000000006,551.0500000000006,551.0500000000006,551.0500000000006,551.0500000000006,551.0500000000006,551.0500000000006,551.0500000000006,551.0500000000006,551.0500000000006,551.0500000000006,551.0500000000006,551.0500000000006,551.0500000000006,551.0500000000006,551.0500000000006,551.0500000000006,551.0500000000006,551.0500000000006,551.0500000000006,551.0500000000006,551.0500000000006,551.0500000000006,551.0500000000006,551.0500000000006,551.0500000000006,551.0500000000006,551.0500000000006,551.0500000000006,551.0500000000006,551.0500000000006,551.0500000000006,551.0500000000006,551.0500000000006,551.0500000000006,551.0500000000006,551.0500000000006,551.0500000000006,551.0500000000006,551.0500000000006,551.0500000000006,551.0500000000006,551.0500000000006,551.0500000000006,551.0500000000006,551.0500000000006,551.0500000000006,551.0500000000006,551.0500000000006,551.0500000000006,551.0500000000006,551.0500000000006,552.1300000000028,551.0500000000006,551.0500000000006,552.1300000000028,551.0500000000006,552.1300000000028,551.0500000000006,552.1300000000028,551.0500000000006,552.1300000000028,551.0500000000006,551.0500000000006,552.1300000000028,551.0500000000006,552.1300000000028,551.0500000000006,551.0500000000006,551.0500000000006,551.0500000000006,551.0500000000006,551.0500000000006,551.0500000000006,551.0500000000006,551.0500000000006,551.0500000000006,551.0500000000006,551.0500000000006,551.0500000000006,551.0500000000006,551.0500000000006,551.0500000000006,551.0500000000006,551.0500000000006,551.0500000000006,551.0500000000006,551.0500000000006,551.0500000000006,551.0500000000006,551.0500000000006,551.0500000000006,551.0500000000006,551.0500000000006,551.0500000000006,551.0500000000006,551.0500000000006,551.0500000000006,551.0500000000006,551.0500000000006,551.0500000000006,551.0500000000006,551.0500000000006,551.0500000000006,551.0500000000006,551.0500000000006,551.0500000000006,551.0500000000006,551.0500000000006,551.0500000000006,551.0500000000006,551.0500000000006,551.0500000000006,551.0500000000006,551.0500000000006,551.0500000000006,551.0500000000006,551.0500000000006,551.0500000000006,551.0500000000006,551.0500000000006,551.0500000000006,551.0500000000006,551.0500000000006,551.0500000000006,551.0500000000006,551.0500000000006,551.0500000000006,551.0500000000006,551.0500000000006,551.0500000000006,551.0500000000006,551.0500000000006,551.0500000000006,551.0500000000006,551.0500000000006,551.0500000000006,551.0500000000006,551.0500000000006,551.0500000000006,551.0500000000006,551.0500000000006,551.0500000000006,551.0500000000006,551.0500000000006,551.0500000000006,551.0500000000006,551.0500000000006,551.0500000000006,551.0500000000006,551.0500000000006,551.0500000000006,551.0500000000006,551.0500000000006,551.0500000000006,551.0500000000006,551.0500000000006,551.0500000000006,551.0500000000006,551.0500000000006,551.0500000000006,551.0500000000006,551.0500000000006,551.0500000000006,551.0500000000006,551.0500000000006,551.0500000000006,551.0500000000006,551.0500000000006,551.0500000000006,551.0500000000006,552.2400000000029,551.0500000000006,551.0500000000006,551.0500000000006,551.0500000000006,551.0500000000006,551.0500000000006,551.0500000000006,551.0500000000006,551.0500000000006,551.0500000000006,551.0500000000006,551.0500000000006,551.0500000000006,551.0500000000006,551.0500000000006,551.0500000000006,551.0500000000006,551.0500000000006,551.0500000000006,551.0500000000006,551.0500000000006,551.0500000000006,551.0500000000006,551.0500000000006,551.0500000000006,551.0500000000006,551.0500000000006,551.0500000000006,551.0500000000006,551.0500000000006,551.0500000000006,551.0500000000006,551.0500000000006,551.0500000000006,551.0500000000006,551.0500000000006,551.0500000000006,551.0500000000006,551.0500000000006,551.0500000000006,551.0500000000006,551.0500000000006,551.0500000000006,551.0500000000006,551.0500000000006,551.0500000000006,551.0500000000006,551.0500000000006,551.0500000000006,551.0500000000006,551.0500000000006,551.0500000000006,552.3500000000029,551.0500000000006,552.3500000000029,551.0500000000006,551.0500000000006,552.3600000000029,551.0500000000006,551.0500000000006,551.0500000000006,551.0500000000006,551.0500000000006,551.0500000000006,551.0500000000006,551.0500000000006,551.0500000000006,551.0500000000006,551.0500000000006,551.0500000000006,551.0500000000006,551.0500000000006,551.0500000000006,551.0500000000006,551.0500000000006,551.0500000000006,551.0500000000006,551.0500000000006,551.0500000000006,551.0500000000006,552.4700000000029,552.4700000000029,552.4700000000029,552.4700000000029,552.4700000000029,552.5900000000029,552.5900000000029,552.5900000000029,552.5900000000029,552.5900000000029,552.5900000000029,552.7100000000029,552.7100000000029,551.3800000000007,551.3800000000007,551.3800000000007,551.3800000000007,551.3800000000007,551.3800000000007,551.3800000000007,551.3800000000007,551.3800000000007,551.3800000000007,552.8300000000029,552.9400000000029,553.0500000000029,553.0500000000029,551.7100000000006,551.7100000000006,551.7100000000006,551.7100000000006,551.7100000000006,551.7100000000006,551.7100000000006,551.7100000000006,551.7100000000006,551.7100000000006,551.7100000000006,551.7100000000006,551.7100000000006,551.7100000000006,551.7100000000006,551.7100000000006,551.7100000000006,551.7100000000006,551.7100000000006,551.7100000000006,551.7100000000006,551.7100000000006,551.7100000000006,551.7100000000006,551.7100000000006,551.7100000000006,551.7100000000006,551.7100000000006,551.7100000000006,551.7100000000006,551.7100000000006,551.7100000000006,551.7100000000006,551.7100000000006,551.7100000000006,551.7100000000006,551.7100000000006,553.1600000000029,553.1600000000029,553.2700000000029,553.2700000000029,553.2700000000029,553.3900000000029,553.3900000000029,553.3900000000029,551.7100000000006,551.7100000000006,551.7100000000006,551.7100000000006,551.7100000000006,551.7100000000006,551.7100000000006,551.7100000000006,551.7100000000006,551.7100000000006,551.7100000000006,551.7100000000006,551.7100000000006,551.7100000000006,551.7100000000006,551.7100000000006,551.7100000000006,551.7100000000006,551.7100000000006,551.7100000000006,551.7100000000006,551.7100000000006,551.7100000000006,551.7100000000006,551.7100000000006,551.7100000000006,551.7100000000006,551.7100000000006,551.7100000000006,551.7100000000006,551.7100000000006,551.7100000000006,551.7100000000006,551.7100000000006,551.7100000000006,551.7100000000006,551.7100000000006,551.7100000000006,553.500000000003,551.7100000000006,551.7100000000006,553.500000000003,551.7100000000006,551.7100000000006,551.7100000000006,551.7100000000006,551.7100000000006,551.7100000000006,551.7100000000006,551.7100000000006,551.7100000000006,551.7100000000006,551.7100000000006,551.7100000000006,551.7100000000006,551.7100000000006,553.620000000003,553.620000000003,553.620000000003,553.740000000003,553.740000000003,553.740000000003,553.740000000003,551.7100000000006,551.7100000000006,551.7100000000006,551.7100000000006,551.7100000000006,551.7100000000006,551.7200000000006,551.7200000000006,551.7200000000006,551.7200000000006,551.7200000000006,551.7200000000006,551.7200000000006,551.7200000000006,551.7200000000006,551.7200000000006,551.7200000000006,551.7200000000006,551.7200000000006,551.7200000000006,551.7200000000006,551.7200000000006,551.7200000000006,551.7200000000006,551.7200000000006,551.7200000000006,551.7200000000006,551.7200000000006,551.7200000000006,551.7200000000006,551.7200000000006,551.7200000000006,551.7200000000006,551.7200000000006,551.7200000000006,551.7200000000006,551.7200000000006,551.7200000000006,551.7200000000006,551.7200000000006,551.7200000000006,551.7200000000006,551.7200000000006,551.7200000000006,551.7200000000006,551.7200000000006,551.7200000000006,551.7200000000006,551.7200000000006,551.7200000000006,551.7200000000006,551.7200000000006,551.7200000000006,551.7200000000006,551.7200000000006,551.7200000000006,551.7200000000006,551.7200000000006,551.7200000000006,551.7200000000006,551.7200000000006,551.7200000000006,551.7200000000006,551.7200000000006,551.7300000000006,554.000000000003,551.7300000000006,554.000000000003,551.7300000000006,551.7300000000006,554.000000000003,551.7300000000006,554.000000000003,551.7300000000006,554.000000000003,551.7300000000006,551.7300000000006,551.7300000000006,551.7300000000006,551.7300000000006,551.7300000000006,551.7300000000006,551.7300000000006,551.7300000000006,551.7300000000006,551.7300000000006,551.7300000000006,551.7300000000006,551.7300000000006,551.7300000000006,551.7300000000006,551.7300000000006,551.7300000000006,551.7300000000006,551.7300000000006,551.7300000000006,551.7300000000006,551.7300000000006,551.7300000000006,551.7300000000006,551.7300000000006,551.7300000000006,551.7300000000006,551.7300000000006,551.7300000000006,551.7300000000006,551.7300000000006,551.7300000000006,551.7300000000006,551.7300000000006,551.7300000000006,551.7300000000006,551.7300000000006,551.7300000000006,551.7300000000006,551.7400000000007,551.7400000000007,551.7400000000007,551.7400000000007,551.7400000000007,551.7400000000007,551.7400000000007,551.7500000000007,551.7500000000007,551.7500000000007,551.7500000000007,551.7500000000007,551.7500000000007,554.120000000003,551.7600000000007,551.7600000000007,554.120000000003,551.7600000000007,554.120000000003,551.7600000000007,551.7600000000007,551.7600000000007,551.7600000000007,551.7600000000007,551.7600000000007,551.7600000000007,551.7600000000007,551.7600000000007,551.7600000000007,551.7600000000007,551.7600000000007,551.7600000000007,551.7600000000007,551.7600000000007,551.7600000000007,551.7600000000007,551.7600000000007,551.7700000000007,551.7700000000007,551.7700000000007,551.7700000000007,551.7700000000007,551.7700000000007,551.7800000000007,551.7800000000007,551.7800000000007,551.7800000000007,551.7800000000007,551.7800000000007,551.7800000000007,551.7800000000007,551.7800000000007,551.7800000000007,551.7800000000007,551.7800000000007,551.7800000000007,551.7800000000007,551.7800000000007,551.7800000000007,551.7800000000007,551.7800000000007,551.7800000000007,551.7800000000007,551.7800000000007,551.7800000000007,551.7800000000007,551.7800000000007,551.7800000000007,551.7800000000007,551.7800000000007,551.7800000000007,551.7800000000007,551.7800000000007,551.7800000000007,551.7800000000007,551.7800000000007,551.7800000000007,554.240000000003,551.7800000000007,554.240000000003,551.7800000000007,554.240000000003,551.7800000000007,551.7800000000007,551.7800000000007,551.7800000000007,551.7800000000007,551.7800000000007,551.7800000000007,551.7800000000007,551.7800000000007,551.7800000000007,551.7800000000007,551.7800000000007,551.7800000000007,551.7800000000007,551.7800000000007,551.7800000000007,551.7800000000007,551.7800000000007,551.7800000000007,551.7800000000007,551.7800000000007,551.7800000000007,551.7800000000007,551.7800000000007,551.7800000000007,551.7800000000007,551.7800000000007,551.7800000000007,551.7800000000007,551.7800000000007,551.7800000000007,551.7800000000007,551.7800000000007,551.7800000000007,551.7800000000007,551.7800000000007,551.7800000000007,551.7800000000007,551.7800000000007,551.7800000000007,551.7800000000007,551.7800000000007,551.7800000000007,551.7800000000007,551.7800000000007,551.7800000000007,554.360000000003,554.480000000003,551.7800000000007,551.7800000000007,551.7800000000007,551.7800000000007,554.720000000003,554.970000000003,554.970000000003,554.970000000003,554.970000000003,551.7800000000007,551.7800000000007,551.7800000000007,551.7800000000007,551.7800000000007,551.7800000000007,551.7800000000007,551.7800000000007,551.7800000000007,551.7900000000006,551.7900000000006,551.7900000000006,551.7900000000006,551.7900000000006,551.7900000000006,551.7900000000006,551.7900000000006,551.7900000000006,551.7900000000006,551.7900000000006,551.7900000000006,551.7900000000006,551.8000000000006,551.8000000000006,551.8000000000006,551.8000000000006,551.8000000000006,551.8000000000006,551.8000000000006,551.8000000000006,551.8000000000006,551.8000000000006,551.8000000000006,551.8000000000006,551.8000000000006,551.8000000000006,551.8000000000006,551.8000000000006,551.8000000000006,551.8000000000006,551.8000000000006,551.8000000000006,551.8000000000006,551.8000000000006,551.8000000000006,551.8000000000006,555.100000000003,551.8000000000006,555.100000000003,551.8000000000006,555.100000000003,551.8000000000006,555.100000000003,551.8000000000006,551.8000000000006,555.110000000003,551.8100000000006,555.110000000003,551.8100000000006,555.110000000003,551.8100000000006,551.8100000000006,551.8100000000006,551.8100000000006,551.8100000000006,551.8100000000006,551.8100000000006,551.8100000000006,551.8100000000006,551.8100000000006,551.8100000000006,551.8100000000006,551.8100000000006,551.8100000000006,551.8100000000006,551.8100000000006,551.8100000000006,551.8100000000006,551.8100000000006,551.8100000000006,551.8100000000006,551.8100000000006,551.8100000000006,551.8100000000006,551.8100000000006,551.8100000000006,551.8100000000006,551.8100000000006,551.8100000000006,551.8100000000006,551.8100000000006,551.8100000000006,551.8100000000006,551.8100000000006,551.8100000000006,551.8100000000006,551.8100000000006,551.8100000000006,551.8100000000006,551.8100000000006,551.8100000000006,551.8100000000006,551.8100000000006,551.8100000000006,551.8100000000006,551.8100000000006,551.8100000000006,551.8100000000006,551.8100000000006,551.8100000000006,551.8100000000006,551.8100000000006,551.8100000000006,551.8100000000006,551.8100000000006,551.8100000000006,551.8100000000006,551.8100000000006,551.8100000000006,551.8100000000006,551.8100000000006,551.8100000000006,551.8100000000006,551.8100000000006,551.8100000000006,551.8100000000006,551.8100000000006,551.8100000000006,551.8100000000006,551.8100000000006,551.8100000000006,551.8100000000006,551.8100000000006,551.8200000000006,551.8200000000006,551.8200000000006,551.8200000000006,551.8200000000006,551.8200000000006,551.8200000000006,551.8200000000006,551.8300000000006,551.8300000000006,551.8300000000006,551.8300000000006,551.8300000000006,551.8300000000006,551.8300000000006,551.8300000000006,551.8300000000006,551.8300000000006,551.8300000000006,551.8300000000006,551.8300000000006,551.8300000000006,551.8300000000006,551.8300000000006,551.8300000000006,551.8300000000006,551.8300000000006,551.8300000000006,551.8300000000006,551.8300000000006,551.8300000000006,551.8300000000006,551.8300000000006,551.8300000000006,551.8300000000006,551.8300000000006,551.8300000000006,555.360000000003,555.360000000003,555.480000000003,555.480000000003,555.480000000003,555.480000000003,555.600000000003,555.600000000003,552.1600000000005,552.1600000000005,552.1600000000005,552.1600000000005,552.1600000000005,552.1600000000005,552.1600000000005,552.1600000000005,552.1600000000005,552.1600000000005,552.1600000000005,552.1700000000005,552.1700000000005,552.1700000000005,552.1700000000005,552.1700000000005,552.1700000000005,552.1700000000005,552.1700000000005,552.1700000000005,552.1700000000005,552.1700000000005,552.1700000000005,552.1700000000005,552.1700000000005,552.1700000000005,552.1700000000005,555.720000000003,552.1700000000005,555.720000000003,552.1700000000005,552.1700000000005,552.1700000000005,552.1700000000005,552.1700000000005,552.1700000000005,552.1700000000005,552.1700000000005,552.1700000000005,552.1700000000005,552.1700000000005,552.1700000000005,552.1700000000005,552.1700000000005,552.1700000000005,552.1700000000005,552.1700000000005,552.1700000000005,552.1700000000005,552.1700000000005,552.1700000000005,552.1700000000005,552.1700000000005,552.1700000000005,552.1700000000005,552.1700000000005,552.1700000000005,552.1700000000005,552.1700000000005,552.1700000000005,552.1700000000005,552.1700000000005,552.1800000000005,552.1800000000005,552.1800000000005,552.1800000000005,552.1800000000005,552.1800000000005,552.1800000000005,552.1800000000005,552.1800000000005,552.1800000000005,552.1800000000005,552.1800000000005,552.1800000000005,552.1800000000005,552.1800000000005,552.1800000000005,552.1800000000005,552.1800000000005,552.1800000000005,552.1800000000005,552.1800000000005,552.1800000000005,552.1800000000005,552.1800000000005,552.1800000000005,555.840000000003,552.1800000000005,555.840000000003,552.1800000000005,552.1800000000005,552.1800000000005,552.1800000000005,552.1900000000005,552.1900000000005,552.1900000000005,552.1900000000005,552.1900000000005,552.1900000000005,552.2000000000005,552.2000000000005,552.2000000000005,552.2000000000005,552.2000000000005,552.2000000000005,552.2000000000005,552.2000000000005,552.2000000000005,552.2000000000005,552.2000000000005,552.2000000000005,552.2000000000005,552.2000000000005,552.2000000000005,552.2000000000005,552.2000000000005,552.2000000000005,552.2000000000005,552.2000000000005,552.2000000000005,552.2000000000005,552.2000000000005,552.2000000000005,552.2000000000005,552.2000000000005,552.2000000000005,552.2000000000005,552.2000000000005,552.2000000000005,552.2100000000005,552.2100000000005,552.2100000000005,552.2100000000005,552.2100000000005,552.2100000000005,552.2100000000005,552.2100000000005,552.2100000000005,552.2100000000005,552.2100000000005,552.2100000000005,552.2100000000005,552.2100000000005,552.2100000000005,552.2100000000005,552.2100000000005,552.2100000000005,555.960000000003,552.2100000000005,555.960000000003,552.2100000000005,552.2100000000005,552.2100000000005,552.2100000000005,552.2100000000005,552.2100000000005,552.2100000000005,552.2100000000005,552.2100000000005,552.2100000000005,552.2100000000005,552.2100000000005,552.2100000000005,552.2100000000005,552.2100000000005,552.2100000000005,552.2100000000005,552.2100000000005,552.2100000000005,552.2100000000005,552.2100000000005,552.2100000000005,552.2100000000005,552.2100000000005,552.2100000000005,552.2100000000005,552.2100000000005,552.2100000000005,552.2100000000005,552.2100000000005,552.2100000000005,552.2100000000005,552.2100000000005,552.2100000000005,552.2100000000005,552.2100000000005,552.2100000000005,552.2100000000005,552.2100000000005,552.2100000000005,552.2100000000005,552.2100000000005,552.2100000000005,552.2100000000005,552.2100000000005,552.2100000000005,552.2100000000005,552.2100000000005,552.2200000000005,552.2200000000005,552.2200000000005,552.2200000000005,552.2200000000005,552.2200000000005,552.2200000000005,552.2200000000005,552.2200000000005,552.2200000000005,552.2200000000005,556.080000000003,552.2200000000005,552.2200000000005,552.2200000000005,552.2200000000005,552.2200000000005,552.2200000000005,552.2200000000005,552.2200000000005,552.2200000000005,552.2200000000005,552.2200000000005,552.2200000000005,552.2200000000005,552.2200000000005,552.2200000000005,552.2200000000005,552.2200000000005,552.2200000000005,552.2200000000005,552.2200000000005,552.2200000000005,552.2200000000005,552.2200000000005,552.2200000000005,552.2200000000005,552.2200000000005,552.2200000000005,552.2200000000005,552.2200000000005,552.2200000000005,552.2200000000005,552.2200000000005,552.2200000000005,552.2200000000005,552.2200000000005,552.2200000000005,552.2200000000005,552.2200000000005,552.2200000000005,552.2200000000005,552.2200000000005,552.2200000000005,552.2200000000005,552.2200000000005,552.2200000000005,552.2200000000005,552.2200000000005,552.2200000000005,552.2200000000005,552.2200000000005,552.2200000000005,552.2200000000005,552.2200000000005,552.2200000000005,552.2200000000005,552.2200000000005,556.210000000003,552.2200000000005,552.2200000000005,552.2200000000005,552.2200000000005,552.2200000000005,552.2200000000005,552.2200000000005,552.2200000000005,552.2200000000005,552.2200000000005,552.2200000000005,552.2200000000005,552.2200000000005,552.2200000000005,552.2200000000005,552.2200000000005,552.2200000000005,552.2200000000005,552.2200000000005,552.2200000000005,552.2200000000005,552.2200000000005,552.2200000000005,552.2200000000005,552.2200000000005,552.2200000000005,552.2200000000005,552.2200000000005,552.2200000000005,552.2200000000005,552.2200000000005,552.2200000000005,552.2200000000005,552.2200000000005,552.2200000000005,552.2200000000005,552.2200000000005,552.2200000000005,552.2200000000005,552.2200000000005,552.2200000000005,552.2200000000005,552.2200000000005,552.2200000000005,552.2200000000005,552.2200000000005,552.2200000000005,552.2200000000005,552.2200000000005,552.2200000000005,552.2200000000005,552.2200000000005,552.2200000000005,556.3400000000031,556.4700000000031,556.6000000000031,556.6000000000031,556.6000000000031,556.6000000000031,552.5600000000004,552.5600000000004,552.5600000000004,552.5600000000004,552.5700000000005,552.5700000000005,552.5700000000005,552.5700000000005,552.5700000000005,552.5700000000005,552.5800000000005,552.5800000000005,552.5800000000005,552.5800000000005,552.5800000000005,552.5800000000005,552.5800000000005,552.5800000000005,552.5800000000005,552.5800000000005,552.5800000000005,552.5800000000005,552.5900000000005,552.5900000000005,552.5900000000005,552.5900000000005,552.5900000000005,552.5900000000005,552.5900000000005,552.5900000000005,556.7200000000031,552.5900000000005,556.7200000000031,552.5900000000005,552.5900000000005,552.5900000000005,552.5900000000005,552.5900000000005,552.5900000000005,552.5900000000005,552.5900000000005,552.6000000000005,552.6000000000005,552.6000000000005,552.6000000000005,552.6000000000005,552.6000000000005,552.6000000000005,552.6000000000005,552.6000000000005,552.6000000000005,552.6000000000005,552.6000000000005,552.6000000000005,552.6000000000005,552.6000000000005,552.6000000000005,552.6000000000005,552.6000000000005,552.6000000000005,552.6000000000005,552.6000000000005,552.6000000000005,552.6000000000005,552.6000000000005,552.6000000000005,552.6000000000005,552.6000000000005,552.6000000000005,552.6000000000005,552.6000000000005,552.6000000000005,552.6000000000005,552.6000000000005,552.6000000000005,552.6000000000005,552.6000000000005,552.6000000000005,552.6000000000005,552.6000000000005,552.6000000000005,552.6000000000005,552.6000000000005,552.6000000000005,552.6000000000005,552.6000000000005,552.6000000000005,552.6000000000005,552.6000000000005,552.6000000000005,552.6000000000005,556.8400000000031,552.6000000000005,552.6000000000005,556.8400000000031,552.6000000000005,556.8400000000031,552.6000000000005,556.8400000000031,552.6000000000005,552.6000000000005,552.6000000000005,552.6000000000005,552.6000000000005,552.6000000000005,552.6000000000005,552.6000000000005,552.6000000000005,552.6000000000005,552.6000000000005,552.6000000000005,552.6000000000005,552.6000000000005,556.9700000000031,557.1000000000031,552.6000000000005,552.6000000000005,552.6000000000005,552.6000000000005,552.6000000000005,552.6000000000005,552.6000000000005,552.6000000000005,552.6000000000005,552.6000000000005,552.6000000000005,552.6000000000005,552.6000000000005,552.6000000000005,552.6000000000005,552.6000000000005,552.6000000000005,552.6000000000005,552.6000000000005,552.6000000000005,552.6000000000005,552.6000000000005,552.6000000000005,552.6000000000005,552.6000000000005,552.6000000000005,552.6000000000005,552.6000000000005,552.6000000000005,552.6000000000005,552.6000000000005,552.6000000000005,552.6000000000005,552.6000000000005,552.6000000000005,552.6000000000005,552.6000000000005,552.6000000000005,552.6000000000005,552.6000000000005,552.6000000000005,552.6000000000005,552.6000000000005,552.6000000000005,552.6000000000005,552.6000000000005,552.6000000000005,552.6000000000005,552.6000000000005,552.6000000000005,552.6000000000005,552.6000000000005,557.3600000000031,557.3600000000031,557.3600000000031,557.3600000000031,557.4900000000031,557.4900000000031,557.6200000000031,557.6200000000031,557.6200000000031,557.6200000000031,557.6200000000031,557.6200000000031,552.6000000000005,552.6000000000005,552.6000000000005,552.6000000000005,552.6000000000005,552.6000000000005,552.6000000000005,552.6000000000005,552.6000000000005,552.6000000000005,552.6000000000005,552.6000000000005,552.6000000000005,552.6000000000005,552.6000000000005,552.6000000000005,552.6000000000005,552.6000000000005,552.6000000000005,552.6000000000005,552.6000000000005,552.6000000000005,552.6000000000005,552.6000000000005,552.6000000000005,552.6000000000005,552.6000000000005,552.6000000000005,552.6000000000005,552.6000000000005,552.6000000000005,552.6000000000005,552.6000000000005,552.6000000000005,552.6000000000005,552.6000000000005,552.6000000000005,552.6000000000005,552.6000000000005,552.6000000000005,552.6000000000005,552.6000000000005,552.6000000000005,552.6000000000005,552.6000000000005,552.6000000000005,552.6000000000005,552.6000000000005,552.6000000000005,552.6000000000005,552.6000000000005,552.6000000000005,557.7500000000031,552.6000000000005,552.6000000000005,552.6000000000005,552.6000000000005,552.6000000000005,552.6000000000005,552.6000000000005,552.6000000000005,552.6000000000005,552.6000000000005,552.6000000000005,552.6000000000005,552.6000000000005,552.6000000000005,552.6000000000005,552.6000000000005,552.6000000000005,552.6000000000005,552.6000000000005,552.6000000000005,552.6000000000005,552.6000000000005,552.6000000000005,552.6000000000005,552.6000000000005,552.6000000000005,552.6000000000005,552.6000000000005,552.6000000000005,552.6000000000005,552.6000000000005,552.6000000000005,552.6000000000005,552.6000000000005,552.6000000000005,552.6000000000005,552.6000000000005,552.6000000000005,552.6000000000005,552.6100000000006,552.6100000000006,552.6100000000006,552.6100000000006,552.6100000000006,552.6100000000006,552.6100000000006,552.6100000000006,552.6100000000006,552.6100000000006,552.6100000000006,552.6100000000006,552.6100000000006,552.6100000000006,552.6100000000006,552.6100000000006,552.6100000000006,552.6100000000006,552.6100000000006,552.6100000000006,552.6100000000006,552.6100000000006,552.6100000000006,552.6100000000006,552.6100000000006,552.6100000000006,552.6100000000006,552.6100000000006,552.6100000000006,552.6100000000006,552.6100000000006,552.6100000000006,552.6100000000006,552.6100000000006,552.6100000000006,552.6100000000006,552.6100000000006,552.6100000000006,552.6100000000006,552.6100000000006,552.6100000000006,552.6100000000006,552.6100000000006,552.6100000000006,552.6100000000006,552.6100000000006,552.6100000000006,552.6100000000006,552.6100000000006,552.6100000000006,552.6100000000006,552.6100000000006,552.6100000000006,552.6100000000006,552.6100000000006,552.6100000000006,552.6100000000006,552.6100000000006,552.6100000000006,552.6100000000006,552.6100000000006,552.6100000000006,552.6100000000006,552.6100000000006,552.6100000000006,552.6100000000006,552.6100000000006,552.6100000000006,552.6100000000006,552.6100000000006,552.6100000000006,552.6100000000006,552.6100000000006,552.6100000000006,552.6100000000006,552.6100000000006,552.6100000000006,552.6100000000006,552.6100000000006,558.0100000000031,552.6100000000006,558.0100000000031,552.6100000000006,552.6100000000006,552.6100000000006,552.6100000000006,552.6100000000006,552.6100000000006,552.6100000000006,552.6100000000006,552.6100000000006,552.6100000000006,552.6100000000006,552.6100000000006,552.6100000000006,552.6100000000006,552.6100000000006,552.6100000000006,552.6100000000006,552.6100000000006,552.6200000000006,552.6200000000006,552.6200000000006,552.6200000000006,552.6200000000006,552.6200000000006,552.6200000000006,552.6200000000006,552.6200000000006,552.6200000000006,552.6200000000006,552.6200000000006,552.6200000000006,552.6200000000006,552.6200000000006,552.6200000000006,552.6200000000006,552.6200000000006,552.6200000000006,552.6200000000006,552.6200000000006,552.6200000000006,552.6200000000006,552.6200000000006,552.6200000000006,552.6200000000006,552.6200000000006,552.6200000000006,552.6200000000006,552.6200000000006,552.6200000000006,552.6200000000006,552.6200000000006,552.6200000000006,552.6200000000006,552.6200000000006,552.6200000000006,552.6200000000006,552.6200000000006,558.150000000003,552.6200000000006,552.6200000000006,552.6200000000006,552.6200000000006,552.6200000000006,
552.6300000000006,552.6300000000006,552.6300000000006,552.6300000000006,552.6300000000006,552.6300000000006,552.6300000000006,552.6300000000006,552.6300000000006,552.6300000000006,552.6300000000006,552.6300000000006,552.6300000000006,552.6300000000006,552.6300000000006,552.6300000000006,552.6300000000006,552.6300000000006,552.6300000000006,552.6300000000006,552.6300000000006,552.6400000000006,552.6400000000006,552.6400000000006,552.6500000000005,552.6500000000005,552.6500000000005,552.6500000000005,552.6500000000005,552.6500000000005,552.6500000000005,552.6500000000005,552.6500000000005,552.6500000000005,552.6500000000005,552.6500000000005,552.6500000000005,552.6500000000005,558.2800000000032,552.6500000000005,552.6600000000005,552.6600000000005,552.6600000000005,552.6600000000005,552.6700000000006,552.6700000000006,552.6700000000006,552.6700000000006,552.6800000000006,552.6900000000006,552.7000000000006,552.7000000000006,552.7100000000006,552.7200000000006,552.7400000000006,552.7400000000006,558.4200000000031,552.7500000000006,552.7500000000006,552.7500000000006,552.7600000000006,552.8000000000005,552.8200000000005,558.5500000000031,552.8400000000005,558.5500000000031,558.5500000000031,558.5500000000031,558.5500000000031,558.5500000000031,552.8600000000006,552.8600000000006,552.8600000000006,552.8600000000006,552.8600000000006,552.8600000000006,552.8600000000006,552.8600000000006,552.8600000000006,552.8800000000006,552.8800000000006,552.9000000000005,552.9000000000005,552.9000000000005,552.9000000000005,552.9200000000005,552.9200000000005,552.9200000000005,552.9200000000005,558.6800000000031,558.6800000000031,552.9400000000006,558.6800000000031,552.9400000000006,558.6800000000031,552.9400000000006,552.9600000000006,553.0000000000006,553.0000000000006,553.0200000000006,553.0500000000005,553.0900000000006,553.0900000000006,553.0900000000006,553.0900000000006,553.0900000000006,553.1400000000006,553.1600000000005,558.9500000000031,553.1800000000005,553.1800000000005,553.1800000000005,553.2000000000005,553.2300000000005,553.2300000000005,553.2300000000005,553.2300000000005,559.0800000000031,553.3000000000005,553.3500000000005,553.4100000000005,559.2100000000031,559.2100000000031,553.4700000000005,553.5000000000006,559.3400000000031,559.3400000000031,559.3400000000031,559.3400000000031,553.5600000000005,559.3400000000031,559.3400000000031,559.3400000000031,559.3400000000031,553.5900000000005,553.6200000000006,553.6200000000006,553.6200000000006,553.6200000000006,553.6200000000006,553.6500000000005,559.4700000000031,559.4700000000031,559.4700000000031,559.4700000000031,559.4700000000031,553.7200000000006,553.7500000000006,553.7800000000005,553.7800000000005,553.7800000000005,559.6100000000031,559.6100000000031,559.6100000000031,559.6100000000031,553.8500000000006,553.8500000000006,553.8800000000006,559.7400000000031,559.7400000000031,559.7400000000031,559.7400000000031,553.9100000000005,553.9100000000005,553.9100000000005,553.9400000000005,553.9400000000005,553.9400000000005,553.9400000000005,553.9400000000005,559.8800000000031,559.8800000000031,553.9800000000005,553.9800000000005,553.9800000000005,554.0200000000004,554.0200000000004,554.0600000000005,554.0600000000005,560.020000000003,554.1000000000005,554.1400000000004,554.1400000000004,554.1400000000004,554.1900000000005,560.160000000003,560.160000000003,554.2700000000004,554.2700000000004,554.2700000000004,554.3100000000005,560.3000000000031,554.3600000000005,554.4000000000004,554.4000000000004,554.4400000000004,554.4900000000004,554.5300000000004,554.5700000000004,560.5800000000031,554.6200000000003,554.6200000000003,554.6200000000003,554.6200000000003,554.6600000000004,560.7200000000031,560.7200000000031,560.7200000000031,554.7100000000005,554.8000000000004,554.8000000000004,560.8600000000031,560.8600000000031,554.8400000000005,554.8900000000004,554.8900000000004,554.8900000000004,554.9300000000005,561.0000000000031,554.9300000000005,555.0200000000006,561.140000000003,555.0700000000005,555.0700000000005,555.0700000000005,555.0700000000005,555.0700000000005,561.2800000000032,561.2800000000032,555.1200000000005,555.1200000000005,555.1200000000005,555.1200000000005,555.1700000000004,555.1700000000004,555.2200000000005,555.2200000000005,561.4300000000031,555.2700000000004,555.3200000000005,555.3200000000005,555.3200000000005,555.3200000000005,555.3200000000005,561.5700000000031,555.3700000000005,561.5700000000031,555.3700000000005,555.3700000000005,555.4200000000005,555.4700000000005,555.4700000000005,561.7200000000031,561.7200000000031,561.7200000000031,555.5200000000004,555.5700000000005,555.6200000000005,555.6200000000005,561.8600000000031,555.6700000000005,555.6700000000005,555.6700000000005,555.6700000000005,555.7200000000005,562.0000000000031,562.0000000000031,555.7800000000005,555.7800000000005,555.8400000000005,555.8400000000005,555.9000000000005,555.9000000000005,555.9000000000005,555.9000000000005,562.1400000000032,555.9600000000005,556.0200000000006,562.1400000000032,556.1300000000006,556.1900000000005,556.1900000000005,556.1900000000005,556.1900000000005,556.1900000000005,562.2800000000032,556.1900000000005,562.2800000000032,556.1900000000005,562.2800000000032,556.1900000000005,562.2800000000032,562.2800000000032,562.2800000000032,556.2400000000006,556.2400000000006,556.2400000000006,562.4300000000031,556.3600000000006,556.4200000000005,556.4200000000005,562.5800000000031,562.5800000000031,562.5800000000031,556.4800000000006,562.5800000000031,562.5800000000031,562.5800000000031,562.5800000000031,562.5800000000031,556.5400000000005,556.6000000000006,562.7300000000032,556.6600000000005,556.7200000000006,556.7200000000006,556.7200000000006,556.7200000000006,562.8800000000032,562.8800000000032,556.8500000000006,556.8500000000006,556.8500000000006,556.8500000000006,556.8500000000006,563.0300000000032,556.9100000000005,556.9100000000005,557.0400000000005,563.1800000000031,557.1100000000006,557.1100000000006,557.1100000000006,557.1100000000006,557.1100000000006,557.1700000000005,557.1700000000005,557.1700000000005,557.1700000000005,557.1700000000005,563.3300000000031,563.3300000000031,563.3300000000031,557.2400000000005,557.3100000000005,563.4800000000032,557.3800000000005,563.6300000000032,557.4400000000005,557.4400000000005,563.7800000000032,563.7800000000032,557.5800000000005,557.6500000000004,563.9300000000031,557.6500000000004,557.7100000000004,557.7700000000004,557.7800000000004,557.9100000000004,564.2300000000032,564.2300000000032,557.9800000000004,557.9800000000004,558.0500000000004,558.1200000000003,558.1900000000004,558.1900000000004,558.1900000000004,564.5300000000032,558.2600000000004,558.3300000000004,564.6800000000031,558.4000000000004,558.4000000000004,558.4000000000004,558.4000000000004,558.4000000000004,558.4000000000004,558.4000000000004,558.4000000000004,558.4700000000004,558.4700000000004,558.4700000000004,558.4700000000004,558.4700000000004,564.6800000000031,564.6800000000031,564.6800000000031,564.6800000000031,558.5500000000003,558.5500000000003,558.5500000000003,558.6300000000003,564.8300000000031,564.8300000000031,564.8300000000031,558.7000000000003,564.9800000000031,558.8500000000004,558.9300000000003,558.9300000000003,565.1300000000031,559.0100000000003,559.0100000000003,559.0900000000004,565.2800000000032,565.2800000000032,565.2800000000032,559.1600000000003,559.1600000000003,559.1600000000003,559.1600000000003,559.1600000000003,559.1600000000003,559.2300000000004,559.3100000000003,559.3100000000003,565.5900000000031,559.3900000000003,559.4700000000004,559.5500000000003,559.6300000000003,565.9000000000032,565.9000000000032,565.9000000000032,565.9000000000032,565.9000000000032,565.9000000000032,559.7100000000004,559.7900000000003,566.0500000000031,566.0500000000031,559.8700000000003,559.8700000000003,559.8700000000003,559.9500000000004,559.9500000000004,559.9500000000004,559.9500000000004,560.0300000000003,560.0400000000004,560.0400000000004,560.0400000000004,560.1300000000003,566.3600000000031,566.3600000000031,560.2200000000004,566.5200000000032,566.5200000000032,566.5200000000032,560.3100000000004,566.5200000000032,560.4000000000004,560.4000000000004,566.6800000000031,560.4900000000005,560.4900000000005,560.5800000000004,566.8300000000032,566.8300000000032,560.6600000000004,560.6600000000004,560.6600000000004,560.6600000000004,560.6600000000004,560.8300000000004,567.1400000000032,560.9100000000004,567.3000000000031,560.9900000000004,561.0700000000003,561.0700000000003,561.0700000000003,567.4600000000032,567.4600000000032,561.1500000000003,561.2300000000004,561.3100000000003,561.3100000000003,567.6100000000032,561.4000000000003,567.6100000000032,567.6100000000032,567.6100000000032,567.6100000000032,561.4900000000004,561.4900000000004,567.7600000000033,567.7600000000033,567.7600000000033,561.5800000000004,561.6700000000003,561.6700000000003,567.9300000000032,567.9300000000032,567.9300000000032,561.6700000000003,561.7600000000003,561.7600000000003,568.0900000000032,568.0900000000032,561.7600000000003,561.7600000000003,568.0900000000032,568.0900000000032,561.9400000000003,561.9400000000003,561.9400000000003,561.9400000000003,568.0900000000032,568.0900000000032,562.0300000000003,568.0900000000032,562.0300000000003,568.0900000000032,562.0300000000003,562.1200000000003,562.1200000000003,568.0900000000032,562.2100000000004,568.0900000000032,568.0900000000032,568.0900000000032,568.0900000000032,568.0900000000032,568.0900000000032,562.4000000000003,562.5000000000003,562.5000000000003,568.0900000000032,562.6000000000004,568.2500000000032,568.2500000000032,568.2500000000032,568.2500000000032,562.6900000000003,562.6900000000003,562.6900000000003,562.7900000000003,562.7900000000003,562.8900000000003,562.8900000000003,562.8900000000003,568.5800000000032,568.5800000000032,562.9900000000004,568.7500000000032,568.7500000000032,563.0800000000003,563.0800000000003,563.1800000000003,563.1800000000003,563.1800000000003,563.2800000000003,563.2800000000003,563.3800000000003,568.9100000000033,563.4800000000004,569.0900000000033,563.4800000000004,563.5800000000004,563.5800000000004,563.5800000000004,563.5800000000004,563.5800000000004,563.5800000000004,563.6800000000004,563.6800000000004,563.6800000000004,569.2500000000033,563.6800000000004,563.6800000000004,563.6800000000004,563.7800000000004,569.4100000000033,569.4100000000033,563.8800000000005,563.9800000000005,563.9800000000005,569.4100000000033,569.4100000000033,564.0900000000004,564.0900000000004,569.5700000000032,564.1900000000004,564.1900000000004,564.2900000000004,564.2900000000004,564.4000000000004,564.4000000000004,569.7300000000033,564.5000000000005,564.5000000000005,564.5000000000005,564.6000000000005,564.6000000000005,564.6000000000005,564.6000000000005,569.9000000000033,564.7100000000005,570.0700000000033,570.0700000000033,564.8100000000004,570.0700000000033,564.9200000000004,564.9200000000004,570.0700000000033,565.0300000000004,565.1300000000005,565.1300000000005,570.2400000000034,565.3400000000005,565.3400000000005,570.2400000000034,570.4100000000034,570.4100000000034,565.5600000000004,565.5600000000004,565.5600000000004,565.6700000000004,570.4100000000034,570.4100000000034,570.4100000000034,570.4100000000034,565.7700000000004,565.7700000000004,565.8800000000005,565.8800000000005,570.7500000000034,570.7500000000034,566.1000000000005,566.1000000000005,566.3200000000005,566.3200000000005,566.3200000000005,566.3200000000005,566.3200000000005,566.3200000000005,566.3200000000005,566.3200000000005,566.3200000000005,566.3200000000005,566.3200000000005,566.3200000000005,571.0900000000033,571.0900000000033,571.1000000000033,571.2700000000034,571.2700000000034,566.5400000000005,566.5400000000005,566.5400000000005,566.5400000000005,566.5400000000005,566.5400000000005,566.5400000000005,566.5400000000005,566.5400000000005,566.5400000000005,566.5400000000005,566.5400000000005,566.5400000000005,566.5400000000005,566.5400000000005,566.5400000000005,566.5400000000005,566.6600000000005,571.4500000000033,566.6600000000005,571.4500000000033,566.6600000000005,571.4500000000033,566.6600000000005,571.4500000000033,566.7800000000005,566.7800000000005,566.7800000000005,566.7800000000005,571.6300000000034,566.9000000000005,566.9000000000005,566.9000000000005,566.9000000000005,566.9000000000005,566.9000000000005,566.9000000000005,566.9000000000005,566.9000000000005,571.6300000000034,571.6300000000034,571.6300000000034,567.0200000000006,567.0200000000006,567.0200000000006,571.8000000000034,571.8000000000034,567.2500000000006,567.2500000000006,571.9700000000033,567.3600000000006,567.4800000000006,567.4800000000006,567.4800000000006,572.1500000000033,572.1500000000033,572.1500000000033,572.1500000000033,572.1500000000033,567.7200000000006,567.8400000000006,572.3200000000033,572.3200000000033,567.9600000000005,568.0800000000005,568.0800000000005,568.0800000000005,568.0800000000005,568.0800000000005,568.0800000000005,568.0800000000005,568.0800000000005,568.0800000000005,572.5000000000034,568.3200000000005,572.6800000000034,568.4400000000004,568.4400000000004,568.4400000000004,568.4500000000005,568.5600000000004,568.5600000000004,572.8600000000034,568.5600000000004,573.0400000000034,573.0400000000034,568.8000000000003,568.8000000000003,568.8000000000003,573.2200000000034,568.9100000000002,569.0300000000002,569.0300000000002,569.0300000000002,569.0300000000002,573.4000000000034,569.1500000000002,573.5800000000035,573.5800000000035,573.5800000000035,569.2700000000002,569.3900000000002,569.3900000000002,569.3900000000002,569.3900000000002,569.3900000000002,569.3900000000002,573.9400000000035,573.9400000000035,573.9400000000035,573.9400000000035,573.9400000000035,569.6300000000002,569.7500000000002,574.1200000000034,574.1200000000034,574.1200000000034,574.1200000000034,574.1200000000034,574.1200000000034,574.1200000000034,569.8700000000002,569.8700000000002,574.1200000000034,570.1100000000002,570.2300000000002,570.2300000000002,574.3000000000034,570.4800000000002,570.4800000000002,570.4800000000002,570.4800000000002,570.4800000000002,570.4800000000002,574.4800000000033,574.4800000000033,570.6100000000002,574.6600000000034,574.6600000000034,574.6600000000034,570.7400000000002,574.8400000000033,570.8600000000002,570.8600000000002,570.9800000000002,570.9800000000002,570.9800000000002,574.8400000000033,574.8400000000033,575.0200000000033,575.0200000000033,571.2300000000002,571.2300000000002,571.3500000000003,571.3500000000003,575.2000000000032,575.2100000000033,571.6000000000003,571.6000000000003,571.6000000000003,575.3900000000033,571.7200000000003,575.5800000000033,575.5800000000033,575.7600000000033,571.9700000000003,572.1000000000003,575.9400000000034,575.9400000000034,575.9400000000034,572.2300000000002,572.2300000000002,572.3600000000002,572.3600000000002,572.4900000000002,572.4900000000002,576.3100000000034,572.6200000000002,576.4900000000033,576.4900000000033,576.4900000000033,576.4900000000033,576.4900000000033,576.4900000000033,576.4900000000033,576.4900000000033,576.4900000000033,576.4900000000033,572.7600000000003,572.7600000000003,572.8900000000003,576.6800000000032,576.6800000000032,573.0300000000003,576.6800000000032,573.1600000000003,576.6800000000032,576.6800000000032,576.6800000000032,576.6800000000032,576.6800000000032,576.6800000000032,573.4300000000003,576.8700000000033,573.5600000000003,573.5600000000003,573.5600000000003,573.7000000000003,577.0600000000032,577.0600000000032,573.8400000000003,573.8400000000003,573.8400000000003,573.8400000000003,577.2500000000032,577.2500000000032,577.2500000000032,577.2500000000032,573.8400000000003,573.8400000000003,573.8400000000003,577.4400000000032,577.4400000000032,577.4400000000032,573.9700000000004,573.9700000000004,574.1000000000004,574.1000000000004,574.1000000000004,574.1000000000004,577.6300000000032,577.6300000000032,577.6300000000032,577.6300000000032,577.8200000000031,577.8200000000031,577.8200000000031,574.3900000000003,574.3900000000003,574.3900000000003,574.3900000000003,574.3900000000003,574.3900000000003,574.4000000000003,574.4000000000003,574.4000000000003,578.0100000000032,578.0100000000032,578.0100000000032,574.5500000000003,574.5500000000003,574.5500000000003,574.5500000000003,578.2000000000031,578.2000000000031,578.2000000000031,578.2000000000031,574.8200000000004,574.8200000000004,578.2000000000031,578.2000000000031,574.9500000000004,574.9500000000004,574.9500000000004,574.9500000000004,574.9500000000004,574.9600000000004,574.9600000000004,574.9600000000004,574.9600000000004,574.9600000000004,574.9600000000004,574.9600000000004,574.9600000000004,574.9600000000004,578.2000000000031,578.2000000000031,578.4000000000032,578.4000000000032,578.4000000000032,578.4000000000032,578.4100000000032,575.2400000000004,578.6100000000032,578.6100000000032,578.6100000000032,578.6100000000032,578.6100000000032,575.3800000000005,575.5200000000004,575.5200000000004,578.8100000000031,578.8100000000031,578.8100000000031,578.8100000000031,578.8100000000031,578.8100000000031,578.8100000000031,578.8100000000031,578.8100000000031,578.8100000000031,575.6600000000004,575.6600000000004,579.0000000000031,579.0000000000031,579.0000000000031,575.6600000000004,575.6600000000004,575.8000000000004,575.8000000000004,575.8000000000004,579.0000000000031,579.0000000000031,579.0000000000031,579.0000000000031,579.0000000000031,579.200000000003,579.200000000003,579.200000000003,579.200000000003,579.200000000003,576.0800000000004,576.2200000000004,576.2200000000004,576.2200000000004,579.4000000000029,579.4000000000029,579.4000000000029,579.4000000000029,579.4000000000029,579.4000000000029,579.4000000000029,579.4000000000029,579.4000000000029,579.4000000000029,579.4000000000029,576.3700000000003,579.590000000003,576.5100000000003,576.5100000000003,579.8000000000029,579.8000000000029,576.6500000000003,579.8000000000029,579.8000000000029,579.8000000000029,579.8000000000029,579.8000000000029,579.8000000000029,579.8000000000029,580.0100000000028,576.7900000000003,576.7900000000003,580.2200000000029,580.2200000000029,580.2200000000029,577.0800000000004,577.0800000000004,577.0800000000004,577.0800000000004,577.0800000000004,577.0800000000004,577.0800000000004,577.0800000000004,580.4300000000029,580.4300000000029,580.4300000000029,580.4300000000029,580.4300000000029,580.4300000000029,577.0800000000004,577.0800000000004,577.0800000000004,577.0800000000004,580.630000000003,580.630000000003,577.3700000000003,577.3700000000003,577.3700000000003,580.630000000003,580.630000000003,577.3700000000003,580.820000000003,580.820000000003,577.5200000000003,581.0300000000029,577.6700000000003,581.0300000000029,577.8200000000003,577.8200000000003,581.240000000003,577.9700000000003,577.9700000000003,581.440000000003,581.440000000003,581.440000000003,578.1100000000002,578.2500000000002,581.840000000003,581.840000000003,581.840000000003,581.840000000003,581.840000000003,578.7000000000003,578.8500000000003,578.8500000000003,578.8500000000003,578.8500000000003,582.240000000003,579.0000000000002,582.440000000003,582.440000000003,582.440000000003,579.1500000000002,579.4600000000003,579.4600000000003,582.6400000000029,579.6100000000002,579.6100000000002,579.6100000000002,579.6100000000002,582.850000000003,579.7600000000003,579.7600000000003,579.7600000000003,579.7600000000003,582.850000000003,582.850000000003,579.9200000000003,582.850000000003,579.9200000000003,582.850000000003,579.9200000000003,582.850000000003,582.850000000003,582.850000000003,582.850000000003,582.850000000003,583.1200000000031,583.1200000000031,583.1200000000031,583.1200000000031,583.1200000000031,583.1200000000031,583.1200000000031,583.1200000000031,583.1200000000031,580.2300000000002,580.2300000000002,580.2300000000002,580.2300000000002,580.3900000000003,583.320000000003,583.320000000003,580.5500000000003,583.520000000003,580.7000000000003,583.7200000000031,580.7000000000003,580.7000000000003,580.8500000000003,580.8500000000003,580.8500000000003,583.930000000003,583.930000000003,583.930000000003,583.930000000003,583.930000000003,583.930000000003,583.930000000003,584.140000000003,584.140000000003,584.140000000003,584.140000000003,581.0100000000002,581.1700000000003,581.3300000000003,584.550000000003,584.550000000003,581.3300000000003,581.3300000000003,581.3300000000003,584.7600000000031,584.7600000000031,584.7600000000031,581.3300000000003,584.9700000000031,581.3300000000003,581.5000000000002,581.6700000000003,585.1800000000031,581.8400000000003,585.3900000000032,585.3900000000032,585.3900000000032,585.3900000000032,585.3900000000032,585.3900000000032,585.3900000000032,585.3900000000032,585.5900000000032,585.5900000000032,585.5900000000032,585.5900000000032,585.5900000000032,585.5900000000032,585.7900000000031,582.1800000000003,585.7900000000031,582.3400000000004,582.3400000000004,582.5000000000003,586.2100000000031,586.2100000000031,586.2100000000031,586.2100000000031,586.2100000000031,582.5000000000003,582.5000000000003,586.4200000000031,586.4200000000031,582.6600000000004,582.8300000000004,582.8300000000004,586.4200000000031,582.9900000000004,586.6300000000032,586.6300000000032,586.6300000000032,586.6300000000032,586.6300000000032,586.6300000000032,586.6300000000032,586.6300000000032,583.1500000000004,583.1500000000004,586.8400000000032,583.3100000000004,583.4800000000004,583.4800000000004,583.4800000000004,587.0500000000033,587.0500000000033,587.0500000000033,587.0500000000033,583.6400000000004,583.6400000000004,583.6400000000004,587.2600000000032,587.2600000000032,587.2600000000032,587.2600000000032,587.2600000000032,587.2600000000032,587.2600000000032,583.8000000000004,587.4700000000031,587.4700000000031,587.4700000000031,587.4700000000031,583.9700000000004,584.1400000000004,584.1400000000004,587.8900000000032,587.8900000000032,587.8900000000032,587.8900000000032,584.1400000000004,584.1400000000004,588.1100000000032,584.3100000000005,584.3100000000005,584.3100000000005,584.3100000000005,584.3100000000005,584.3100000000005,588.3200000000031,588.3200000000031,588.3200000000031,588.3200000000031,584.6500000000005,584.6500000000005,588.5400000000031,584.8200000000005,588.7500000000032,588.7500000000032,588.7500000000032,588.7500000000032,588.7500000000032,588.7500000000032,584.9900000000005,588.9600000000032,585.1600000000005,589.1700000000031,585.3300000000005,589.1700000000031,585.3300000000005,589.1700000000031,585.5000000000006,585.5000000000006,585.5000000000006,585.5000000000006,585.5000000000006,589.3800000000032,585.6700000000005,585.6700000000005,589.5900000000032,589.5900000000032,589.5900000000032,589.5900000000032,589.5900000000032,589.5900000000032,589.5900000000032,585.8400000000005,589.8100000000032,589.8100000000032,589.8100000000032,589.8100000000032,586.0100000000006,586.0100000000006,586.0100000000006,586.0100000000006,586.0100000000006,586.0100000000006,586.0100000000006,586.0100000000006,590.0300000000033,590.0300000000033,590.2400000000032,590.2400000000032,586.3500000000006,586.3500000000006,590.4600000000032,590.4600000000032,590.4600000000032,590.4600000000032,586.5200000000007,590.6800000000032,590.6800000000032,586.7000000000006,586.7000000000006,586.7000000000006,586.7000000000006,586.7000000000006,586.8700000000006,586.8700000000006,586.8700000000006,586.8700000000006,590.9000000000033,590.9000000000033,590.9000000000033,590.9000000000033,590.9000000000033,587.0400000000006,587.0400000000006,590.9000000000033,587.2100000000006,590.9000000000033,590.9000000000033,587.3900000000007,587.3900000000007,587.5700000000006,587.7400000000007,587.7400000000007,587.7400000000007,591.1200000000033,587.9200000000006,587.9200000000006,587.9200000000006,587.9200000000006,588.1000000000006,591.3400000000033,591.3400000000033,588.2800000000007,588.2800000000007,591.5600000000032,591.5600000000032,588.4600000000006,588.4600000000006,588.4600000000006,591.7800000000033,588.6300000000006,592.0100000000033,592.0100000000033,592.0100000000033,592.0100000000033,592.0100000000033,592.0100000000033,588.8000000000006,588.8000000000006,592.2300000000033,592.2300000000033,592.2300000000033,592.2300000000033,592.2300000000033,592.4600000000033,588.9800000000006,589.1500000000005,589.1500000000005,589.1500000000005,589.1500000000005,592.6800000000032,589.3300000000006,592.9000000000032,592.9000000000032,589.5200000000006,589.5200000000006,593.1300000000032,593.1300000000032,589.7000000000006,589.7000000000006,589.7000000000006,589.7000000000006,589.7000000000006,589.7000000000006,593.3600000000032,589.7000000000006,589.7000000000006,593.5800000000032,593.5800000000032,589.7000000000006,593.5800000000032,589.8900000000007,593.8000000000031,593.8000000000031,594.020000000003,590.0700000000006,590.0700000000006,590.2500000000006,590.2500000000006,594.2400000000031,594.2400000000031,594.2400000000031,594.2400000000031,590.4400000000005,590.4400000000005,594.4700000000031,594.4700000000031,590.6300000000005,590.6300000000005,594.7000000000031,594.7000000000031,594.7000000000031,594.7000000000031,590.8200000000005,594.9400000000031,594.9400000000031,594.9400000000031,590.8200000000005,590.8200000000005,595.1800000000031,590.8200000000005,590.8200000000005,590.8200000000005,595.4100000000032,595.4100000000032,595.4100000000032,591.0100000000004,591.0100000000004,591.0100000000004,591.0100000000004,591.0100000000004,591.0100000000004,591.0100000000004,591.0100000000004,591.0100000000004,591.0100000000004,591.0100000000004,595.6400000000032,595.6400000000032,595.6400000000032,595.6400000000032,595.6400000000032,595.6400000000032,591.2000000000005,591.2000000000005,591.2000000000005,591.2000000000005,591.2000000000005,591.2000000000005,591.2000000000005,591.2000000000005,591.2000000000005,591.2000000000005,591.2000000000005,591.2000000000005,591.2000000000005,591.2000000000005,595.8700000000031,591.4000000000004,591.4000000000004,591.4000000000004,591.4000000000004,591.4000000000004,591.4000000000004,591.4000000000004,591.4000000000004,591.4000000000004,591.4000000000004,591.4000000000004,591.4000000000004,591.4000000000004,591.4000000000004,591.4000000000004,591.4000000000004,591.4000000000004,591.4000000000004,591.4000000000004,591.4000000000004,591.4000000000004,596.100000000003,591.6000000000004,591.6000000000004,591.6000000000004,591.6000000000004,596.330000000003,591.9900000000004,596.570000000003,596.570000000003,596.570000000003,592.1900000000003,592.1900000000003,592.1900000000003,592.1900000000003,592.1900000000003,592.1900000000003,592.1900000000003,592.1900000000003,592.1900000000003,596.570000000003,596.570000000003,596.570000000003,596.570000000003,596.570000000003,592.3800000000002,592.3800000000002,592.3800000000002,592.3800000000002,592.3800000000002,592.5700000000003,592.5700000000003,592.5700000000003,596.810000000003,596.810000000003,596.810000000003,596.810000000003,596.810000000003,596.810000000003,596.810000000003,596.810000000003,596.810000000003,596.810000000003,596.810000000003,596.810000000003,592.7600000000002,592.7600000000002,592.7600000000002,592.7600000000002,592.7600000000002,597.040000000003,592.9500000000003,592.9500000000003,592.9500000000003,592.9500000000003,597.280000000003,592.9500000000003,597.280000000003,597.280000000003,597.280000000003,597.280000000003,597.280000000003,597.280000000003,597.280000000003,597.280000000003,597.280000000003,597.280000000003,597.280000000003,597.280000000003,597.280000000003,593.1400000000003,593.1400000000003,593.1400000000003,593.1400000000003,593.1400000000003,597.5100000000031,597.520000000003,593.3300000000004,593.3300000000004,593.3300000000004,593.3300000000004,593.3300000000004,593.3300000000004,597.7500000000031,593.5200000000003,593.5200000000003,597.9800000000031,597.9800000000031,597.9800000000031,597.9800000000031,593.7100000000004,593.7100000000004,598.2200000000031,598.2200000000031,593.9000000000003,593.9000000000003,593.9000000000003,598.4600000000031,598.4600000000031,598.4600000000031,598.7000000000031,594.2900000000003,594.2900000000003,598.9400000000031,594.4800000000004,594.4800000000004,599.180000000003,599.180000000003,599.180000000003,599.180000000003,594.6900000000003,594.6900000000003,594.8900000000003,594.8900000000003,599.4200000000029,599.4200000000029,599.4200000000029,595.0900000000004,595.0900000000004,595.0900000000004,595.0900000000004,595.0900000000004,595.2800000000003,595.2800000000003,595.2800000000003,595.2800000000003,599.6600000000029,599.6600000000029,599.6600000000029,595.4800000000004,599.6600000000029,599.6600000000029,599.6600000000029,595.4800000000004,595.4800000000004,599.9000000000029,599.9000000000029,599.9000000000029,599.9000000000029,595.6800000000003,595.6800000000003,595.6800000000003,595.6800000000003,595.6800000000003,595.6800000000003,595.6800000000003,595.6800000000003,595.6800000000003,595.6800000000003,595.6800000000003,599.9000000000029,599.9000000000029,595.8800000000003,595.8800000000003,595.8800000000003,595.8800000000003,595.8800000000003,600.1400000000029,596.2800000000003,600.380000000003,600.380000000003,596.4800000000004,600.380000000003,600.3900000000029,596.6800000000003,596.6800000000003,596.6800000000003,596.6800000000003,600.3900000000029,600.3900000000029,600.3900000000029,600.3900000000029,596.8800000000002,596.8800000000002,596.8800000000002,596.8800000000002,596.8900000000002,596.8900000000002,596.8900000000002,596.8900000000002,596.8900000000002,600.630000000003,600.630000000003,600.630000000003,600.630000000003,600.630000000003,600.630000000003,600.630000000003,597.1000000000003,597.1000000000003,597.1000000000003,597.1000000000003,597.1000000000003,597.3000000000003,597.3000000000003,600.880000000003,597.5100000000002,601.120000000003,597.7100000000003,597.7100000000003,597.7100000000003,601.130000000003,601.130000000003,601.130000000003,601.130000000003,601.1400000000029,601.1400000000029,601.1400000000029,601.1400000000029,601.1400000000029,597.9100000000003,597.9100000000003,597.9100000000003,597.9100000000003,601.3900000000029,601.3900000000029,601.3900000000029,601.3900000000029,598.1100000000002,598.1100000000002,601.3900000000029,601.3900000000029,601.3900000000029,598.3100000000003,598.3100000000003,598.3100000000003,598.3100000000003,598.5100000000003,601.3900000000029,601.3900000000029,598.7100000000003,601.3900000000029,598.9100000000003,598.9100000000003,598.9100000000003,598.9100000000003,601.3900000000029,601.3900000000029,601.3900000000029,601.3900000000029,601.3900000000029,599.1100000000004,599.3200000000003,599.3200000000003,601.630000000003,599.5300000000003,599.5300000000003,599.7300000000004,601.870000000003,601.870000000003,601.870000000003,601.870000000003,601.870000000003,599.9300000000003,602.110000000003,602.110000000003,602.110000000003,602.110000000003,602.110000000003,602.110000000003,602.110000000003,600.1400000000003,602.110000000003,600.3500000000004,600.5600000000003,600.5600000000003,600.7700000000003,602.3500000000029,600.9700000000004,600.9700000000004,600.9700000000004,600.9700000000004,602.3500000000029,602.3500000000029,602.3500000000029,602.3500000000029,601.1800000000003,601.1800000000003,602.6000000000029,602.6000000000029,601.3900000000003,602.6000000000029,602.6000000000029,602.6000000000029,602.6000000000029,601.6000000000004,602.6000000000029,602.6000000000029,601.8100000000003,601.8100000000003,601.8100000000003,601.8100000000003,602.0200000000003,602.0200000000003,602.8500000000029,602.2300000000004,602.2300000000004,602.2300000000004,602.8500000000029,602.8500000000029,602.8500000000029,602.4400000000004,602.4400000000004,602.4400000000004,602.4400000000004,602.4400000000004,602.4400000000004,602.4400000000004,602.4400000000004,603.1000000000029,603.1000000000029,602.6500000000003,602.6500000000003,602.6500000000003,602.6500000000003,602.6500000000003,602.6500000000003,603.3600000000029,602.6500000000003,602.6500000000003,603.6100000000029,603.6100000000029,603.6100000000029,603.6100000000029,603.6100000000029,603.6100000000029,602.8600000000004,602.8600000000004,602.8600000000004,602.8600000000004,602.8600000000004,602.8600000000004,602.8600000000004,602.8600000000004,602.8600000000004,603.8700000000028,603.8700000000028,603.8700000000028,602.8600000000004,603.0700000000003,604.1200000000028,604.1200000000028,604.1200000000028,603.2800000000002,603.2800000000002,604.1200000000028,603.5000000000002,604.1200000000028,604.1200000000028,604.1200000000028,604.1200000000028,603.7100000000003,603.9200000000002,603.9200000000002,604.3700000000028,604.3700000000028,604.1400000000002,604.1400000000002,604.1400000000002,604.6200000000028,604.3600000000002,604.3600000000002,604.3600000000002,604.3600000000002,604.3600000000002,604.3600000000002,604.3600000000002,604.8700000000028,604.8700000000028,604.8700000000028,604.8700000000028,604.8700000000028,604.8700000000028,604.5700000000002,605.1200000000028,605.1200000000028,605.1200000000028,605.1200000000028,604.7900000000002,605.3700000000028,605.3700000000028,605.0000000000002,605.6200000000028,605.2100000000003,605.2100000000003,605.2100000000003,605.6200000000028,605.4300000000002,605.6200000000028,605.6500000000002,605.6500000000002,605.8700000000002,605.8800000000028,606.0900000000003,606.0900000000003,606.0900000000003,606.0900000000003,606.0900000000003,606.1400000000028,606.0900000000003,606.0900000000003,606.4000000000028,606.4000000000028,606.4000000000028,606.4000000000028,606.3100000000002,606.3100000000002,606.3100000000002,606.6500000000028,606.6500000000028,606.5300000000002,606.5300000000002,606.5300000000002,606.5300000000002,606.5300000000002,606.5300000000002,606.5300000000002,606.9100000000028,606.9100000000028,606.9100000000028,606.7400000000002,606.7400000000002,606.7400000000002,606.9100000000028,606.9100000000028,606.9600000000003,606.9600000000003,606.9600000000003,606.9200000000028,606.9200000000028,606.9200000000028,607.1800000000003,607.1800000000003,607.1800000000003,607.1800000000003,607.1800000000029,607.1800000000029,607.6300000000002,607.6300000000002,607.6400000000002,607.6400000000002,607.6400000000002,607.6400000000002,607.1800000000029,607.1800000000029,607.1800000000029,607.8700000000002,607.1800000000029,607.1800000000029,607.1800000000029,607.1800000000029,607.1800000000029,607.1800000000029,608.0900000000003,608.0900000000003,608.0900000000003,608.0900000000003,608.0900000000003,608.0900000000003,608.0900000000003,608.0900000000003,608.0900000000003,607.4400000000029,608.5300000000003,607.7000000000029,607.7000000000029,607.7000000000029,607.7000000000029,607.7000000000029,607.7000000000029,607.7100000000029,607.7100000000029,607.7100000000029,607.7100000000029,607.7100000000029,607.7100000000029,607.7100000000029,607.7100000000029,607.7100000000029,607.7100000000029,607.7100000000029,607.7100000000029,607.7100000000029,607.7100000000029,607.7100000000029,607.7100000000029,607.7100000000029,607.7100000000029,607.7100000000029,607.7100000000029,607.7100000000029,607.7100000000029,607.7100000000029,607.7100000000029,607.7100000000029,607.7100000000029,607.7100000000029,607.7100000000029,607.7100000000029,607.7100000000029,607.9700000000029,608.7500000000002,608.2300000000029,608.2300000000029,608.2300000000029,608.2300000000029,608.2300000000029,608.2300000000029,608.2300000000029,608.2300000000029,608.2300000000029,608.2300000000029,608.2300000000029,608.2300000000029,608.9800000000002,608.9800000000002,608.9800000000002,609.2100000000003,609.2100000000003,609.2100000000003,609.2100000000003,608.4900000000029,609.2100000000003,608.4900000000029,609.2100000000003,608.4900000000029,609.2100000000003,608.4900000000029,609.2100000000003,608.4900000000029,609.2100000000003,608.4900000000029,608.4900000000029,608.4900000000029,609.2100000000003,609.2100000000003,609.2100000000003,609.2100000000003,609.2100000000003,608.750000000003,608.750000000003,608.750000000003,608.750000000003,608.750000000003,608.750000000003,609.4400000000003,609.010000000003,609.010000000003,609.010000000003,609.010000000003,609.6600000000003,609.2800000000029,609.8800000000002,609.8800000000002,609.5500000000029,609.5500000000029,609.5500000000029,609.5500000000029,609.5500000000029,609.5500000000029,609.5500000000029,610.1000000000003,610.1000000000003,610.1000000000003,609.8200000000029,609.8200000000029,609.8200000000029,609.8200000000029,609.8200000000029,610.3300000000003,610.3300000000003,610.3300000000003,610.3300000000003,610.3300000000003,610.3300000000003,610.3300000000003,610.3300000000003,610.3300000000003,610.3300000000003,610.3300000000003,610.3300000000003,610.3300000000003,610.080000000003,610.080000000003,610.080000000003,610.080000000003,610.080000000003,610.080000000003,610.080000000003,610.080000000003,610.080000000003,610.3300000000003,610.3300000000003,610.3300000000003,610.350000000003,610.350000000003,610.350000000003,610.360000000003,610.360000000003,610.360000000003,610.5600000000003,610.5600000000003,610.5600000000003,610.5600000000003,610.630000000003,610.630000000003,610.630000000003,610.630000000003,610.630000000003,610.630000000003,610.630000000003,610.630000000003,610.630000000003,610.630000000003,610.630000000003,610.630000000003,610.630000000003,610.630000000003,610.630000000003,610.630000000003,610.630000000003,610.630000000003,610.630000000003,610.630000000003,610.630000000003,610.630000000003,610.630000000003,610.630000000003,610.630000000003,610.7900000000003,610.7900000000003,610.9000000000029,611.0300000000003,611.0300000000003,610.9000000000029,610.9000000000029,611.0300000000003,611.0300000000003,611.0400000000004,611.1700000000029,611.2700000000003,611.2700000000003,611.2700000000003,611.2700000000003,611.2700000000003,611.2700000000003,611.4500000000029,611.4500000000029,611.4500000000029,611.4500000000029,611.4500000000029,611.4500000000029,611.2700000000003,611.2700000000003,611.2700000000003,611.2700000000003,611.730000000003,611.730000000003,611.730000000003,611.730000000003,611.730000000003,611.730000000003,611.730000000003,611.730000000003,611.730000000003,611.730000000003,611.5000000000003,611.5000000000003,611.5000000000003,612.010000000003,612.010000000003,612.010000000003,612.010000000003,612.010000000003,612.010000000003,612.010000000003,612.010000000003,612.010000000003,612.010000000003,611.7300000000004,611.7300000000004,611.7300000000004,611.9600000000004,611.9700000000004,611.9700000000004,611.9700000000004,611.9700000000004,611.9700000000004,612.2900000000029,612.2900000000029,612.2000000000004,612.2000000000004,612.2000000000004,612.2900000000029,612.2900000000029,612.2000000000004,612.2000000000004,612.5700000000029,612.5700000000029,612.5700000000029,612.5700000000029,612.5700000000029,612.5700000000029,612.5700000000029,612.5700000000029,612.5700000000029,612.5700000000029,612.5700000000029,612.5700000000029,612.5700000000029,612.5700000000029,612.5700000000029,612.5700000000029,612.5700000000029,612.5700000000029,612.5700000000029,612.5700000000029,612.5700000000029,612.5700000000029,612.5700000000029,612.5700000000029,612.5700000000029,612.5700000000029,612.5700000000029,612.2000000000004,612.2000000000004,612.840000000003,612.840000000003,612.840000000003,612.4300000000004,612.4300000000004,613.120000000003,613.120000000003,612.4300000000004,613.4000000000029,613.4000000000029,612.6700000000003,612.6700000000003,612.6700000000003,612.6700000000003,612.6700000000003,612.6700000000003,612.6700000000003,612.6700000000003,612.6700000000003,612.6700000000003,612.6700000000003,612.6700000000003,612.6700000000003,612.6700000000003,612.6800000000003,613.6700000000029,613.6700000000029,613.6700000000029,613.6700000000029,613.6700000000029,613.6700000000029,613.680000000003,613.680000000003,613.680000000003,613.680000000003,613.680000000003,613.680000000003,613.680000000003,613.680000000003,613.680000000003,613.680000000003,612.9100000000003,613.960000000003,613.960000000003,613.960000000003,613.960000000003,613.960000000003,613.960000000003,613.960000000003,613.970000000003,613.970000000003,613.970000000003,613.970000000003,613.970000000003,613.970000000003,613.970000000003,613.970000000003,613.970000000003,613.1500000000002,613.1500000000002,614.250000000003,614.250000000003,614.250000000003,614.250000000003,614.250000000003,614.250000000003,614.250000000003,614.250000000003,613.1500000000002,613.1500000000002,613.1500000000002,614.520000000003,614.520000000003,614.520000000003,614.520000000003,613.3900000000002,613.3900000000002,613.3900000000002,614.800000000003,614.800000000003,614.800000000003,614.800000000003,614.800000000003,614.800000000003,614.800000000003,614.800000000003,614.800000000003,614.800000000003,614.800000000003,614.800000000003,614.800000000003,614.800000000003,614.800000000003,614.810000000003,614.810000000003,614.810000000003,614.810000000003,614.810000000003,614.810000000003,614.810000000003,614.810000000003,615.0900000000031,615.0900000000031,615.0900000000031,615.0900000000031,615.1000000000031,615.1000000000031,615.1000000000031,615.1000000000031,615.1000000000031,615.1000000000031,615.1000000000031,615.1000000000031,615.1000000000031,615.1000000000031,615.1000000000031,615.1000000000031,615.1000000000031,613.6300000000002,615.1000000000031,615.1000000000031,615.1000000000031,615.1000000000031,615.1000000000031,613.8700000000002,613.8700000000002,615.3800000000031,615.3800000000031,615.3800000000031,615.3800000000031,615.3800000000031,615.3800000000031,615.3800000000031,615.3800000000031,614.1100000000002,614.1100000000002,614.1100000000002,614.1100000000002,614.1100000000002,615.6600000000032,615.6600000000032,615.6600000000032,614.3500000000003,614.3500000000003,614.3500000000003,615.9400000000031,615.9400000000031,615.9400000000031,615.9400000000031,615.9400000000031,615.9400000000031,615.9400000000031,615.9400000000031,614.3500000000003,616.2300000000031,616.2300000000031,616.2300000000031,616.2300000000031,616.2300000000031,614.5900000000003,614.5900000000003,614.5900000000003,614.5900000000003,614.5900000000003,614.8200000000003,616.5100000000031,616.5100000000031,616.5100000000031,616.5100000000031,616.5100000000031,616.5100000000031,616.5100000000031,616.5100000000031,615.0600000000003,615.0600000000003,615.0600000000003,616.790000000003,616.790000000003,616.790000000003,615.0600000000003,615.0600000000003,617.0700000000031,615.3000000000003,615.3000000000003,615.3000000000003,617.3600000000031,617.3600000000031,617.3600000000031,617.3600000000031,615.5400000000003,617.3600000000031,617.3600000000031,617.3600000000031,617.3600000000031,617.3600000000031,617.3600000000031,617.3700000000031,617.3700000000031,617.3700000000031,617.3700000000031,617.3700000000031,617.3800000000031,617.3800000000031,615.7800000000003,617.3800000000031,615.7800000000003,617.3800000000031,615.7800000000003,616.0200000000003,617.6700000000031,617.6700000000031,617.6700000000031,617.6700000000031,617.6700000000031,617.6700000000031,617.9600000000031,617.9600000000031,616.2700000000003,616.2700000000003,618.2500000000031,618.2500000000031,618.2500000000031,618.2500000000031,618.2500000000031,618.2500000000031,618.2500000000031,618.2500000000031,618.2500000000031,618.2500000000031,616.5200000000003,616.5200000000003,616.5200000000003,616.5200000000003,618.540000000003,618.540000000003,618.540000000003,618.540000000003,616.7600000000003,616.7600000000003,618.830000000003,617.0000000000003,617.0000000000003,617.0000000000003,617.0000000000003,619.1100000000031,619.1100000000031,619.1100000000031,619.1100000000031,619.1100000000031,619.1100000000031,619.1100000000031,619.1100000000031,619.1100000000031,619.1100000000031,617.0000000000003,619.400000000003,619.400000000003,619.400000000003,619.400000000003,619.400000000003,619.400000000003,619.400000000003,619.400000000003,617.2500000000003,619.6800000000031,619.6800000000031,617.5000000000003,617.5000000000003,617.5000000000003,619.9700000000031,619.9700000000031,619.9700000000031,617.5000000000003,617.5000000000003,617.5000000000003,617.5000000000003,617.5000000000003,617.5000000000003,620.2600000000031,620.2600000000031,620.2600000000031,617.5000000000003,620.2600000000031,617.5000000000003,620.2600000000031,617.5100000000003,620.2600000000031,617.5100000000003,620.2600000000031,617.5100000000003,620.2600000000031,617.5100000000003,620.2600000000031,620.5500000000031,620.5500000000031,620.5500000000031,620.5500000000031,620.5500000000031,620.5500000000031,620.5500000000031,620.5500000000031,620.5500000000031,620.5500000000031,620.5500000000031,618.0100000000003,618.0100000000003,618.0100000000003,618.0200000000003,620.8600000000031,620.8600000000031,620.8600000000031,620.8600000000031,620.8600000000031,620.8600000000031,618.2600000000003,618.2600000000003,621.1500000000032,621.4400000000031,621.4400000000031,621.4400000000031,621.4400000000031,621.4400000000031,621.4400000000031,621.4400000000031,621.4400000000031,621.4400000000031,621.4400000000031,621.4400000000031,621.4400000000031,621.4400000000031,621.4400000000031,621.4400000000031,618.5100000000003,621.4400000000031,621.4400000000031,618.5100000000003,621.4400000000031,618.5100000000003,621.4400000000031,621.4400000000031,621.4400000000031,621.4400000000031,621.4400000000031,618.5100000000003,618.5100000000003,621.4400000000031,618.7600000000003,618.7600000000003,618.7600000000003,621.4400000000031,621.4400000000031,621.4400000000031,621.4400000000031,621.4400000000031,621.4400000000031,618.7600000000003,621.4400000000031,619.0100000000003,619.0100000000003,619.0100000000003,619.0100000000003,619.0100000000003,621.4400000000031,621.4400000000031,619.2600000000003,619.2600000000003,619.2600000000003,619.2600000000003,621.4400000000031,621.4400000000031,621.4400000000031,621.4400000000031,621.4400000000031,621.4400000000031,621.4400000000031,621.4400000000031,621.4400000000031,621.4400000000031,621.4400000000031,621.4400000000031,621.4400000000031,621.4400000000031,621.4400000000031,619.5100000000003,621.4400000000031,619.5100000000003,621.4400000000031,619.5100000000003,621.4400000000031,619.7600000000003,619.7600000000003,619.7600000000003,621.4400000000031,621.4400000000031,619.7600000000003,621.4400000000031,621.4400000000031,621.4400000000031,620.0200000000003,621.4400000000031,621.4400000000031,621.4400000000031,621.4400000000031,621.4400000000031,621.4400000000031,621.4400000000031,621.4400000000031,621.4400000000031,621.4400000000031,621.4400000000031,621.4400000000031,621.4400000000031,621.4400000000031,621.4400000000031,621.4400000000031,621.4400000000031,621.4400000000031,621.4400000000031,621.4500000000031,621.4500000000031,621.4500000000031,621.4500000000031,621.4500000000031,621.4500000000031,621.4500000000031,621.4500000000031,621.4500000000031,621.4500000000031,621.4500000000031,621.4500000000031,621.4500000000031,621.4500000000031,621.4500000000031,621.4500000000031,621.4500000000031,621.4500000000031,621.4500000000031,621.4500000000031,621.4500000000031,621.4500000000031,621.4500000000031,621.4500000000031,621.4500000000031,621.4500000000031,621.4500000000031,621.4500000000031,621.4500000000031,621.4500000000031,621.4500000000031,621.4500000000031,620.2700000000003,621.4500000000031,621.4500000000031,620.2700000000003,621.4500000000031,621.4500000000031,621.4500000000031,621.4500000000031,621.4500000000031,621.4500000000031,621.4500000000031,621.4500000000031,621.4500000000031,621.4500000000031,621.4500000000031,621.4500000000031,621.4500000000031,621.4500000000031,621.4500000000031,621.4500000000031,621.4500000000031,621.4500000000031,621.4500000000031,621.4500000000031,621.4500000000031,621.4500000000031,621.4500000000031,621.4500000000031,621.4500000000031,621.4500000000031,621.4500000000031,621.4500000000031,621.4500000000031,621.4500000000031,621.4500000000031,621.4500000000031,621.4500000000031,621.4500000000031,621.4500000000031,621.4500000000031,621.4500000000031,621.4500000000031,621.4500000000031,621.4500000000031,621.4500000000031,621.4500000000031,621.4500000000031,621.4500000000031,621.4500000000031,621.4500000000031,621.4500000000031,621.4500000000031,621.4500000000031,621.4500000000031,621.4500000000031,621.4500000000031,621.4500000000031,621.4500000000031,621.4500000000031,621.4500000000031,621.4500000000031,621.4500000000031,621.4500000000031,621.4500000000031,621.4500000000031,621.4500000000031,621.4500000000031,621.4500000000031,621.4500000000031,621.4600000000031,621.4600000000031,621.4600000000031,621.4600000000031,621.4600000000031,621.4600000000031,621.4600000000031,621.4600000000031,621.4600000000031,621.4600000000031,621.4600000000031,621.4600000000031,621.4600000000031,621.4600000000031,621.4600000000031,621.4600000000031,621.4600000000031,621.4600000000031,621.4600000000031,621.4600000000031,621.4600000000031,621.4600000000031,621.4600000000031,621.4600000000031,621.4600000000031,621.4600000000031,621.4600000000031,621.4600000000031,621.4600000000031,621.4600000000031,621.4600000000031,621.4600000000031,621.4600000000031,621.4600000000031,621.4600000000031,621.4600000000031,621.4600000000031,621.4600000000031,621.4600000000031,620.5200000000003,621.4600000000031,620.5200000000003,621.4600000000031,620.5200000000003,621.4600000000031,620.5200000000003,621.4700000000032,620.5200000000003,621.4700000000032,621.4700000000032,621.4700000000032,621.4700000000032,621.4700000000032,621.4700000000032,621.4700000000032,621.4700000000032,621.4700000000032,621.4700000000032,621.4700000000032,621.4700000000032,621.4700000000032,621.4700000000032,621.4700000000032,621.4700000000032,621.4700000000032,621.4700000000032,621.4700000000032,621.4700000000032,621.4700000000032,621.4700000000032,621.4800000000032,621.4800000000032,621.4800000000032,621.4800000000032,621.4800000000032,621.4800000000032,621.4800000000032,621.4800000000032,621.4800000000032,621.4800000000032,621.4800000000032,621.4800000000032,621.4800000000032,621.4800000000032,621.4800000000032,621.4800000000032,621.4800000000032,621.4800000000032,621.4800000000032,621.4800000000032,621.4800000000032,621.4800000000032,621.4800000000032,621.4800000000032,621.4800000000032,621.4800000000032,621.4800000000032,621.4800000000032,621.4800000000032,621.4800000000032,621.4800000000032,621.4800000000032,621.4800000000032,621.4800000000032,621.4800000000032,621.4800000000032,621.4800000000032,621.4800000000032,621.4800000000032,621.4800000000032,621.4800000000032,621.4800000000032,621.4800000000032,621.4800000000032,621.4800000000032,621.4800000000032,621.4800000000032,621.4800000000032,621.4800000000032,621.4800000000032,621.4800000000032,621.4800000000032,621.4800000000032,621.4800000000032,621.4800000000032,621.4900000000032,621.4900000000032,621.4900000000032,621.4900000000032,621.4900000000032,621.4900000000032,621.4900000000032,621.4900000000032,621.4900000000032,620.5200000000003,620.5200000000003,621.7900000000031,620.5200000000003,621.7900000000031,620.5200000000003,621.7900000000031,620.5200000000003,621.7900000000031,621.7900000000031,621.7900000000031,621.7900000000031,621.7900000000031,621.7900000000031,621.7900000000031,621.7900000000031,621.7900000000031,621.7900000000031,621.7900000000031,621.7900000000031,621.7900000000031,621.7900000000031,621.7900000000031,621.7900000000031,621.7900000000031,621.7900000000031,621.7900000000031,621.7900000000031,621.7900000000031,621.7900000000031,621.7900000000031,621.7900000000031,621.7900000000031,621.7900000000031,621.7900000000031,621.7900000000031,621.7900000000031,621.7900000000031,621.7900000000031,621.7900000000031,621.7900000000031,621.7900000000031,621.7900000000031,621.7900000000031,621.7900000000031,621.7900000000031,621.7900000000031,621.7900000000031,621.7900000000031,621.7900000000031,621.7900000000031,621.7900000000031,621.7900000000031,621.7900000000031,621.7900000000031,621.7900000000031,621.7900000000031,621.7900000000031,621.7900000000031,621.7900000000031,621.7900000000031,621.8000000000031,621.8000000000031,621.8000000000031,621.8000000000031,621.8000000000031,621.8000000000031,621.8000000000031,621.8000000000031,621.8000000000031,621.8000000000031,621.8000000000031,621.8000000000031,621.8000000000031,621.8000000000031,621.8000000000031,621.8000000000031,621.8000000000031,621.8000000000031,621.8000000000031,621.8000000000031,621.8000000000031,621.8000000000031,621.8000000000031,621.8000000000031,621.8000000000031,621.8000000000031,621.8000000000031,621.8100000000031,621.8100000000031,621.8100000000031,621.8100000000031,621.8100000000031,621.8100000000031,621.8100000000031,621.8100000000031,621.8100000000031,621.8100000000031,621.8100000000031,621.8100000000031,621.8100000000031,621.8100000000031,621.8100000000031,621.8100000000031,621.8100000000031,621.8100000000031,621.8100000000031,621.8100000000031,621.8100000000031,621.8100000000031,621.8100000000031,621.8100000000031,621.8100000000031,620.7800000000003,621.8100000000031,620.7800000000003,621.8100000000031,620.7800000000003,621.8100000000031,621.8100000000031,621.8100000000031,621.8100000000031,621.8100000000031,621.8100000000031,621.8100000000031,621.8100000000031,621.8100000000031,621.8100000000031,621.8100000000031,621.8100000000031,621.8100000000031,621.8100000000031,621.8100000000031,621.8100000000031,621.8100000000031,621.8100000000031,621.8100000000031,621.8100000000031,621.8100000000031,621.8100000000031,621.8100000000031,621.8100000000031,621.8100000000031,621.8100000000031,621.8100000000031,621.8100000000031,621.8100000000031,621.8100000000031,621.8100000000031,621.8100000000031,621.8100000000031,621.8100000000031,621.8100000000031,621.8100000000031,621.8100000000031,621.8100000000031,621.8100000000031,621.8100000000031,621.8100000000031,621.8100000000031,621.8100000000031,621.8100000000031,621.8100000000031,621.8100000000031,621.8100000000031,621.8100000000031,621.8100000000031,621.8100000000031,621.8100000000031,621.8100000000031,621.8100000000031,621.8100000000031,621.8100000000031,621.8100000000031,621.8100000000031,621.8100000000031,621.8100000000031,621.8100000000031,621.8100000000031,621.8100000000031,621.8100000000031,621.8100000000031,621.8100000000031,621.8100000000031,621.8100000000031,621.8100000000031,621.8100000000031,621.8100000000031,621.8100000000031,621.8100000000031,621.8100000000031,621.8100000000031,621.8100000000031,621.8100000000031,621.8100000000031,621.8100000000031,621.8100000000031,621.8100000000031,621.8100000000031,621.8100000000031,621.8100000000031,621.8100000000031,621.8100000000031,621.8100000000031,621.8100000000031,621.8100000000031,621.8100000000031,621.8100000000031,621.8100000000031,621.8100000000031,621.8100000000031,621.8100000000031,621.8100000000031,621.8100000000031,621.8100000000031,621.8100000000031,621.8100000000031,621.8100000000031,621.8100000000031,621.8100000000031,621.8100000000031,621.8100000000031,621.8100000000031,621.8100000000031,621.0400000000003,621.8200000000031,621.8200000000031,621.0400000000003,621.8200000000031,621.0400000000003,621.8200000000031,621.0400000000003,621.8200000000031,621.8200000000031,621.8200000000031,621.8200000000031,621.8200000000031,621.8200000000031,621.8200000000031,621.8200000000031,621.8200000000031,621.8200000000031,621.8200000000031,621.8200000000031,621.8200000000031,621.8200000000031,621.8200000000031,621.8200000000031,621.8200000000031,621.8200000000031,621.8200000000031,621.8200000000031,621.8200000000031,621.8300000000031,621.8300000000031,621.8300000000031,621.8300000000031,621.8300000000031,621.8300000000031,621.8300000000031,621.8300000000031,621.8300000000031,621.8300000000031,621.8300000000031,621.8300000000031,621.8300000000031,621.8300000000031,621.8300000000031,621.8300000000031,621.8400000000031,621.8400000000031,621.8400000000031,621.8400000000031,621.8400000000031,621.8400000000031,621.8400000000031,621.8400000000031,621.8400000000031,621.8400000000031,621.8400000000031,621.8400000000031,621.8400000000031,621.8400000000031,621.8400000000031,621.8400000000031,621.8500000000031,621.8500000000031,621.8500000000031,621.8500000000031,621.8500000000031,621.8500000000031,621.8500000000031,621.8500000000031,621.8500000000031,621.8500000000031,621.8500000000031,621.8500000000031,621.8500000000031,621.8500000000031,621.8500000000031,621.8500000000031,621.8500000000031,621.8500000000031,621.8500000000031,621.8500000000031,621.8500000000031,621.8500000000031,621.8500000000031,621.8500000000031,621.8500000000031,621.8500000000031,621.8500000000031,621.8500000000031,621.8500000000031,621.8500000000031,621.8500000000031,621.8500000000031,621.8500000000031,621.8500000000031,621.8500000000031,621.8500000000031,621.8500000000031,621.8500000000031,621.8500000000031,621.8500000000031,621.8500000000031,621.8500000000031,621.8500000000031,621.8500000000031,621.8500000000031,621.8500000000031,621.8500000000031,621.8500000000031,621.8500000000031,621.8500000000031,621.8500000000031,621.8500000000031,621.8500000000031,621.3000000000003,621.8500000000031,621.8500000000031,621.8500000000031,621.8500000000031,621.8500000000031,621.8500000000031,621.8500000000031,621.8500000000031,621.8500000000031,621.8500000000031,621.8500000000031,621.8500000000031,621.8500000000031,621.8500000000031,621.8500000000031,621.8500000000031,621.8500000000031,621.8500000000031,621.8500000000031,621.8600000000031,621.8600000000031,621.8600000000031,621.8600000000031,621.8600000000031,621.8600000000031,621.8600000000031,621.8600000000031,621.8600000000031,621.8700000000031,621.8700000000031,621.8700000000031,621.8700000000031,621.8700000000031,621.8700000000031,621.8700000000031,621.8700000000031,621.8700000000031,621.8800000000031,621.8800000000031,621.8800000000031,621.8800000000031,621.8800000000031,621.8800000000031,621.8800000000031,621.8800000000031,621.8800000000031,621.8800000000031,621.8800000000031,621.8800000000031,621.8800000000031,621.8800000000031,621.890000000003,621.890000000003,621.890000000003,621.890000000003,621.9000000000032,621.9000000000032,621.9000000000032,621.9000000000032,621.9100000000032,621.9100000000032,621.9100000000032,621.9100000000032,621.9100000000032,621.9100000000032,621.9100000000032,621.9100000000032,621.9100000000032,621.9100000000032,621.9100000000032,621.9100000000032,621.9100000000032,621.9100000000032,621.9100000000032,621.9100000000032,621.9100000000032,621.9200000000031,621.9200000000031,621.9200000000031,621.9200000000031,621.9200000000031,621.9200000000031,621.9200000000031,621.9200000000031,621.9200000000031,621.9200000000031,621.9200000000031,621.9200000000031,621.9200000000031,621.5600000000003,621.9200000000031,621.9200000000031,621.9200000000031,621.9200000000031,621.8200000000003,621.8200000000003,621.8200000000003,621.8200000000003,621.8200000000003,621.8200000000003,621.8200000000003,621.8200000000003,621.8200000000003,621.8200000000003,621.8200000000003,621.8200000000003,621.8200000000003,621.8200000000003,621.8200000000003,621.8200000000003,621.8200000000003,621.8200000000003,621.8200000000003,621.8200000000003,621.9200000000031,621.8200000000003,621.9200000000031,621.8200000000003,621.9200000000031,621.8200000000003,621.9200000000031,621.8200000000003,621.9200000000031,621.8200000000003,621.8200000000003,621.9200000000031,621.8200000000003,621.9200000000031,621.8200000000003,621.9200000000031,621.8200000000003,621.9200000000031,621.8200000000003,621.9200000000031,621.8200000000003,621.9200000000031,621.8200000000003,621.9200000000031,621.8200000000003,621.8200000000003,621.9200000000031,621.8200000000003,621.9200000000031,621.8200000000003,621.9200000000031,621.8200000000003,621.9200000000031,621.8200000000003,621.9200000000031,621.8200000000003,621.9200000000031,621.8200000000003,621.9200000000031,621.8200000000003,621.9200000000031,621.8200000000003,621.8200000000003,621.9200000000031,621.8200000000003,621.9200000000031,621.8300000000003,621.9200000000031,621.8300000000003,621.9200000000031,621.8300000000003,621.9200000000031,621.8300000000003,621.9200000000031,621.8300000000003,621.9200000000031,621.8300000000003,621.9200000000031,621.8300000000003,621.9200000000031,621.8300000000003,621.9200000000031,621.8300000000003,621.9200000000031,621.8300000000003,621.9200000000031,621.8300000000003,621.9200000000031,621.9200000000031,621.9200000000031,621.9200000000031,621.9200000000031,621.9200000000031,621.9200000000031,621.9300000000031,621.9300000000031,621.9300000000031,621.9300000000031,621.9300000000031,621.9300000000031,621.9300000000031,621.9300000000031,621.9300000000031,621.9300000000031,621.9300000000031,621.9300000000031,621.9300000000031,621.9300000000031,621.9300000000031,621.9300000000031,621.9300000000031,621.9300000000031,621.9300000000031,621.9300000000031,621.9300000000031,621.9300000000031,621.9300000000031,621.9300000000031,621.9300000000031,621.9300000000031,621.9300000000031,621.9300000000031,621.9300000000031,621.9300000000031,621.9300000000031,621.9300000000031,621.9300000000031,621.9300000000031,621.9300000000031,621.9300000000031,621.9300000000031,621.9300000000031,621.9300000000031,621.9300000000031,621.9300000000031,621.9300000000031,621.9300000000031,621.9300000000031,621.9300000000031,621.9300000000031,621.9300000000031,621.9300000000031,621.9300000000031,621.9300000000031,621.9300000000031,621.9300000000031,621.9400000000031,621.9400000000031,621.9400000000031,621.9400000000031,621.9400000000031,621.9400000000031,621.9400000000031,621.9400000000031,621.9400000000031,621.9400000000031,621.9400000000031,621.9400000000031,621.9400000000031,621.9400000000031,621.9400000000031,621.9400000000031,621.9400000000031,621.9400000000031,621.9400000000031,621.9400000000031,621.9400000000031,621.9400000000031,621.9400000000031,621.9400000000031,621.9400000000031,621.9400000000031,621.9400000000031,621.9400000000031,621.9400000000031,621.9400000000031,621.9400000000031,621.9400000000031,621.9400000000031,621.9400000000031,621.9400000000031,621.9400000000031,621.9400000000031,621.9400000000031,621.9400000000031,621.9400000000031,621.9400000000031,621.9400000000031,622.0900000000003,621.9400000000031,622.0900000000003,621.9400000000031,622.0900000000003,621.9400000000031,621.9400000000031,622.0900000000003,621.9400000000031,622.0900000000003,621.9400000000031,622.0900000000003,621.9400000000031,622.0900000000003,621.9400000000031,622.0900000000003,621.9400000000031,622.0900000000003,621.9400000000031,622.0900000000003,621.9400000000031,622.0900000000003,621.9400000000031,622.0900000000003,621.9400000000031,622.0900000000003,621.9400000000031,622.0900000000003,621.9400000000031,622.0900000000003,621.9400000000031,622.0900000000003,621.9400000000031,622.0900000000003,621.9400000000031,622.0900000000003,621.9400000000031,622.0900000000003,621.9400000000031,622.0900000000003,621.9400000000031,622.0900000000003,621.9400000000031,622.0900000000003,621.9400000000031,622.0900000000003,621.9400000000031,622.0900000000003,621.9400000000031,622.0900000000003,621.9400000000031,622.0900000000003,621.9400000000031,622.0900000000003,621.9400000000031,622.0900000000003,621.9400000000031,622.0900000000003,621.9400000000031,622.0900000000003,621.9400000000031,622.0900000000003,621.9400000000031,622.0900000000003,621.9400000000031,622.0900000000003,621.9400000000031,622.0900000000003,621.9400000000031,622.0900000000003,621.9400000000031,622.0900000000003,621.9400000000031,622.0900000000003,621.9400000000031,622.0900000000003,621.9400000000031,621.9400000000031,621.9400000000031,621.9400000000031,621.9400000000031,621.9400000000031,621.9400000000031,621.9400000000031,621.9400000000031,621.9400000000031,621.9400000000031,621.9400000000031,621.9400000000031,621.9400000000031,621.9400000000031,621.9400000000031,621.9400000000031,621.9400000000031,621.9400000000031,621.9400000000031,621.9400000000031,621.9400000000031,621.9400000000031,621.9400000000031,621.9400000000031,621.9400000000031,621.9400000000031,621.9400000000031,621.9400000000031,621.9400000000031,621.9400000000031,621.9400000000031,621.9400000000031,621.9400000000031,621.9400000000031,621.9400000000031,621.9400000000031,621.9400000000031,621.9400000000031,621.9400000000031,621.9400000000031,621.9400000000031,621.9400000000031,621.9400000000031,621.9400000000031,621.9400000000031,621.9400000000031,621.9400000000031,621.9400000000031,621.9400000000031,621.9400000000031,621.9400000000031,621.9400000000031,621.9400000000031,621.9400000000031,622.3500000000003,622.3500000000003,622.3500000000003,622.3500000000003,622.3500000000003,622.3500000000003,622.3500000000003,622.3500000000003,622.3500000000003,622.3500000000003,622.3500000000003,622.3500000000003,622.3500000000003,622.3500000000003,622.3500000000003,622.3500000000003,622.3500000000003,622.3500000000003,622.3500000000003,622.3500000000003,622.3500000000003,622.3500000000003,622.3500000000003,622.3500000000003,622.3500000000003,622.3500000000003,622.2400000000031,622.2400000000031,622.2400000000031,622.2400000000031,622.2400000000031,622.2400000000031,622.2400000000031,622.2400000000031,622.2400000000031,622.2400000000031,622.2400000000031,622.2400000000031,622.2400000000031,622.2400000000031,622.2400000000031,622.2400000000031,622.2400000000031,622.2400000000031,622.2400000000031,622.2400000000031,622.2400000000031,622.2400000000031,622.2400000000031,622.2500000000032,622.2500000000032,622.2500000000032,622.2500000000032,622.2500000000032,622.2600000000032,622.2600000000032,622.2600000000032,622.2600000000032,622.2600000000032,622.2600000000032,622.2600000000032,622.2600000000032,622.2600000000032,622.2600000000032,622.2600000000032,622.2600000000032,622.2600000000032,622.2600000000032,622.2600000000032,622.2600000000032,622.2600000000032,622.2600000000032,622.2600000000032,622.2600000000032,622.2600000000032,622.2600000000032,622.2600000000032,622.2600000000032,622.2600000000032,622.6100000000002,622.2700000000032,622.2700000000032,622.6100000000002,622.2700000000032,622.2700000000032,622.2700000000032,622.2700000000032,622.2700000000032,622.2700000000032,622.2700000000032,622.2700000000032,622.2700000000032,622.2700000000032,622.2700000000032,622.2700000000032,622.2700000000032,622.2700000000032,622.2700000000032,622.2700000000032,622.2700000000032,622.2700000000032,622.2800000000032,622.2800000000032,622.2800000000032,622.2800000000032,622.2800000000032,622.2800000000032,622.2800000000032,622.2800000000032,622.2800000000032,622.2800000000032,622.2800000000032,622.2800000000032,622.2800000000032,622.2800000000032,622.2800000000032,622.2900000000033,622.2900000000033,622.2900000000033,622.2900000000033,622.2900000000033,622.2900000000033,622.2900000000033,622.2900000000033,622.2900000000033,622.2900000000033,622.2900000000033,622.2900000000033,622.2900000000033,622.2900000000033,622.2900000000033,622.2900000000033,622.2900000000033,622.2900000000033,622.2900000000033,622.2900000000033,622.2900000000033,622.2900000000033,622.2900000000033,622.2900000000033,622.2900000000033,622.3000000000033,622.3000000000033,622.3000000000033,622.3000000000033,622.3000000000033,622.3000000000033,622.3000000000033,622.3000000000033,622.3000000000033,622.3000000000033,622.3000000000033,622.3000000000033,622.3000000000033,622.3000000000033,622.3000000000033,622.3000000000033,622.3000000000033,622.3000000000033,622.3000000000033,622.3000000000033,622.3000000000033,622.3000000000033,622.3000000000033,622.3000000000033,622.3000000000033,622.3000000000033,622.3000000000033,622.3000000000033,622.3000000000033,622.3000000000033,622.3000000000033,622.3000000000033,622.3000000000033,622.3000000000033,622.3000000000033,622.3000000000033,622.3000000000033,622.3000000000033,622.3000000000033,622.3000000000033,622.3000000000033,622.3000000000033,622.3000000000033,622.3000000000033,622.3000000000033,622.6100000000002,622.3000000000033,622.6100000000002,622.3000000000033,622.6100000000002,622.3000000000033,622.6100000000002,622.3000000000033,622.6100000000002,622.3000000000033,622.3000000000033,622.3000000000033,622.3000000000033,622.3000000000033,622.3000000000033,622.3000000000033,622.3000000000033,622.3100000000032,622.3100000000032,622.3100000000032,622.3100000000032,622.3100000000032,622.3100000000032,622.3100000000032,622.3100000000032,622.3100000000032,622.3100000000032,622.3100000000032,622.3100000000032,622.3100000000032,622.3100000000032,622.3100000000032,622.3100000000032,622.3100000000032,622.3100000000032,622.3100000000032,622.3100000000032,622.3100000000032,622.3100000000032,622.3100000000032,622.3100000000032,622.3100000000032,622.3100000000032,622.3100000000032,622.3100000000032,622.3100000000032,622.3100000000032,622.3100000000032,622.3100000000032,622.3100000000032,622.3100000000032,622.3100000000032,622.3200000000033,622.3200000000033,622.3200000000033,622.3200000000033,622.3200000000033,622.3200000000033,622.3200000000033,622.3200000000033,622.3200000000033,622.3200000000033,622.3200000000033,622.3200000000033,622.3200000000033,622.3200000000033,622.3200000000033,622.3300000000033,622.3300000000033,622.3300000000033,622.3300000000033,622.3300000000033,622.3300000000033,622.3300000000033,622.3300000000033,622.3300000000033,622.3300000000033,622.3300000000033,622.3300000000033,622.3300000000033,622.3300000000033,622.3300000000033,622.3300000000033,622.3300000000033,622.3300000000033,622.3300000000033,622.3300000000033,622.3300000000033,622.3300000000033,622.3300000000033,622.3300000000033,622.3300000000033,622.3300000000033,622.3300000000033,622.3300000000033,622.3400000000033,622.3400000000033,622.3400000000033,622.3400000000033,622.3400000000033,622.3400000000033,622.3400000000033,622.3400000000033,622.3400000000033,622.3400000000033,622.3500000000033,622.3500000000033,622.3500000000033,622.3500000000033,622.3500000000033,622.8700000000002,622.3500000000033,622.3500000000033,622.3500000000033,622.3500000000033,622.3500000000033,622.3500000000033,622.3500000000033,622.3500000000033,622.3500000000033,622.3500000000033,622.3500000000033,622.3500000000033,622.3500000000033,622.3500000000033,622.3500000000033,622.3500000000033,622.3500000000033,622.3500000000033,622.3500000000033,622.3500000000033,622.3500000000033,622.3500000000033,622.3500000000033,622.3500000000033,622.3500000000033,622.3500000000033,622.3500000000033,622.3500000000033,622.3500000000033,622.3500000000033,622.3500000000033,622.3500000000033,622.3500000000033,622.3500000000033,622.3500000000033,622.3500000000033,622.3500000000033,622.3500000000033,622.3500000000033,622.3500000000033,622.3500000000033,622.3500000000033,622.3500000000033,622.3500000000033,622.3500000000033,622.3500000000033,622.3500000000033,622.3500000000033,622.3500000000033,622.3500000000033,622.3500000000033,622.3500000000033,622.3500000000033,622.3500000000033,622.3500000000033,622.3500000000033,622.3500000000033,622.3500000000033,623.1400000000002,623.1400000000002,623.1400000000002,622.6500000000034,622.6500000000034,622.6500000000034,622.6500000000034,622.6500000000034,622.6500000000034,622.6500000000034,622.6500000000034,622.6500000000034,622.6500000000034,622.6500000000034,622.6500000000034,622.6500000000034,622.6500000000034,622.6500000000034,622.6500000000034,622.6500000000034,622.6500000000034,622.6500000000034,622.6500000000034,622.6500000000034,622.6500000000034,622.6500000000034,622.6500000000034,622.6500000000034,622.6500000000034,622.6500000000034,623.4100000000002,622.6500000000034,622.6500000000034,622.6500000000034,622.6500000000034,622.6500000000034,622.6500000000034,622.6500000000034,622.6500000000034,622.6500000000034,622.6500000000034,622.6500000000034,622.6600000000034,622.6600000000034,622.6600000000034,622.6600000000034,622.6600000000034,622.6600000000034,622.6600000000034,622.6600000000034,622.6600000000034,622.6600000000034,622.6600000000034,622.6600000000034,622.6600000000034,622.6600000000034,622.6600000000034,622.6600000000034,622.6600000000034,622.6600000000034,622.6600000000034,622.6600000000034,622.6600000000034,622.6600000000034,622.6600000000034,622.6600000000034,622.6600000000034,622.6600000000034,622.6600000000034,622.6600000000034,622.6700000000034,622.6700000000034,622.6700000000034,622.6700000000034,622.6700000000034,622.6700000000034,622.6700000000034,622.6700000000034,622.6700000000034,622.6700000000034,622.6700000000034,622.6700000000034,622.6700000000034,622.6700000000034,622.6700000000034,622.6700000000034,622.6700000000034,622.6700000000034,622.6700000000034,622.6700000000034,622.6700000000034,622.6700000000034,622.6700000000034,622.6700000000034,622.6700000000034,622.6700000000034,622.6700000000034,622.6700000000034,622.6700000000034,622.6700000000034,622.6700000000034,622.6700000000034,622.6700000000034,622.6700000000034,622.6700000000034,622.6700000000034,622.6700000000034,622.6700000000034,622.6700000000034,622.6700000000034,622.6700000000034,622.6700000000034,622.6700000000034,622.6700000000034,622.6700000000034,622.6700000000034,622.6700000000034,622.6700000000034,623.6700000000002,622.6700000000034,623.6700000000002,622.6700000000034,623.6700000000002,622.6700000000034,623.6700000000002,622.6700000000034,623.6700000000002,622.6700000000034,623.6700000000002,622.6700000000034,623.6700000000002,622.6700000000034,623.6700000000002,622.6700000000034,623.6700000000002,622.6700000000034,622.6700000000034,622.6700000000034,622.6700000000034,622.6700000000034,622.6700000000034,622.6700000000034,622.6700000000034,622.6700000000034,622.6800000000034,622.6800000000034,622.6800000000034,622.6800000000034,622.6800000000034,622.6800000000034,622.6800000000034,622.6800000000034,622.6800000000034,622.6800000000034,622.6800000000034,622.6800000000034,622.6800000000034,622.6800000000034,622.6800000000034,622.6800000000034,622.6800000000034,622.6800000000034,622.6800000000034,622.6800000000034,622.6800000000034,622.6800000000034,622.6800000000034,622.6800000000034,622.6800000000034,622.6800000000034,622.6800000000034,622.6800000000034,622.6800000000034,622.6800000000034,622.6800000000034,622.6800000000034,622.6800000000034,622.6800000000034,622.6800000000034,622.6800000000034,622.6800000000034,622.6800000000034,622.6800000000034,622.6800000000034,622.6800000000034,622.6800000000034,622.6800000000034,622.6800000000034,622.6800000000034,622.6800000000034,622.6800000000034,622.6800000000034,622.6800000000034,622.6800000000034,622.6800000000034,622.6800000000034,622.6800000000034,622.6800000000034,622.6800000000034,622.6800000000034,622.6800000000034,622.6800000000034,622.6800000000034,622.6800000000034,622.6800000000034,622.6800000000034,622.6800000000034,622.6800000000034,622.6900000000034,622.6900000000034,622.6900000000034,622.6900000000034,622.6900000000034,622.6900000000034,622.6900000000034,622.6900000000034,622.6900000000034,622.6900000000034,622.6900000000034,622.6900000000034,623.9400000000002,622.6900000000034,623.9400000000002,622.7000000000033,623.9400000000002,622.7000000000033,623.9400000000002,622.7000000000033,623.9400000000002,622.7000000000033,623.9400000000002,622.7000000000033,623.9400000000002,622.7000000000033,623.9400000000002,622.7000000000033,623.9400000000002,622.7000000000033,623.9400000000002,622.7000000000033,623.9400000000002,622.7000000000033,622.7000000000033,622.7000000000033,622.7100000000033,622.7100000000033,622.7100000000033,622.7100000000033,622.7100000000033,622.7100000000033,622.7100000000033,622.7100000000033,622.7100000000033,622.7100000000033,622.7100000000033,622.7100000000033,622.7100000000033,622.7100000000033,622.7100000000033,622.7100000000033,622.7100000000033,622.7100000000033,622.7200000000033,622.7200000000033,622.7200000000033,622.7200000000033,622.7200000000033,622.7200000000033,622.7200000000033,622.7200000000033,622.7200000000033,622.7200000000033,622.7200000000033,622.7200000000033,622.7200000000033,622.7200000000033,622.7200000000033,622.7200000000033,622.7200000000033,622.7200000000033,622.7200000000033,622.7200000000033,622.7200000000033,622.7200000000033,622.7200000000033,622.7200000000033,622.7200000000033,622.7200000000033,622.7200000000033,622.7200000000033,622.7200000000033,622.7200000000033,622.7200000000033,622.7200000000033,622.7200000000033,622.7200000000033,622.7200000000033,622.7200000000033,622.7200000000033,622.7200000000033,622.7200000000033,622.7200000000033,622.7200000000033,622.7300000000033,622.7300000000033,622.7300000000033,622.7300000000033,622.7300000000033,622.7300000000033,622.7300000000033,622.7300000000033,622.7300000000033,622.7300000000033,622.7300000000033,622.7300000000033,622.7300000000033,622.7300000000033,622.7300000000033,622.7300000000033,622.7300000000033,622.7400000000033,622.7400000000033,622.7400000000033,622.7400000000033,622.7400000000033,622.7400000000033,622.7400000000033,622.7400000000033,622.7400000000033,622.7400000000033,622.7400000000033,624.2000000000002,622.7400000000033,624.2000000000002,622.7400000000033,624.2000000000002,622.7400000000033,624.2000000000002,622.7400000000033,624.2000000000002,622.7400000000033,624.2000000000002,622.7400000000033,624.2000000000002,622.7400000000033,624.2000000000002,622.7400000000033,624.2000000000002,622.7400000000033,622.7400000000033,622.7400000000033,622.7400000000033,622.7400000000033,622.7400000000033,622.7400000000033,622.7400000000033,622.7400000000033,622.7400000000033,622.7400000000033,622.7400000000033,622.7400000000033,622.7400000000033,622.7400000000033,622.7400000000033,622.7400000000033,622.7400000000033,622.7400000000033,622.7400000000033,622.7400000000033,622.7400000000033,622.7400000000033,622.7400000000033,622.7400000000033,622.7400000000033,622.7400000000033,622.7400000000033,622.7400000000033,622.7400000000033,622.7400000000033,622.7400000000033,622.7400000000033,622.7400000000033,622.7400000000033,622.7400000000033,622.7400000000033,622.7400000000033,622.7400000000033,622.7400000000033,622.7400000000033,622.7400000000033,622.7400000000033,622.7400000000033,622.7400000000033,622.7400000000033,622.7400000000033,622.7400000000033,622.7400000000033,622.7400000000033,622.7400000000033,622.7400000000033,622.7400000000033,622.7400000000033,622.7400000000033,622.7400000000033,622.7400000000033,622.7400000000033,622.7500000000034,622.7500000000034,622.7500000000034,622.7500000000034,622.7500000000034,622.7500000000034,622.7500000000034,622.7500000000034,622.7500000000034,622.7500000000034,622.7500000000034,622.7500000000034,622.7500000000034,622.7500000000034,622.7500000000034,622.7500000000034,622.7500000000034,622.7500000000034,622.7500000000034,622.7500000000034,622.7500000000034,622.7500000000034,622.7500000000034,622.7500000000034,622.7500000000034,622.7500000000034,622.7500000000034,622.7500000000034,622.7500000000034,624.4600000000002,622.7500000000034,624.4600000000002,622.7500000000034,624.4600000000002,622.7500000000034,624.4600000000002,622.7500000000034,624.4600000000002,622.7500000000034,624.4600000000002,622.7500000000034,624.4600000000002,622.7500000000034,624.4600000000002,622.7500000000034,624.4600000000002,622.7500000000034,622.7500000000034,622.7500000000034,622.7500000000034,622.7500000000034,622.7500000000034,622.7500000000034,622.7500000000034,622.7500000000034,622.7500000000034,622.7500000000034,622.7500000000034,622.7500000000034,622.7500000000034,622.7500000000034,622.7500000000034,622.7500000000034,622.7500000000034,622.7500000000034,622.7500000000034,622.7500000000034,622.7500000000034,622.7500000000034,622.7500000000034,622.7500000000034,622.7500000000034,622.7500000000034,622.7500000000034,622.7500000000034,622.7500000000034,622.7500000000034,622.7500000000034,622.7500000000034,622.7500000000034,622.7500000000034,622.7500000000034,622.7500000000034,622.7500000000034,622.7500000000034,622.7500000000034,622.7500000000034,622.7500000000034,622.7500000000034,622.7500000000034,622.7500000000034,622.7500000000034,622.7500000000034,622.7500000000034,622.7500000000034,622.7500000000034,622.7500000000034,622.7500000000034,622.7500000000034,622.7500000000034,622.7500000000034,622.7500000000034,622.7500000000034,622.7500000000034,622.7500000000034,622.7500000000034,622.7500000000034,622.7500000000034,622.7500000000034,622.7500000000034,622.7500000000034,622.7500000000034,622.7500000000034,622.7500000000034,622.7500000000034,622.7500000000034,622.7500000000034,622.7500000000034,622.7500000000034,622.7500000000034,622.7500000000034,622.7500000000034,622.7500000000034,622.7500000000034,622.7500000000034,622.7500000000034,622.7500000000034,622.7500000000034,622.7500000000034,622.7500000000034,622.7500000000034,622.7500000000034,622.7500000000034,622.7500000000034,622.7500000000034,624.4600000000002,622.7500000000034,624.4600000000002,622.7500000000034,624.4600000000002,622.7500000000034,624.4600000000002,622.7500000000034,624.4600000000002,622.7500000000034,624.4600000000002,622.7500000000034,624.4600000000002,622.7500000000034,624.4600000000002,622.7500000000034,624.4600000000002,622.7500000000034,624.4600000000002,622.7500000000034,622.7500000000034,622.7500000000034,622.7500000000034,622.7500000000034,622.7500000000034,622.7500000000034,622.7500000000034,622.7500000000034,622.7500000000034,622.7500000000034,622.7500000000034,622.7500000000034,622.7500000000034,622.7600000000034,622.7600000000034,622.7600000000034,622.7600000000034,622.7600000000034,622.7600000000034,622.7600000000034,622.7600000000034,622.7600000000034,622.7600000000034,622.7600000000034,622.7600000000034,622.7700000000034,622.7700000000034,622.7700000000034,622.7700000000034,622.7700000000034,622.7700000000034,622.7700000000034,622.7700000000034,622.7700000000034,622.7700000000034,622.7700000000034,622.7700000000034,622.7800000000034,622.7800000000034,622.7800000000034,622.7800000000034,622.7800000000034,622.7800000000034,622.7800000000034,622.7800000000034,622.7800000000034,622.7800000000034,622.7800000000034,622.7800000000034,622.7800000000034,622.7800000000034,622.7800000000034,622.7800000000034,622.7800000000034,622.7800000000034,622.7800000000034,622.7800000000034,622.7800000000034,622.7800000000034,622.7800000000034,622.7800000000034,622.7800000000034,622.7800000000034,622.7800000000034,622.7800000000034,622.7800000000034,622.7800000000034,622.7800000000034,622.7800000000034,622.7900000000034,622.7900000000034,622.7900000000034,622.7900000000034,622.7900000000034,622.7900000000034,622.7900000000034,622.7900000000034,622.7900000000034,622.7900000000034,622.7900000000034,622.7900000000034,622.7900000000034,622.7900000000034,622.7900000000034,622.7900000000034,624.7300000000001,622.7900000000034,624.7300000000001,622.7900000000034,622.7900000000034,622.7900000000034,622.7900000000034,622.7900000000034,622.7900000000034,622.7900000000034,622.7900000000034,622.7900000000034,622.7900000000034,622.7900000000034,622.7900000000034,622.7900000000034,622.7900000000034,622.7900000000034,622.7900000000034,622.7900000000034,622.7900000000034,622.7900000000034,622.7900000000034,622.7900000000034,622.7900000000034,622.7900000000034,622.7900000000034,622.7900000000034,622.7900000000034,622.7900000000034,622.7900000000034,622.7900000000034,622.7900000000034,622.7900000000034,622.7900000000034,622.7900000000034,622.7900000000034,622.7900000000034,622.7900000000034,622.7900000000034,622.7900000000034,622.7900000000034,622.7900000000034,622.7900000000034,622.7900000000034,622.7900000000034,622.7900000000034,622.7900000000034,622.7900000000034,622.7900000000034,622.7900000000034,622.7900000000034,622.7900000000034,622.7900000000034,622.7900000000034,622.7900000000034,622.7900000000034,622.7900000000034,622.7900000000034,622.7900000000034,625.0000000000001,625.0000000000001,625.0000000000001,623.0900000000034,623.0900000000034,623.0900000000034,623.0900000000034,623.0900000000034,623.0900000000034,623.0900000000034,623.0900000000034,623.0900000000034,623.0900000000034,623.0900000000034,623.0900000000034,623.0900000000034,623.0900000000034,623.0900000000034,623.0900000000034,623.0900000000034,623.0900000000034,623.0900000000034,623.0900000000034,623.0900000000034,623.0900000000034,623.0900000000034,623.0900000000034,623.0900000000034,623.0900000000034,625.2700000000001,623.0900000000034,625.2700000000001,623.0900000000034,625.2700000000001,623.0900000000034,625.2700000000001,623.0900000000034,625.2700000000001,623.0900000000034,625.2700000000001,623.0900000000034,623.0900000000034,623.0900000000034,623.0900000000034,623.0900000000034,623.0900000000034,623.0900000000034,623.0900000000034,623.0900000000034,623.0900000000034,623.0900000000034,623.0900000000034,623.0900000000034,623.0900000000034,623.0900000000034,623.0900000000034,623.0900000000034,623.0900000000034,623.0900000000034,623.0900000000034,623.0900000000034,623.0900000000034,623.0900000000034,623.0900000000034,623.0900000000034,623.0900000000034,623.0900000000034,623.0900000000034,623.0900000000034,623.0900000000034,623.0900000000034,623.0900000000034,623.0900000000034,623.0900000000034,623.1000000000034,623.1000000000034,623.1000000000034,623.1000000000034,623.1000000000034,623.1000000000034,623.1000000000034,623.1000000000034,623.1000000000034,623.1000000000034,623.1000000000034,623.1000000000034,623.1000000000034,623.1000000000034,623.1000000000034,623.1000000000034,623.1000000000034,623.1000000000034,623.1000000000034,623.1000000000034,623.1000000000034,623.1000000000034,623.1000000000034,623.1000000000034,623.1000000000034,623.1000000000034,623.1000000000034,623.1000000000034,623.1000000000034,623.1000000000034,623.1000000000034,623.1000000000034,623.1000000000034,623.1000000000034,623.1000000000034,623.1000000000034,623.1000000000034,623.1000000000034,623.1000000000034,623.1000000000034,623.1000000000034,623.1000000000034,623.1000000000034,623.1000000000034,623.1000000000034,623.1000000000034,623.1000000000034,623.1000000000034,623.1000000000034,623.1000000000034,623.1000000000034,623.1000000000034,623.1000000000034,623.1000000000034,623.1000000000034,625.5400000000001,623.1000000000034,625.5400000000001,623.1000000000034,625.5400000000001,623.1000000000034,625.5400000000001,623.1000000000034,625.5500000000001,623.1000000000034,625.5500000000001,623.1000000000034,625.5500000000001,623.1000000000034,625.5500000000001,623.1000000000034,625.5500000000001,623.1000000000034,625.5500000000001,623.1000000000034,625.5500000000001,623.1000000000034,625.5500000000001,623.1000000000034,625.5500000000001,623.1000000000034,625.5500000000001,623.1000000000034,625.5500000000001,623.1000000000034,625.5500000000001,623.1000000000034,625.5500000000001,623.1000000000034,625.5500000000001,623.1000000000034,625.5500000000001,623.1000000000034,625.5500000000001,623.1000000000034,625.5500000000001,623.1000000000034,625.5500000000001,623.1000000000034,625.5500000000001,623.1000000000034,625.5500000000001,623.1000000000034,623.1000000000034,623.1000000000034,623.1000000000034,623.1000000000034,623.1000000000034,623.1000000000034,623.1000000000034,623.1000000000034,623.1000000000034,623.1000000000034,623.1000000000034,623.1000000000034,623.1000000000034,623.1000000000034,623.1000000000034,623.1000000000034,623.1000000000034,623.1000000000034,623.1000000000034,623.1000000000034,623.1000000000034,623.1000000000034,623.1000000000034,623.1000000000034,623.1000000000034,623.1000000000034,623.1000000000034,623.1000000000034,623.1000000000034,625.8200000000002,625.8200000000002,625.8200000000002,625.8200000000002,625.8200000000002,625.8200000000002,625.8200000000002,625.8200000000002,625.8200000000002,625.8200000000002,625.8200000000002,623.4000000000035,623.4000000000035,623.4000000000035,623.4000000000035,623.4000000000035,623.4000000000035,623.4000000000035,623.4000000000035,623.4000000000035,623.4000000000035,623.4000000000035,623.4000000000035,623.4000000000035,623.4000000000035,623.4000000000035,623.4000000000035,623.4000000000035,623.4000000000035,623.4000000000035,623.4000000000035,623.4000000000035,623.4000000000035,623.4100000000035,623.4100000000035,623.4100000000035,623.4100000000035,623.4100000000035,623.4100000000035,623.4100000000035,623.4100000000035,623.4100000000035,623.4100000000035,623.4100000000035,623.4100000000035,623.4100000000035,623.4100000000035,623.4100000000035,623.4100000000035,623.4100000000035,623.4100000000035,623.4100000000035,623.4100000000035,623.4100000000035,623.4100000000035,623.4100000000035,623.4100000000035,623.4100000000035,623.4100000000035,623.4100000000035,623.4100000000035,623.4100000000035,623.4100000000035,623.4100000000035,623.4100000000035,623.4100000000035,623.4100000000035,623.4100000000035,623.4100000000035,623.4100000000035,623.4100000000035,623.4100000000035,623.4100000000035,623.4100000000035,623.4100000000035,623.4100000000035,623.4100000000035,623.4100000000035,623.4100000000035,623.4100000000035,623.4100000000035,623.4100000000035,623.4100000000035,626.0900000000001,623.4200000000035,626.0900000000001,623.4200000000035,626.0900000000001,623.4200000000035,626.0900000000001,623.4200000000035,623.4200000000035,623.4200000000035,623.4200000000035,623.4200000000035,623.4200000000035,623.4200000000035,623.4200000000035,623.4200000000035,623.4200000000035,623.4200000000035,623.4200000000035,623.4200000000035,623.4200000000035,623.4200000000035,623.4200000000035,623.4200000000035,623.4200000000035,623.4200000000035,623.4200000000035,623.4200000000035,623.4200000000035,623.4200000000035,623.4200000000035,623.4200000000035,623.4200000000035,623.4200000000035,623.4200000000035,623.4200000000035,623.4200000000035,623.4200000000035,623.4200000000035,623.4200000000035,623.4200000000035,623.4200000000035,623.4200000000035,623.4200000000035,623.4200000000035,623.4200000000035,623.4200000000035,623.4200000000035,623.4200000000035,623.4200000000035,623.4200000000035,623.4200000000035,623.4200000000035,623.4200000000035,623.4200000000035,623.4200000000035,623.4200000000035,623.4200000000035,623.4200000000035,623.4200000000035,623.4200000000035,623.4200000000035,623.4200000000035,623.4200000000035,623.4200000000035,623.4200000000035,623.4200000000035,623.4200000000035,623.4300000000035,623.4300000000035,623.4300000000035,623.4300000000035,623.4300000000035,623.4300000000035,623.4300000000035,623.4300000000035,623.4300000000035,623.4300000000035,623.4300000000035,623.4300000000035,623.4300000000035,623.4300000000035,
623.4300000000035,623.4300000000035,623.4300000000035,623.4300000000035,623.4300000000035,623.4300000000035,623.4300000000035,623.4300000000035,623.4300000000035,623.4300000000035,623.4300000000035,623.4300000000035,623.4300000000035,623.4300000000035,623.4300000000035,623.4300000000035,623.4300000000035,623.4300000000035,623.4300000000035,623.4300000000035,623.4300000000035,623.4300000000035,623.4300000000035,626.3600000000001,626.3600000000001,626.3600000000001,626.3600000000001,626.3600000000001,626.3600000000001,623.4400000000035,626.3600000000001,623.4400000000035,626.3600000000001,623.4400000000035,626.3600000000001,626.3600000000001,623.4500000000035,623.4500000000035,623.4500000000035,623.4500000000035,623.4500000000035,623.4500000000035,623.4500000000035,623.4500000000035,623.4500000000035,623.4500000000035,623.4500000000035,623.4500000000035,623.4500000000035,623.4500000000035,623.4500000000035,623.4500000000035,623.4500000000035,623.4500000000035,623.4600000000034,623.4600000000034,623.4600000000034,623.4600000000034,623.4700000000034,623.4900000000035,623.5100000000035,623.5100000000035,623.5200000000035,623.5300000000035,623.5400000000035,623.5500000000035,623.5500000000035,623.5500000000035,623.5500000000035,623.5500000000035,623.5500000000035,623.5600000000036,623.5600000000036,623.5900000000036,626.6400000000002,626.6400000000002,626.6400000000002,623.6000000000035,626.6400000000002,623.6000000000035,626.6400000000002,623.6000000000035,626.6400000000002,626.6400000000002,626.6400000000002,626.6400000000002,626.6400000000002,626.6400000000002,626.6400000000002,623.6100000000035,626.6400000000002,626.6400000000002,626.6400000000002,626.6400000000002,626.6400000000002,626.6400000000002,626.6400000000002,626.6400000000002,623.6400000000035,623.6400000000035,623.6600000000036,623.6800000000036,623.6800000000036,623.6900000000036,623.6900000000036,623.6900000000036,623.6900000000036,623.7000000000036,623.7000000000036,623.7000000000036,623.7000000000036,623.7000000000036,623.7000000000036,623.7000000000036,623.7200000000036,623.7200000000036,623.7200000000036,623.7400000000036,623.7400000000036,623.7400000000036,623.7400000000036,623.7400000000036,623.7400000000036,623.7800000000036,623.8000000000036,626.9100000000002,623.8200000000036,626.9100000000002,623.8200000000036,626.9100000000002,626.9100000000002,626.9100000000002,626.9100000000002,626.9100000000002,626.9100000000002,626.9100000000002,626.9100000000002,626.9100000000002,626.9100000000002,626.9100000000002,626.9100000000002,626.9200000000002,626.9200000000002,626.9200000000002,626.9200000000002,626.9200000000002,626.9200000000002,623.8600000000037,626.9200000000002,626.9200000000002,626.9200000000002,626.9200000000002,623.8800000000036,623.9000000000036,623.9000000000036,623.9500000000037,623.9500000000037,623.9700000000037,623.9700000000037,623.9700000000037,624.0000000000036,624.0200000000036,624.0500000000036,624.0500000000036,624.1000000000037,624.1000000000037,627.2000000000003,627.2000000000003,627.2000000000003,627.2000000000003,627.2000000000003,627.2000000000003,624.1200000000036,627.2000000000003,627.2000000000003,627.2000000000003,624.1400000000036,624.1400000000036,624.1600000000037,624.1800000000037,624.1800000000037,624.2000000000037,624.2500000000038,624.2800000000037,624.3100000000037,624.3100000000037,624.3100000000037,624.3400000000037,627.2000000000003,624.3700000000038,624.4000000000037,624.4000000000037,624.4000000000037,624.4300000000037,624.4300000000037,624.4300000000037,624.4300000000037,624.4600000000038,624.4900000000038,624.4900000000038,624.4900000000038,624.4900000000038,624.5200000000037,627.4800000000002,627.4800000000002,624.5200000000037,627.4800000000002,627.4800000000002,627.4800000000002,627.4800000000002,627.4800000000002,627.4800000000002,627.4800000000002,627.4800000000002,627.4800000000002,627.4800000000002,627.4800000000002,627.4800000000002,627.4800000000002,627.4800000000002,624.5200000000037,627.4800000000002,624.5200000000037,624.5500000000037,624.6100000000038,624.6100000000038,624.6400000000037,624.6400000000037,624.6400000000037,627.7600000000002,627.7600000000002,627.7600000000002,624.7400000000038,624.7400000000038,624.7800000000038,624.7800000000038,624.7800000000038,624.8900000000037,624.9300000000038,624.9300000000038,628.0400000000002,628.0400000000002,628.0400000000002,625.0000000000038,628.0400000000002,625.0000000000038,625.0800000000038,625.1200000000038,628.3200000000002,628.3300000000002,625.2400000000038,628.3300000000002,625.2400000000038,628.3300000000002,628.3300000000002,628.3300000000002,628.3300000000002,628.3300000000002,628.3300000000002,625.2900000000037,625.2900000000037,625.3700000000038,625.4100000000037,628.6100000000001,628.6100000000001,628.6100000000001,628.6100000000001,628.6100000000001,625.4600000000037,625.5000000000038,625.5000000000038,625.5400000000037,625.5400000000037,625.5800000000037,625.5800000000037,625.5900000000037,625.6300000000037,625.6300000000037,628.8900000000001,628.8900000000001,628.8900000000001,628.8900000000001,628.8900000000001,628.8900000000001,625.7200000000038,625.7200000000038,625.7600000000037,625.8100000000038,625.8100000000038,625.8500000000038,625.8600000000038,625.9000000000037,625.9000000000037,629.1700000000001,629.1700000000001,629.1700000000001,625.9500000000037,625.9500000000037,626.0000000000036,626.0000000000036,626.0400000000037,626.0800000000037,626.0800000000037,629.4500000000002,626.1800000000037,629.4500000000002,626.1800000000037,626.1800000000037,626.1800000000037,626.1800000000037,626.2300000000037,626.2800000000037,626.2800000000037,626.2800000000037,626.3300000000037,626.3300000000037,626.3300000000037,626.3900000000037,626.3900000000037,626.3900000000037,626.3900000000037,626.3900000000037,626.3900000000037,626.3900000000037,626.3900000000037,629.7300000000001,629.7300000000001,629.7300000000001,629.7300000000001,626.4500000000037,626.4500000000037,626.4500000000037,626.4500000000037,626.4500000000037,626.5000000000038,626.5000000000038,626.5000000000038,626.5000000000038,626.5000000000038,626.5000000000038,626.5500000000037,626.5500000000037,626.5500000000037,626.6000000000037,630.0100000000001,630.0100000000001,630.0100000000001,630.0100000000001,630.0100000000001,630.0100000000001,626.7100000000037,626.7600000000036,626.8100000000037,626.8700000000036,626.9200000000037,626.9200000000037,630.2900000000002,630.2900000000002,630.2900000000002,630.2900000000002,630.2900000000002,630.2900000000002,630.2900000000002,630.2900000000002,630.2900000000002,626.9700000000037,627.0800000000037,627.0800000000037,630.5600000000002,630.5600000000002,630.5600000000002,630.5600000000002,630.5600000000002,630.5600000000002,630.5600000000002,630.5600000000002,630.5600000000002,630.5600000000002,630.5600000000002,630.5600000000002,630.5600000000002,630.5600000000002,630.5600000000002,627.2500000000036,630.5600000000002,627.2500000000036,630.5600000000002,627.2500000000036,630.5600000000002,630.5600000000002,627.2500000000036,630.5600000000002,630.5600000000002,627.3000000000036,627.3000000000036,627.4200000000036,627.4200000000036,627.4200000000036,627.4200000000036,627.4700000000037,630.8400000000003,630.8400000000003,630.8400000000003,630.8400000000003,627.5300000000036,627.5300000000036,627.5300000000036,627.5900000000037,627.7100000000037,627.7700000000036,631.1200000000002,631.1200000000002,627.8300000000037,627.8300000000037,627.8900000000036,627.8900000000036,627.9500000000037,628.0100000000036,628.0100000000036,628.0100000000036,631.4000000000002,631.4000000000002,631.4000000000002,631.4000000000002,631.4000000000002,631.4000000000002,631.4000000000002,628.0200000000036,628.0200000000036,628.0200000000036,628.0800000000036,631.6800000000003,631.6800000000003,631.6800000000003,631.6800000000003,628.2700000000036,631.6800000000003,628.2700000000036,631.6800000000003,631.6800000000003,631.6800000000003,631.6800000000003,631.6800000000003,631.6800000000003,628.4000000000036,628.4000000000036,628.4600000000036,628.4600000000036,628.4600000000036,628.5200000000036,631.9600000000003,631.9600000000003,631.9600000000003,628.6500000000036,628.7200000000037,628.7200000000037,628.7900000000036,628.7900000000036,628.7900000000036,628.8000000000036,632.2400000000002,632.2400000000002,632.2400000000002,632.2400000000002,632.2400000000002,632.2400000000002,632.2400000000002,632.2400000000002,632.2400000000002,632.2400000000002,632.2400000000002,632.2400000000002,632.2400000000002,632.2400000000002,632.2400000000002,632.2400000000002,628.8600000000037,628.8600000000037,628.9300000000036,628.9300000000036,628.9300000000036,629.0000000000036,629.0600000000037,632.5200000000002,632.5200000000002,632.5200000000002,632.5200000000002,632.5200000000002,632.5200000000002,629.1200000000036,632.5200000000002,632.5200000000002,632.5200000000002,629.2500000000036,629.2500000000036,629.2500000000036,629.2500000000036,629.2500000000036,629.2500000000036,629.2500000000036,629.2500000000036,629.2500000000036,632.8000000000002,632.8000000000002,632.8000000000002,629.3800000000036,629.3800000000036,629.3800000000036,629.3800000000036,629.4600000000036,629.5300000000036,629.6000000000035,629.6000000000035,629.6000000000035,629.6000000000035,629.6000000000035,629.6000000000035,633.0800000000003,629.6700000000036,629.8100000000036,633.3600000000002,633.3600000000002,633.3600000000002,633.3600000000002,633.3600000000002,633.3600000000002,629.8800000000035,629.8800000000035,629.8800000000035,629.8800000000035,629.8800000000035,629.8800000000035,629.9600000000036,630.1000000000035,633.6400000000002,630.1000000000035,633.6400000000002,633.6400000000002,630.1000000000035,630.1000000000035,630.1800000000036,630.1800000000036,630.1800000000036,633.9200000000002,630.2600000000036,630.2600000000036,630.2600000000036,630.2600000000036,630.2600000000036,630.2600000000036,630.2600000000036,630.2600000000036,630.2600000000036,630.2600000000036,630.4100000000036,634.2000000000003,630.4100000000036,634.2000000000003,630.4100000000036,630.4900000000035,630.6500000000036,630.6500000000036,630.6500000000036,634.4800000000002,634.4800000000002,630.7300000000035,630.7300000000035,630.7300000000035,630.7300000000035,630.7300000000035,630.7300000000035,630.7300000000035,630.7300000000035,630.8100000000036,634.7700000000002,634.7700000000002,634.7700000000002,634.7700000000002,634.7700000000002,634.7700000000002,630.8900000000035,634.7700000000002,631.0500000000036,631.0500000000036,631.0500000000036,635.0500000000003,631.1300000000036,631.1300000000036,631.1300000000036,631.1300000000036,631.2100000000037,635.3300000000003,635.3300000000003,635.3300000000003,635.3300000000003,631.3700000000036,635.3300000000003,635.3300000000003,635.3300000000003,635.3300000000003,635.3300000000003,635.3300000000003,631.5300000000036,631.5300000000036,635.6200000000002,635.6200000000002,631.6100000000037,631.6100000000037,631.6100000000037,631.6100000000037,631.7900000000036,635.9000000000003,635.9000000000003,635.9000000000003,631.8700000000036,631.8700000000036,631.8700000000036,631.9600000000036,631.9600000000036,631.9600000000036,636.1800000000003,632.1300000000036,632.2100000000036,632.2100000000036,632.2900000000035,636.4600000000003,636.4600000000003,636.4600000000003,636.4600000000003,636.4600000000003,636.4600000000003,632.4600000000036,632.5500000000035,636.7600000000002,636.7600000000002,636.7600000000002,636.7600000000002,632.6400000000035,636.7600000000002,632.6400000000035,632.7300000000035,637.0500000000002,637.0600000000002,637.0600000000002,637.0600000000002,632.9000000000036,632.9000000000036,632.9000000000036,632.9000000000036,632.9900000000036,633.0700000000036,637.3500000000003,637.3500000000003,637.3500000000003,633.3200000000037,637.6400000000002,637.6400000000002,637.6400000000002,637.6400000000002,637.6400000000002,637.6400000000002,637.6400000000002,637.6400000000002,637.6400000000002,633.4100000000036,637.6400000000002,637.6400000000002,633.4100000000036,637.6400000000002,633.4100000000036,637.6400000000002,637.6400000000002,637.6400000000002,637.6400000000002,637.6400000000002,637.6400000000002,633.5000000000036,633.5000000000036,633.5000000000036,633.5900000000037,633.5900000000037,633.6800000000037,637.6400000000002,637.6400000000002,637.6400000000002,637.6400000000002,637.6400000000002,637.6400000000002,637.6400000000002,637.6400000000002,637.6400000000002,637.6400000000002,637.6400000000002,633.7700000000036,633.7700000000036,633.7700000000036,633.7700000000036,633.7700000000036,633.7700000000036,633.7800000000037,633.7800000000037,633.7800000000037,633.7800000000037,633.8800000000036,633.8800000000036,637.6400000000002,633.9700000000037,634.0600000000037,637.6400000000002,637.6400000000002,634.1500000000036,634.2400000000036,634.2400000000036,634.3300000000037,637.6400000000002,637.6400000000002,637.6400000000002,637.6400000000002,637.6400000000002,637.6400000000002,637.6400000000002,637.6400000000002,634.4300000000036,634.4300000000036,634.4300000000036,634.4300000000036,634.5200000000036,634.5200000000036,634.6100000000037,634.6100000000037,634.6100000000037,634.6100000000037,634.6100000000037,634.6100000000037,634.6100000000037,634.6100000000037,637.6400000000002,637.6400000000002,637.6400000000002,637.6400000000002,637.6400000000002,637.6400000000002,637.6400000000002,634.7100000000037,637.6400000000002,637.6400000000002,637.6400000000002,634.9000000000037,634.9000000000037,635.0000000000038,635.0000000000038,635.0000000000038,635.0100000000037,635.0100000000037,635.0100000000037,635.0100000000037,637.6400000000002,637.6400000000002,637.6400000000002,637.6400000000002,637.6400000000002,637.6400000000002,637.6400000000002,635.1100000000038,635.2100000000038,635.2100000000038,635.2100000000038,637.6400000000002,637.6400000000002,637.6400000000002,635.3000000000037,635.3000000000037,635.4000000000037,635.4000000000037,635.4000000000037,635.4000000000037,635.4000000000037,635.5000000000038,635.5000000000038,635.5000000000038,635.5000000000038,635.5000000000038,635.5000000000038,635.5000000000038,637.6400000000002,637.6400000000002,637.6400000000002,637.6400000000002,637.6400000000002,637.6400000000002,637.6400000000002,637.6400000000002,637.6400000000002,637.6400000000002,637.6400000000002,637.6400000000002,637.6400000000002,637.6400000000002,637.6400000000002,637.6400000000002,637.6400000000002,637.6400000000002,637.6400000000002,637.6400000000002,637.6400000000002,637.6400000000002,637.6400000000002,637.6400000000002,637.6400000000002,637.6400000000002,637.6400000000002,637.6400000000002,637.6400000000002,637.6400000000002,637.6400000000002,637.6400000000002,637.6400000000002,637.6400000000002,637.6400000000002,637.6400000000002,637.6400000000002,637.6400000000002,635.6000000000038,637.6400000000002,635.6000000000038,637.6400000000002,635.6000000000038,637.6400000000002,637.6400000000002,635.6000000000038,637.6400000000002,635.6000000000038,637.6400000000002,635.6000000000038,637.6400000000002,635.6000000000038,637.6400000000002,637.6400000000002,637.6400000000002,637.6400000000002,637.6400000000002,637.6400000000002,637.6400000000002,637.6400000000002,637.6400000000002,637.6400000000002,637.6400000000002,637.6400000000002,637.6400000000002,637.6400000000002,637.6400000000002,637.6400000000002,637.6400000000002,637.6500000000002,637.6500000000002,637.6500000000002,637.6500000000002,637.6500000000002,637.6600000000002,637.6600000000002,637.6600000000002,637.6600000000002,637.6600000000002,637.6700000000002,637.6700000000002,637.6700000000002,637.6700000000002,637.6700000000002,637.6700000000002,637.6700000000002,637.6700000000002,637.6700000000002,637.6700000000002,637.6700000000002,637.6700000000002,637.6700000000002,637.6700000000002,637.6700000000002,635.7000000000038,637.6700000000002,635.7000000000038,637.6700000000002,637.6700000000002,637.6700000000002,637.6700000000002,637.6700000000002,637.6800000000002,637.6800000000002,637.6800000000002,637.6800000000002,637.6800000000002,637.6900000000002,637.6900000000002,637.6900000000002,637.6900000000002,637.6900000000002,637.7000000000002,637.7000000000002,637.7000000000002,637.7000000000002,637.7000000000002,637.7100000000002,637.7100000000002,637.7100000000002,637.7100000000002,637.7100000000002,637.7100000000002,637.7100000000002,637.7100000000002,637.7100000000002,637.7100000000002,637.7100000000002,637.7100000000002,637.7100000000002,637.7100000000002,637.7100000000002,637.7100000000002,637.7100000000002,637.7100000000002,635.8000000000038,635.8000000000038,635.8000000000038,635.9000000000038,635.9000000000038,635.9000000000038,635.9000000000038,635.9000000000038,635.9000000000038,636.0000000000039,637.7100000000002,637.7100000000002,637.7100000000002,637.7100000000002,637.7100000000002,637.7100000000002,637.7100000000002,637.7100000000002,637.7100000000002,637.7100000000002,637.7100000000002,637.7100000000002,637.7100000000002,637.7100000000002,637.7100000000002,637.7100000000002,637.7100000000002,636.1000000000038,637.7100000000002,636.1000000000038,637.7100000000002,637.7200000000001,637.7200000000001,637.7200000000001,637.7200000000001,637.7200000000001,637.7200000000001,637.7200000000001,637.7200000000001,637.7200000000001,637.7200000000001,637.7200000000001,637.7200000000001,637.7200000000001,637.7200000000001,637.7200000000001,637.7200000000001,637.7200000000001,637.7200000000001,637.7200000000001,637.7200000000001,637.7200000000001,637.7200000000001,637.7200000000001,637.7200000000001,637.7200000000001,637.7200000000001,637.7200000000001,637.7200000000001,637.7200000000001,637.7200000000001,637.7200000000001,637.7200000000001,637.7200000000001,637.7200000000001,637.7200000000001,637.7200000000001,637.7200000000001,637.7300000000001,636.3100000000038,636.3100000000038,637.7300000000001,637.7300000000001,637.7300000000001,637.7300000000001,637.7300000000001,637.7300000000001,637.7300000000001,637.7300000000001,636.5200000000038,637.7300000000001,636.5200000000038,637.7300000000001,636.5200000000038,637.7300000000001,637.7300000000001,636.5200000000038,637.7300000000001,637.7300000000001,637.7300000000001,637.7300000000001,637.7300000000001,637.7300000000001,637.7300000000001,637.7300000000001,637.7300000000001,637.7300000000001,637.7300000000001,637.7300000000001,637.7300000000001,637.7300000000001,637.7300000000001,637.7300000000001,637.7300000000001,637.7300000000001,637.7300000000001,637.7300000000001,637.7300000000001,637.7300000000001,637.7300000000001,637.7300000000001,637.7300000000001,637.7300000000001,637.7300000000001,637.7300000000001,637.7400000000001,637.7400000000001,637.7400000000001,637.7400000000001,637.7400000000001,637.7400000000001,637.7400000000001,637.7400000000001,637.7400000000001,637.7400000000001,637.7400000000001,637.7400000000001,637.7400000000001,637.7400000000001,636.6200000000039,637.7400000000001,636.6200000000039,637.7400000000001,636.6200000000039,637.7400000000001,636.6200000000039,637.7400000000001,637.7400000000001,636.6200000000039,637.7400000000001,637.7400000000001,637.7400000000001,637.7400000000001,637.7400000000001,637.7400000000001,637.7400000000001,637.7400000000001,637.7400000000001,637.7400000000001,637.7400000000001,637.7400000000001,637.7400000000001,637.7400000000001,637.7400000000001,637.7400000000001,637.7400000000001,637.7400000000001,637.7400000000001,637.7400000000001,637.7400000000001,637.7400000000001,637.7400000000001,637.7400000000001,637.7400000000001,637.7400000000001,637.7400000000001,637.7400000000001,637.7400000000001,637.7400000000001,637.7400000000001,637.7400000000001,637.7400000000001,637.7400000000001,637.7400000000001,637.7400000000001,637.7400000000001,637.7400000000001,637.7400000000001,637.7400000000001,637.7400000000001,637.7400000000001,636.7200000000039,637.7400000000001,636.7200000000039,637.7400000000001,636.7200000000039,637.7400000000001,636.7200000000039,637.7400000000001,636.7200000000039,637.7400000000001,637.7500000000001,636.7200000000039,637.7500000000001,636.7200000000039,637.7500000000001,637.7500000000001,637.7500000000001,637.7500000000001,637.7500000000001,637.7500000000001,637.7500000000001,637.7500000000001,637.7500000000001,637.7500000000001,637.7500000000001,637.7500000000001,637.7500000000001,637.7500000000001,637.7500000000001,637.7500000000001,637.7500000000001,637.7500000000001,637.7600000000001,637.7600000000001,637.7600000000001,637.7600000000001,637.7600000000001,637.7600000000001,637.7600000000001,637.7600000000001,637.7600000000001,637.7600000000001,637.7600000000001,637.7600000000001,637.7600000000001,637.7600000000001,637.7600000000001,637.7600000000001,637.7600000000001,637.7600000000001,637.7600000000001,637.7600000000001,637.7600000000001,637.7600000000001,637.7600000000001,637.7600000000001,636.8300000000039,637.7600000000001,637.7600000000001,636.8300000000039,637.7600000000001,637.7600000000001,637.7600000000001,637.7600000000001,637.7600000000001,637.7600000000001,637.7600000000001,637.7600000000001,637.7600000000001,637.7600000000001,637.7600000000001,637.7600000000001,637.7600000000001,637.7600000000001,637.7600000000001,637.7600000000001,637.7600000000001,637.7600000000001,637.7600000000001,637.7600000000001,637.7600000000001,637.7600000000001,637.7600000000001,637.7600000000001,637.7600000000001,637.7600000000001,637.7600000000001,637.7600000000001,637.7600000000001,637.7600000000001,637.7600000000001,637.7600000000001,637.7600000000001,637.7700000000001,637.7700000000001,637.7700000000001,637.7700000000001,637.7700000000001,637.7700000000001,637.7700000000001,637.7700000000001,637.7700000000001,637.7700000000001,636.9400000000039,637.7700000000001,636.9400000000039,637.7700000000001,637.7700000000001,636.9400000000039,637.7700000000001,636.9400000000039,637.7700000000001,636.9400000000039,637.7800000000001,636.9400000000039,637.7800000000001,636.9400000000039,637.7800000000001,637.7800000000001,636.9400000000039,637.7800000000001,637.7800000000001,637.7800000000001,637.7800000000001,637.7800000000001,637.7800000000001,637.7800000000001,637.7800000000001,637.7800000000001,637.7800000000001,637.7800000000001,637.7800000000001,637.7800000000001,637.7800000000001,637.7800000000001,637.7800000000001,637.7900000000001,637.7900000000001,637.7900000000001,637.7900000000001,637.7900000000001,637.7900000000001,637.7900000000001,637.7900000000001,637.7900000000001,637.7900000000001,637.7900000000001,637.7900000000001,637.7900000000001,637.7900000000001,637.7900000000001,637.7900000000001,637.7900000000001,637.7900000000001,637.7900000000001,637.7900000000001,637.7900000000001,637.7900000000001,637.7900000000001,637.7900000000001,637.7900000000001,637.8000000000001,637.8000000000001,637.8000000000001,637.0400000000039,637.8000000000001,637.8000000000001,637.8000000000001,637.8000000000001,637.8000000000001,637.8000000000001,637.8000000000001,637.8000000000001,637.8000000000001,637.8000000000001,637.8000000000001,637.8000000000001,637.8000000000001,637.8000000000001,637.8000000000001,637.8000000000001,637.8000000000001,637.8000000000001,637.8000000000001,637.8000000000001,637.8000000000001,637.8000000000001,637.8000000000001,637.8000000000001,637.8000000000001,637.8000000000001,637.8000000000001,637.8000000000001,637.8000000000001,637.8000000000001,637.8000000000001,637.8000000000001,637.8000000000001,637.8000000000001,637.8000000000001,637.8100000000001,637.8100000000001,637.8100000000001,637.8100000000001,637.8100000000001,637.8100000000001,637.8100000000001,637.8100000000001,637.8100000000001,637.8100000000001,637.8100000000001,637.1400000000039,637.8100000000001,637.1400000000039,637.8100000000001,637.1400000000039,637.8100000000001,637.1400000000039,637.8100000000001,637.8100000000001,637.1400000000039,637.8100000000001,637.8100000000001,637.8100000000001,637.8100000000001,637.8100000000001,637.8100000000001,637.8100000000001,637.8100000000001,637.8100000000001,637.8100000000001,637.8100000000001,637.8100000000001,637.8100000000001,637.8100000000001,637.8100000000001,637.8100000000001,637.8100000000001,637.8100000000001,637.8100000000001,637.8100000000001,637.8100000000001,637.8100000000001,637.8100000000001,637.8100000000001,637.8100000000001,637.8100000000001,637.8100000000001,637.8100000000001,637.8100000000001,637.8100000000001,637.8100000000001,637.8100000000001,637.8100000000001,637.8100000000001,637.8100000000001,637.8100000000001,637.8100000000001,637.8100000000001,637.8100000000001,637.8100000000001,637.8100000000001,637.8100000000001,637.2400000000038,637.8100000000001,637.8100000000001,637.8100000000001,637.8100000000001,637.8100000000001,637.8100000000001,637.8100000000001,637.8100000000001,637.8100000000001,637.8100000000001,637.8100000000001,637.8100000000001,637.8100000000001,637.8100000000001,637.8100000000001,637.8100000000001,637.8100000000001,637.8100000000001,637.8100000000001,637.8100000000001,637.8100000000001,637.8100000000001,637.8100000000001,637.8100000000001,637.8100000000001,637.8100000000001,637.8100000000001,637.8100000000001,637.8100000000001,637.8100000000001,637.8100000000001,637.8100000000001,637.8100000000001,637.8100000000001,637.8100000000001,637.82,637.82,637.82,637.3500000000038,637.4600000000038,637.4600000000038,637.4600000000038,637.4600000000038,637.4600000000038,637.5700000000038,637.5700000000038,637.5700000000038,637.5700000000038,637.5700000000038,637.5700000000038,637.5700000000038,637.5700000000038,637.5800000000038,637.5800000000038,637.5800000000038,637.5800000000038,637.82,637.82,637.82,637.82,637.82,637.82,637.82,637.82,637.82,637.82,637.82,637.82,637.82,637.82,637.82,637.82,637.82,637.82,637.82,637.82,637.82,637.82,637.82,637.82,637.82,637.82,637.82,637.82,637.82,637.82,637.82,637.82,637.82,637.82,637.82,637.82,637.82,637.82,637.83,637.83,637.83,637.83,637.83,637.83,637.83,637.83,637.83,637.83,637.83,637.83,637.83,637.83,637.83,637.83,637.83,637.83,637.83,637.83,637.83,637.83,637.83,637.83,637.83,637.83,637.83,637.83,637.83,637.83,637.83,637.83,637.83,637.83,637.83,637.83,637.83,637.83,637.83,637.83,637.83,637.83,637.83,637.83,637.83,637.83,637.83,637.83,637.83,637.83,637.83,637.83,637.83,637.7000000000038,637.83,637.83,637.83,637.83,637.83,637.83,637.8200000000038,637.9300000000038,637.83,637.83,637.83,637.83,637.83,637.83,637.83,637.83,637.83,637.83,637.83,637.83,638.0400000000038,637.83,637.83,637.83,637.83,637.83,637.83,637.83,637.83,637.83,637.83,637.83,637.83,637.83,637.83,637.83,637.83,637.83,637.83,637.83,637.83,637.83,637.83,637.83,637.83,638.1500000000038,638.1500000000038,638.1500000000038,638.1500000000038,638.1500000000038,638.2600000000039,638.3800000000039,637.83,637.83,637.83,637.83,637.83,637.83,637.83,637.83,637.83,637.83,637.83,637.83,637.83,637.83,637.83,637.83,637.83,637.83,637.83,637.83,637.83,637.83,637.83,637.83,637.83,637.83,637.83,637.83,637.83,637.83,637.83,637.83,637.83,637.83,637.83,637.83,637.84,637.84,637.84,637.84,637.84,637.84,637.84,638.4900000000039,637.84,638.4900000000039,637.84,638.4900000000039,637.84,638.4900000000039,637.84,637.84,637.84,637.84,637.84,637.84,637.84,637.84,637.84,637.84,637.84,637.84,637.84,637.84,637.84,637.84,637.84,637.84,637.84,637.84,637.84,637.84,637.84,637.84,637.84,637.84,637.84,637.84,637.84,637.84,637.84,637.84,637.85,637.85,637.85,637.85,637.85,637.85,637.85,637.85,637.85,637.85,637.85,637.85,637.85,637.85,638.4900000000039,637.85,637.85,637.85,637.85,637.85,637.85,637.85,637.85,637.85,637.85,637.85,637.85,637.85,637.85,637.85,637.85,637.85,637.85,637.85,637.85,637.85,637.85,637.85,637.85,637.85,637.85,637.85,637.86,637.86,637.86,637.86,637.86,637.87,638.7200000000039,638.7200000000039,638.8300000000038,638.8300000000038,637.87,637.87,637.87,637.87,637.87,637.87,638.9400000000038,637.87,637.87,637.87,637.87,637.87,637.87,637.87,637.87,637.87,637.87,637.87,637.87,637.87,637.87,637.87,637.88,637.88,637.88,637.88,637.88,637.88,637.88,637.88,637.88,637.88,637.88,637.88,637.88,637.88,637.88,637.88,637.88,637.88,637.88,637.88,637.88,637.88,637.88,637.88,637.88,637.88,637.88,637.88,637.88,639.2800000000038,637.88,639.2800000000038,637.88,639.2800000000038,637.88,637.88,637.88,637.88,637.88,637.88,637.88,637.88,637.88,637.88,637.88,637.88,637.88,637.88,637.88,637.88,637.88,637.88,637.88,637.88,637.88,637.88,637.88,637.88,637.88,637.88,637.88,637.88,637.88,637.88,637.88,637.88,637.88,637.88,637.88,637.88,637.88,637.88,637.88,637.88,637.88,637.88,637.89,637.89,637.89,637.89,637.89,637.89,637.89,637.89,637.89,637.89,637.89,637.89,637.89,637.89,637.89,639.5100000000039,639.5100000000039,639.5100000000039,637.89,637.89,637.9,637.9,637.9,637.9,637.9,637.9,637.9,637.9,637.9,637.9,639.7400000000039,637.9,637.9,637.9,637.9,637.9,637.9,637.9,637.9,637.9,637.9,637.9,637.9,637.9,637.9,637.9,637.9,637.9,637.9,637.9,637.9,637.9,637.9,637.9,637.9,637.9,637.9,637.9,637.9,637.9,637.9,637.9,637.9,637.9,637.9,637.9,637.9,637.9,637.9,637.9,637.9,637.9,637.9,637.9,637.9,637.9,637.9,637.9,637.9,637.9,637.9,639.8600000000039,637.9,639.8600000000039,637.9,637.9,637.9,637.9,637.9,637.9,637.9,637.91,637.91,637.91,637.91,637.91,637.91,637.91,637.91,637.91,637.91,637.91,637.91,637.91,637.91,637.91,637.91,637.91,637.91,637.91,637.91,637.91,637.91,637.91,637.91,637.91,637.91,637.91,637.91,637.91,637.91,637.91,639.9800000000039,640.1000000000039,640.2200000000039,637.91,637.91,637.91,637.91,637.91,637.91,637.91,637.91,637.91,637.91,637.91,637.9200000000001,637.9200000000001,640.3400000000039,640.3400000000039,640.3400000000039,640.4600000000039,640.4600000000039,637.9200000000001,637.9200000000001,637.9200000000001,640.5700000000039,637.9200000000001,640.5700000000039,637.9200000000001,637.9200000000001,637.9200000000001,637.9200000000001,637.9200000000001,637.9200000000001,637.9200000000001,637.9200000000001,637.9200000000001,637.9200000000001,637.9200000000001,637.9200000000001,637.9200000000001,637.9200000000001,637.9200000000001,637.9200000000001,637.9200000000001,637.9200000000001,637.9200000000001,637.9200000000001,637.9300000000001,637.9300000000001,637.9300000000001,637.9300000000001,637.9300000000001,637.9300000000001,637.9300000000001,637.9300000000001,637.9300000000001,637.9300000000001,637.9300000000001,637.9300000000001,637.9300000000001,637.9300000000001,637.9300000000001,637.9300000000001,637.9300000000001,637.9300000000001,637.9300000000001,637.9300000000001,637.9300000000001,637.9300000000001,637.9300000000001,637.9300000000001,637.9300000000001,637.9300000000001,637.9300000000001,637.9300000000001,640.6900000000039,637.9300000000001,637.9300000000001,637.9300000000001,637.9300000000001,637.9300000000001,637.9300000000001,637.9300000000001,637.9300000000001,637.9300000000001,637.9300000000001,637.9300000000001,637.9300000000001,637.9300000000001,637.9300000000001,637.9300000000001,637.9300000000001,637.9300000000001,637.9300000000001,637.9300000000001,637.9300000000001,637.9300000000001,637.9300000000001,637.9300000000001,637.9300000000001,637.9300000000001,637.9300000000001,637.9300000000001,637.9300000000001,637.9300000000001,637.9300000000001,637.9300000000001,637.9300000000001,637.9300000000001,637.9300000000001,637.9300000000001,637.9300000000001,637.9300000000001,637.9300000000001,637.9300000000001,637.9300000000001,637.9300000000001,637.9300000000001,637.9300000000001,637.9300000000001,637.9300000000001,637.9300000000001,637.9300000000001,637.9300000000001,637.9300000000001,637.9300000000001,637.9300000000001,637.9300000000001,637.9300000000001,637.9300000000001,637.9300000000001,637.9300000000001,637.9300000000001,637.9300000000001,637.9300000000001,637.9300000000001,637.9300000000001,637.9300000000001,637.9300000000001,637.9300000000001,637.9300000000001,637.9300000000001,637.9300000000001,637.9300000000001,637.9300000000001,637.9300000000001,637.9300000000001,637.9300000000001,637.9300000000001,637.9300000000001,637.9300000000001,637.9300000000001,637.9300000000001,637.9300000000001,637.9300000000001,637.9300000000001,637.9300000000001,637.9300000000001,637.9300000000001,637.9300000000001,637.9300000000001,637.9300000000001,637.9300000000001,637.9300000000001,637.9300000000001,637.9300000000001,637.9300000000001,637.9300000000001,640.9200000000039,637.9300000000001,637.9300000000001,637.9300000000001,637.9300000000001,637.9300000000001,637.9300000000001,637.9300000000001,637.9300000000001,637.9300000000001,637.9300000000001,637.9300000000001,637.9300000000001,637.9300000000001,637.9300000000001,637.9300000000001,637.9300000000001,637.9300000000001,637.9300000000001,637.9300000000001,637.9300000000001,637.9300000000001,637.9300000000001,637.9300000000001,637.9300000000001,637.9300000000001,637.9300000000001,637.9300000000001,637.9300000000001,637.9300000000001,637.9300000000001,637.9300000000001,637.9300000000001,640.9200000000039,641.0400000000039,641.0400000000039,641.1600000000038,641.1600000000038,637.9300000000001,637.9300000000001,637.9300000000001,637.9300000000001,637.9300000000001,637.9300000000001,637.9300000000001,637.9300000000001,637.9300000000001,637.9300000000001,637.9300000000001,637.9300000000001,637.9300000000001,637.9300000000001,637.9300000000001,637.9300000000001,637.9300000000001,637.9300000000001,637.9300000000001,637.94,637.94,637.94,637.94,637.94,637.95,637.95,637.95,637.95,637.95,637.95,637.95,637.95,637.95,637.95,637.95,637.95,637.95,637.95,637.95,637.95,637.95,637.95,637.95,637.95,637.95,637.95,637.95,637.95,637.95,637.95,637.95,637.95,637.95,637.95,637.95,637.95,637.95,637.95,637.95,637.95,637.95,637.95,637.95,637.95,637.95,637.95,637.95,637.95,637.95,637.96,637.96,637.96,637.96,637.96,637.96,637.96,637.96,637.96,637.96,637.96,637.96,637.96,637.96,637.96,637.96,637.96,637.96,637.96,637.96,641.4000000000037,637.96,641.4000000000037,637.96,637.96,637.96,637.96,637.96,637.96,637.96,637.96,637.96,637.96,637.96,637.96,637.96,637.96,637.96,637.96,637.96,637.96,637.96,637.96,637.96,637.96,637.96,637.96,637.96,637.96,637.96,637.97,637.97,637.97,637.97,637.97,637.97,637.97,637.97,637.97,637.97,637.97,637.97,637.97,637.97,637.97,637.9800000000001,637.9800000000001,637.9800000000001,637.9800000000001,637.9800000000001,637.9800000000001,641.5200000000037,637.9800000000001,637.9800000000001,637.9800000000001,637.9800000000001,637.9800000000001,637.9800000000001,637.9800000000001,637.9800000000001,637.9800000000001,637.9800000000001,637.9800000000001,637.9800000000001,637.9800000000001,637.9800000000001,637.9800000000001,637.9800000000001,637.9800000000001,637.9800000000001,637.9800000000001,637.9800000000001,637.9800000000001,637.9800000000001,637.9800000000001,637.9800000000001,637.9800000000001,637.9800000000001,637.9800000000001,637.9800000000001,637.9800000000001,637.9800000000001,637.9800000000001,637.9800000000001,637.9800000000001,637.9800000000001,637.9800000000001,637.9800000000001,637.9800000000001,637.9800000000001,637.9800000000001,637.9800000000001,637.9800000000001,637.9800000000001,637.9800000000001,637.9800000000001,637.9800000000001,637.9800000000001,637.9800000000001,637.9800000000001,637.9800000000001,641.6400000000036,637.9800000000001,637.9800000000001,641.6400000000036,637.9800000000001,637.9800000000001,637.9800000000001,637.9800000000001,637.9800000000001,637.9800000000001,637.9800000000001,637.9800000000001,637.9800000000001,637.9800000000001,637.9800000000001,637.9800000000001,637.9800000000001,637.9800000000001,637.9800000000001,637.9800000000001,637.9900000000001,637.9900000000001,637.9900000000001,637.9900000000001,637.9900000000001,637.9900000000001,637.9900000000001,637.9900000000001,637.9900000000001,637.9900000000001,637.9900000000001,637.9900000000001,637.9900000000001,637.9900000000001,637.9900000000001,637.9900000000001,637.9900000000001,637.9900000000001,637.9900000000001,637.9900000000001,637.9900000000001,637.9900000000001,637.9900000000001,637.9900000000001,637.9900000000001,637.9900000000001,637.9900000000001,637.9900000000001,637.9900000000001,637.9900000000001,637.9900000000001,637.9900000000001,641.7700000000037,637.9900000000001,637.9900000000001,641.7700000000037,637.9900000000001,637.9900000000001,637.9900000000001,637.9900000000001,637.9900000000001,637.9900000000001,637.9900000000001,637.9900000000001,638.0000000000001,638.0000000000001,638.0000000000001,638.0000000000001,638.0000000000001,638.0000000000001,638.0100000000002,638.0100000000002,638.0100000000002,638.0100000000002,638.0100000000002,638.0100000000002,638.0100000000002,638.0100000000002,638.0100000000002,638.0100000000002,638.0100000000002,638.0100000000002,638.0100000000002,638.0100000000002,638.0100000000002,638.0100000000002,638.0100000000002,638.0100000000002,638.0100000000002,638.0100000000002,638.0100000000002,638.0100000000002,638.0100000000002,638.0100000000002,638.0100000000002,638.0100000000002,638.0100000000002,638.0100000000002,638.0100000000002,638.0100000000002,638.0100000000002,638.0100000000002,638.0100000000002,638.0100000000002,638.0100000000002,638.0100000000002,638.0100000000002,638.0100000000002,638.0100000000002,638.0100000000002,638.0100000000002,638.0100000000002,638.0100000000002,638.0100000000002,638.0100000000002,638.0100000000002,638.0100000000002,638.0100000000002,638.0100000000002,638.0100000000002,638.0100000000002,638.0100000000002,638.0100000000002,638.0100000000002,638.0100000000002,638.0100000000002,638.0100000000002,638.0100000000002,638.0100000000002,638.0100000000002,638.0100000000002,638.0100000000002,638.0100000000002,638.0100000000002,638.0100000000002,638.0100000000002,638.0100000000002,638.0100000000002,638.0100000000002,638.0100000000002,638.0100000000002,638.0100000000002,638.0100000000002,638.0100000000002,638.0100000000002,638.0100000000002,638.0100000000002,638.0100000000002,638.0100000000002,638.0100000000002,638.0100000000002,638.0100000000002,638.0100000000002,638.0100000000002,642.0100000000036,638.0100000000002,638.0100000000002,642.0100000000036,638.0100000000002,642.0100000000036,638.0100000000002,642.0100000000036,638.0100000000002,642.0100000000036,638.0100000000002,638.0100000000002,638.0100000000002,638.0100000000002,638.0100000000002,638.0100000000002,638.0100000000002,638.0100000000002,638.0100000000002,638.0100000000002,638.0100000000002,638.0100000000002,638.0100000000002,638.0100000000002,638.0100000000002,638.0100000000002,638.0100000000002,638.0100000000002,638.0100000000002,638.0100000000002,638.0100000000002,638.0100000000002,638.0100000000002,638.0100000000002,638.0100000000002,638.0100000000002,638.0100000000002,638.0100000000002,638.0100000000002,638.0100000000002,638.0100000000002,638.0100000000002,638.0100000000002,638.0100000000002,638.0100000000002,638.0100000000002,638.0100000000002,638.0100000000002,638.0100000000002,638.0100000000002,638.0100000000002,638.0100000000002,638.0100000000002,638.0200000000002,638.0200000000002,638.0200000000002,638.0200000000002,638.0200000000002,638.0300000000002,638.0300000000002,638.0300000000002,642.1300000000036,638.0300000000002,642.1300000000036,638.0300000000002,642.1300000000036,638.0300000000002,638.0300000000002,638.0300000000002,638.0300000000002,638.0300000000002,638.0300000000002,638.0300000000002,638.0300000000002,638.0300000000002,638.0300000000002,638.0300000000002,638.0300000000002,638.0300000000002,638.0300000000002,638.0300000000002,638.0300000000002,638.0300000000002,638.0300000000002,638.0300000000002,638.0300000000002,638.0300000000002,638.0300000000002,638.0300000000002,638.0300000000002,638.0300000000002,638.0300000000002,638.0300000000002,638.0300000000002,638.0300000000002,638.0300000000002,638.0300000000002,638.0300000000002,638.0300000000002,638.0300000000002,638.0300000000002,638.0300000000002,638.0300000000002,638.0300000000002,638.0300000000002,638.0300000000002,638.0300000000002,638.0300000000002,638.0300000000002,638.0300000000002,638.0300000000002,638.0300000000002,638.0300000000002,638.0300000000002,638.0300000000002,638.0300000000002,638.0300000000002,638.0300000000002,638.0300000000002,638.0300000000002,638.0300000000002,638.0300000000002,638.0300000000002,638.0300000000002,638.0300000000002,638.0300000000002,638.0300000000002,638.0300000000002,638.0300000000002,638.0300000000002,638.0300000000002,638.0300000000002,638.0300000000002,638.0300000000002,638.0300000000002,638.0300000000002,638.0300000000002,638.0300000000002,638.0300000000002,638.0300000000002,638.0300000000002,638.0300000000002,638.0300000000002,638.0300000000002,638.0300000000002,638.0300000000002,638.0300000000002,638.0300000000002,638.0300000000002,638.0300000000002,638.0300000000002,638.0300000000002,638.0300000000002,638.0300000000002,638.0300000000002,638.0300000000002,638.0300000000002,638.0300000000002,638.0300000000002,638.0300000000002,638.0300000000002,638.0300000000002,638.0400000000002,638.0400000000002,638.0400000000002,638.0400000000002,642.3700000000036,638.0400000000002,638.0400000000002,638.0400000000002,638.0400000000002,638.0400000000002,638.0400000000002,638.0400000000002,638.0400000000002,638.0400000000002,638.0400000000002,638.0400000000002,638.0400000000002,638.0400000000002,638.0400000000002,638.0400000000002,638.0400000000002,638.0400000000002,638.0400000000002,638.0400000000002,638.0400000000002,638.0400000000002,638.0400000000002,638.0400000000002,638.0400000000002,638.0400000000002,638.0400000000002,638.0400000000002,638.0400000000002,638.0400000000002,638.0400000000002,638.0400000000002,638.0400000000002,638.0400000000002,638.0400000000002,638.0400000000002,638.0400000000002,638.0400000000002,638.0400000000002,638.0400000000002,638.0400000000002,638.0400000000002,638.0400000000002,638.0400000000002,638.0400000000002,638.0400000000002,638.0400000000002,638.0400000000002,638.0400000000002,642.4900000000036,638.0400000000002,642.4900000000036,638.0400000000002,638.0400000000002,642.4900000000036,638.0400000000002,642.4900000000036,638.0400000000002,642.4900000000036,638.0400000000002,638.0400000000002,638.0400000000002,638.0400000000002,638.0400000000002,638.0400000000002,638.0400000000002,638.0400000000002,638.0400000000002,638.0400000000002,638.0400000000002,638.0400000000002,638.0400000000002,638.0400000000002,638.0400000000002,638.0400000000002,638.0400000000002,638.0400000000002,638.0400000000002,638.0400000000002,638.0400000000002,638.0400000000002,638.0400000000002,638.0400000000002,638.0400000000002,638.0400000000002,638.0400000000002,638.0400000000002,638.0400000000002,638.0400000000002,638.0400000000002,638.0400000000002,638.0400000000002,638.0400000000002,638.0400000000002,638.0400000000002,638.0400000000002,638.0400000000002,638.0400000000002,638.0400000000002,638.0400000000002,638.0400000000002,638.0400000000002,638.0400000000002,638.0400000000002,638.0400000000002,638.0400000000002,638.0400000000002,638.0400000000002,642.6200000000036,638.0400000000002,638.0400000000002,642.6200000000036,638.0400000000002,642.6200000000036,638.0400000000002,638.0400000000002,638.0400000000002,638.0400000000002,638.0400000000002,638.0400000000002,638.0400000000002,638.0400000000002,638.0400000000002,638.0400000000002,638.0400000000002,638.0400000000002,638.0400000000002,638.0400000000002,638.0400000000002,638.0400000000002,638.0400000000002,638.0400000000002,638.0400000000002,638.0400000000002,638.0400000000002,638.0400000000002,638.0400000000002,638.0400000000002,638.0400000000002,638.0400000000002,642.7400000000036,642.7400000000036,642.7400000000036,642.7400000000036,642.7400000000036,642.7400000000036,642.7400000000036,638.0400000000002,638.0400000000002,638.0400000000002,638.0400000000002,638.0400000000002,638.0400000000002,638.0400000000002,638.0400000000002,638.0400000000002,638.0400000000002,638.0400000000002,638.0400000000002,642.9900000000036,638.0400000000002,638.0400000000002,638.0400000000002,638.0400000000002,638.0400000000002,638.0400000000002,638.0400000000002,638.0400000000002,638.0400000000002,638.0400000000002,638.0400000000002,638.0400000000002,638.0400000000002,638.0400000000002,638.0400000000002,638.0400000000002,638.0400000000002,638.0400000000002,638.0400000000002,638.0400000000002,638.0400000000002,638.0400000000002,638.0400000000002,638.0400000000002,638.0400000000002,638.0400000000002,638.0400000000002,638.0400000000002,638.0400000000002,638.0400000000002,638.0400000000002,638.0500000000002,638.0500000000002,638.0500000000002,638.0500000000002,638.0500000000002,638.0500000000002,638.0500000000002,638.0500000000002,638.0500000000002,638.0600000000002,638.0600000000002,638.0600000000002,638.0600000000002,638.0600000000002,638.0600000000002,638.0600000000002,638.0600000000002,638.0600000000002,638.0600000000002,638.0600000000002,638.0600000000002,638.0600000000002,638.0600000000002,638.0600000000002,638.0600000000002,638.0600000000002,638.0600000000002,638.0600000000002,638.0600000000002,638.0600000000002,638.0600000000002,638.0600000000002,638.0600000000002,638.0600000000002,638.0600000000002,638.0600000000002,638.0600000000002,638.0600000000002,638.0600000000002,638.0600000000002,638.0600000000002,638.0600000000002,638.0600000000002,638.0600000000002,638.0600000000002,638.0600000000002,638.0600000000002,638.0600000000002,638.0600000000002,638.0600000000002,638.0600000000002,638.0600000000002,638.0600000000002,638.0600000000002,638.0600000000002,638.0600000000002,638.0600000000002,638.0600000000002,638.0600000000002,638.0600000000002,638.0600000000002,638.0600000000002,638.0600000000002,638.0600000000002,638.0600000000002,638.0600000000002,638.0600000000002,643.2400000000036,638.0600000000002,643.2400000000036,638.0600000000002,643.2400000000036,638.0600000000002,638.0600000000002,643.2400000000036,638.0600000000002,643.2400000000036,638.0600000000002,643.2500000000036,638.0600000000002,643.2500000000036,638.0600000000002,638.0600000000002,638.0600000000002,638.0700000000002,638.0700000000002,638.0700000000002,638.0700000000002,638.0700000000002,638.0700000000002,638.0700000000002,638.0700000000002,638.0700000000002,638.0700000000002,638.0700000000002,638.0700000000002,638.0700000000002,638.0700000000002,638.0700000000002,638.0700000000002,638.0700000000002,638.0700000000002,638.0700000000002,638.0700000000002,638.0700000000002,638.0700000000002,638.0700000000002,638.0700000000002,638.0700000000002,638.0700000000002,638.0700000000002,638.0700000000002,638.0700000000002,638.0700000000002,638.0700000000002,638.0700000000002,638.0700000000002,638.0700000000002,638.0700000000002,638.0700000000002,638.0700000000002,638.0700000000002,638.0700000000002,638.0700000000002,638.0700000000002,638.0700000000002,638.0700000000002,638.0700000000002,638.0700000000002,638.0700000000002,638.0700000000002,643.3800000000036,638.0700000000002,638.0700000000002,638.0700000000002,638.0700000000002,638.0700000000002,638.0700000000002,638.0700000000002,638.0700000000002,638.0700000000002,638.0700000000002,638.0700000000002,638.0700000000002,638.0700000000002,638.0700000000002,638.0700000000002,638.0700000000002,638.0700000000002,638.0700000000002,638.0700000000002,638.0700000000002,638.0700000000002,638.0700000000002,638.0700000000002,638.0700000000002,638.0700000000002,638.0700000000002,638.0700000000002,638.0700000000002,638.0700000000002,638.0700000000002,638.0700000000002,638.0700000000002,638.0700000000002,638.0700000000002,638.0700000000002,638.0700000000002,638.0700000000002,638.0700000000002,638.0700000000002,638.0700000000002,638.0700000000002,638.0700000000002,638.0700000000002,638.0700000000002,638.0700000000002,638.0700000000002,638.0700000000002,638.0700000000002,638.0700000000002,638.0800000000002,638.0800000000002,638.0800000000002,643.5100000000036,638.0800000000002,638.0800000000002,638.0800000000002,638.0800000000002,638.0800000000002,638.0800000000002,638.0800000000002,638.0800000000002,638.0800000000002,638.0800000000002,638.0800000000002,638.0800000000002,638.0800000000002,638.0800000000002,638.0800000000002,638.0800000000002,638.0800000000002,638.0800000000002,638.0800000000002,638.0800000000002,638.0800000000002,638.0800000000002,638.0800000000002,638.0800000000002,638.0800000000002,638.0800000000002,638.0800000000002,638.0800000000002,638.0800000000002,
638.0800000000002,638.0800000000002,638.0800000000002,638.0800000000002,638.0800000000002,638.0800000000002,638.0800000000002,638.0800000000002,638.0800000000002,638.0800000000002,638.0800000000002,638.0800000000002,638.0800000000002,638.0800000000002,638.0800000000002,638.0800000000002,643.6400000000036,638.0900000000003,638.0900000000003,638.0900000000003,638.1000000000003,638.1000000000003,638.1100000000002,638.1100000000002,638.1100000000002,638.1100000000002,638.1100000000002,638.1100000000002,638.1100000000002,638.1200000000002,638.1200000000002,638.1200000000002,638.1200000000002,638.1200000000002,638.1200000000002,638.1200000000002,638.1200000000002,638.1200000000002,638.1200000000002,638.1200000000002,638.1200000000002,638.1200000000002,638.1200000000002,638.1300000000002,638.1400000000002,638.1500000000002,638.1600000000002,643.7700000000036,638.1700000000003,638.1700000000003,638.1800000000003,638.1900000000003,638.2000000000003,638.2200000000003,638.2200000000003,638.2200000000003,638.2400000000002,638.2500000000002,643.9000000000036,643.9000000000036,643.9000000000036,638.2700000000003,638.2700000000003,638.2800000000003,638.2800000000003,638.2800000000003,638.3000000000003,638.3100000000003,638.3100000000003,638.3100000000003,638.3200000000003,638.3200000000003,638.3200000000003,638.3400000000003,638.3400000000003,638.3400000000003,644.0300000000036,644.0400000000036,638.3500000000003,638.3500000000003,638.3500000000003,638.3500000000003,638.3500000000003,638.3500000000003,638.4100000000002,638.4100000000002,638.4100000000002,638.4500000000002,644.1700000000037,644.1700000000037,638.4700000000003,638.4700000000003,638.4900000000002,638.5100000000002,638.5300000000002,638.5300000000002,638.5300000000002,638.5300000000002,638.5300000000002,638.5300000000002,638.5500000000002,644.3000000000037,644.3000000000037,644.3000000000037,644.3000000000037,644.3000000000037,644.3000000000037,638.5800000000003,644.3000000000037,638.5800000000003,644.3000000000037,638.6200000000002,638.6200000000002,638.6700000000002,638.6700000000002,638.6700000000002,638.6700000000002,638.7000000000003,644.4300000000037,644.4300000000037,644.4300000000037,644.4300000000037,644.4300000000037,644.4300000000037,638.7200000000003,638.7200000000003,638.7400000000002,638.7900000000003,638.7900000000003,638.7900000000003,638.8200000000003,638.8400000000003,638.8700000000002,638.9000000000002,638.9000000000002,638.9000000000002,638.9200000000002,638.9200000000002,638.9200000000002,638.9700000000001,639.0000000000002,639.0300000000002,639.0400000000002,644.6900000000037,644.6900000000037,639.0700000000002,639.0700000000002,639.0700000000002,639.0700000000002,639.0800000000002,639.0800000000002,639.1700000000002,644.8200000000037,639.2300000000001,639.2600000000002,639.2600000000002,639.2600000000002,639.2900000000002,639.2900000000002,639.2900000000002,644.9500000000037,644.9500000000037,639.3200000000002,639.3200000000002,639.3200000000002,639.3500000000003,639.3500000000003,639.3500000000003,645.0800000000037,639.3800000000002,639.3800000000002,639.4100000000002,639.4500000000003,639.4500000000003,639.4500000000003,639.4900000000002,645.2100000000037,645.2100000000037,645.2100000000037,645.2100000000037,645.2100000000037,639.5200000000002,639.5500000000003,639.5500000000003,639.5500000000003,639.5500000000003,639.5500000000003,639.5500000000003,639.5500000000003,639.5500000000003,645.3400000000037,645.3400000000037,639.6300000000003,639.6300000000003,639.6700000000003,639.6700000000003,645.4800000000038,639.7400000000004,639.7700000000003,639.8000000000003,645.6100000000038,645.6100000000038,639.8300000000004,639.8300000000004,639.8300000000004,639.8700000000003,645.7400000000038,639.9100000000003,639.9500000000003,639.9900000000002,640.0700000000003,640.1500000000003,646.0100000000037,640.1900000000003,640.1900000000003,640.1900000000003,640.2400000000004,640.2400000000004,640.2400000000004,646.1400000000037,646.1400000000037,640.2900000000003,640.2900000000003,640.3300000000003,640.3300000000003,640.3300000000003,640.3300000000003,646.2700000000037,646.2700000000037,640.3800000000003,646.2700000000037,646.2700000000037,646.2700000000037,646.2700000000037,646.2700000000037,646.2700000000037,646.2700000000037,646.2800000000037,646.2800000000037,646.2800000000037,646.2800000000037,646.2800000000037,646.2800000000037,646.2800000000037,646.2800000000037,646.2800000000037,640.4200000000003,640.4200000000003,640.4600000000004,640.4600000000004,640.5500000000003,640.6000000000004,640.6000000000004,640.6500000000003,640.6500000000003,640.6500000000003,640.7000000000004,640.7500000000003,640.7500000000003,640.8000000000003,640.8000000000003,640.8500000000004,640.9000000000003,640.9000000000003,640.9000000000003,640.9000000000003,640.9000000000003,640.9000000000003,646.6900000000038,640.9500000000004,641.0000000000003,641.0000000000003,641.0000000000003,641.0000000000003,646.8200000000038,641.0500000000004,641.0500000000004,641.2000000000004,641.2500000000003,641.3000000000004,641.3000000000004,641.3000000000004,647.1000000000038,641.3000000000004,641.3500000000004,641.4000000000004,641.4000000000004,641.4500000000004,641.5000000000003,641.5000000000003,641.5000000000003,641.5000000000003,647.3700000000038,641.5500000000003,641.5500000000003,641.5500000000003,641.6000000000003,647.5000000000038,641.7000000000002,641.7500000000002,641.7500000000002,647.6300000000037,647.6300000000037,647.6300000000037,641.8100000000002,641.8700000000002,641.8700000000002,641.8700000000002,641.9300000000002,647.6300000000037,647.6300000000037,642.1000000000003,642.1500000000002,642.2000000000002,647.6300000000037,642.2600000000002,642.2600000000002,642.3100000000002,642.3100000000002,642.3100000000002,642.3700000000001,642.3700000000001,642.3700000000001,642.3700000000001,642.3700000000001,642.4900000000001,642.5500000000002,647.9100000000037,647.9100000000037,647.9100000000037,647.9100000000037,642.6700000000001,642.7300000000001,648.0500000000037,642.8000000000002,642.8600000000001,648.1900000000038,648.1900000000038,648.1900000000038,642.9200000000001,642.9200000000001,642.9200000000001,642.98,642.98,642.99,643.0500000000001,643.0500000000001,643.0500000000001,648.4900000000038,643.1700000000001,643.1700000000001,643.24,643.3000000000001,648.6400000000037,648.6400000000037,648.6400000000037,648.6400000000037,643.37,643.37,643.37,643.4300000000001,643.5600000000001,648.7900000000038,648.7900000000038,648.7900000000038,643.63,648.7900000000038,643.63,648.7900000000038,648.7900000000038,643.7,643.7,643.7,643.71,648.9400000000038,648.9400000000038,648.9400000000038,648.9400000000038,648.9400000000038,649.0900000000039,649.0900000000039,643.9100000000001,643.9100000000001,643.9100000000001,643.9100000000001,649.2400000000039,643.98,643.98,644.0500000000001,644.0500000000001,644.0500000000001,644.0500000000001,649.3800000000039,644.1200000000001,644.1200000000001,644.1200000000001,649.5200000000038,644.2600000000001,649.5200000000038,644.4000000000001,644.4000000000001,644.4000000000001,644.4000000000001,649.6600000000038,649.6600000000038,644.4700000000001,644.4700000000001,644.4700000000001,644.5400000000002,644.5400000000002,644.5400000000002,644.5400000000002,644.5400000000002,644.5400000000002,649.8000000000039,644.6200000000001,644.6200000000001,644.6200000000001,644.7000000000002,649.9400000000039,649.9400000000039,644.7700000000002,644.8500000000001,644.8500000000001,644.8500000000001,644.8500000000001,644.8500000000001,649.9400000000039,649.9400000000039,649.9400000000039,649.9400000000039,649.9400000000039,649.9400000000039,644.9200000000002,644.9200000000002,644.9200000000002,644.9200000000002,644.9200000000002,644.9900000000002,649.9400000000039,645.0700000000002,650.0800000000039,645.0700000000002,645.1400000000002,645.2900000000002,645.2900000000002,645.2900000000002,645.2900000000002,645.2900000000002,650.380000000004,645.2900000000002,650.530000000004,645.3700000000001,645.3700000000001,645.44,650.530000000004,645.5200000000001,645.5200000000001,645.5200000000001,645.5200000000001,645.5300000000001,645.5300000000001,645.6100000000001,650.6800000000039,645.69,645.69,650.830000000004,645.7700000000001,645.7700000000001,645.7700000000001,650.980000000004,650.980000000004,650.980000000004,645.8500000000001,645.8500000000001,645.8500000000001,645.8500000000001,645.9300000000001,651.280000000004,646.01,646.01,646.01,651.430000000004,646.09,646.1700000000001,646.1700000000001,651.580000000004,646.25,651.730000000004,646.4200000000001,646.51,646.51,651.880000000004,651.880000000004,651.880000000004,646.6,651.880000000004,646.77,646.77,646.77,652.030000000004,652.030000000004,652.030000000004,652.030000000004,646.86,646.86,646.95,652.1800000000039,652.1800000000039,646.95,647.04,652.3300000000039,647.12,652.480000000004,647.2099999999999,647.2099999999999,647.2099999999999,652.640000000004,647.3,647.39,652.7900000000039,652.7900000000039,652.7900000000039,647.48,647.5699999999999,647.5699999999999,652.9500000000039,647.66,647.66,647.75,653.120000000004,653.120000000004,653.120000000004,653.120000000004,653.120000000004,647.84,648.02,648.02,648.02,653.2900000000039,648.11,648.2,648.2,648.2,648.2,648.2,648.2,653.450000000004,648.38,653.610000000004,648.47,653.770000000004,653.770000000004,648.5600000000001,648.5600000000001,648.66,648.75,648.75,648.75,648.75,648.75,654.090000000004,648.84,648.84,648.84,648.84,654.090000000004,654.090000000004,654.090000000004,648.9300000000001,649.02,649.02,649.02,649.02,649.02,654.100000000004,654.100000000004,649.11,654.260000000004,649.2,649.2,649.2,649.2900000000001,649.2900000000001,649.2900000000001,654.4200000000039,649.3900000000001,649.3900000000001,649.3900000000001,654.5700000000039,649.4000000000001,654.5700000000039,654.5700000000039,649.5900000000001,649.5900000000001,649.5900000000001,649.5900000000001,649.5900000000001,649.5900000000001,649.5900000000001,654.7300000000039,649.6900000000002,649.6900000000002,649.6900000000002,649.6900000000002,654.8900000000039,649.8900000000001,649.8900000000001,655.0500000000038,649.8900000000001,649.8900000000001,649.9800000000001,649.9800000000001,649.9800000000001,649.9800000000001,649.9800000000001,649.9800000000001,649.9800000000001,649.9800000000001,649.9800000000001,649.9800000000001,649.9800000000001,655.2100000000038,650.0800000000002,650.0800000000002,650.0800000000002,650.0800000000002,650.0800000000002,650.0800000000002,650.0800000000002,650.0800000000002,650.0800000000002,650.0800000000002,655.2100000000038,655.2100000000038,650.1800000000002,650.1800000000002,650.1800000000002,650.1800000000002,650.1800000000002,650.2800000000002,655.3700000000039,650.2800000000002,655.3700000000039,650.2800000000002,655.3700000000039,655.5300000000038,655.5300000000038,655.5300000000038,655.5300000000038,650.4800000000001,650.4800000000001,650.5900000000001,655.5400000000038,650.6900000000002,650.6900000000002,650.6900000000002,650.7900000000002,650.7900000000002,650.7900000000002,650.7900000000002,650.7900000000002,650.7900000000002,650.9000000000002,655.7000000000038,651.0000000000002,651.0100000000002,651.0100000000002,651.0100000000002,651.0100000000002,651.0200000000002,651.0200000000002,651.0200000000002,655.7000000000038,655.7000000000038,651.1300000000002,651.2300000000002,651.2400000000002,651.2400000000002,651.2400000000002,651.2400000000002,651.3500000000003,651.3500000000003,656.0200000000038,651.5600000000002,656.1900000000038,651.6600000000002,651.6600000000002,651.6600000000002,651.6600000000002,656.1900000000038,651.7700000000002,651.7700000000002,651.7700000000002,651.7800000000002,651.7800000000002,651.7800000000002,651.7800000000002,651.7800000000002,656.3600000000038,656.3600000000038,656.3600000000038,656.3600000000038,656.3600000000038,651.8900000000002,656.5300000000037,652.1100000000002,652.2200000000003,656.6900000000038,652.2200000000003,656.6900000000038,652.2200000000003,656.6900000000038,652.3300000000003,652.3300000000003,652.3300000000003,656.8600000000038,656.8600000000038,652.4400000000003,652.5500000000002,657.0200000000037,657.0200000000037,652.6600000000002,652.6600000000002,652.6600000000002,652.7700000000002,652.7700000000002,657.1900000000037,657.1900000000037,652.8800000000002,652.8800000000002,652.8800000000002,652.9900000000002,652.9900000000002,652.9900000000002,657.1900000000037,653.1000000000003,653.1000000000003,653.1000000000003,657.3600000000037,657.3600000000037,653.2100000000003,653.3200000000003,657.5200000000036,657.5200000000036,653.4300000000003,653.4300000000003,657.6800000000037,657.6800000000037,657.6800000000037,653.5400000000003,653.6600000000003,657.6800000000037,657.6800000000037,657.6800000000037,657.6800000000037,657.6800000000037,657.6800000000037,653.7700000000002,657.8400000000038,657.8400000000038,657.8400000000038,657.8400000000038,654.0000000000002,658.0000000000038,654.2200000000003,654.2200000000003,654.2200000000003,658.1600000000037,658.1600000000037,658.1600000000037,658.1600000000037,658.1600000000037,658.1600000000037,658.1600000000037,658.1600000000037,658.1600000000037,658.1600000000037,658.1600000000037,658.1600000000037,658.1600000000037,658.1600000000037,658.1600000000037,654.3300000000003,658.1600000000037,658.1600000000037,658.1600000000037,658.1600000000037,654.4400000000003,658.1600000000037,658.1600000000037,658.1600000000037,658.1600000000037,658.1600000000037,654.5600000000003,654.5600000000003,658.3300000000038,658.3300000000038,658.3300000000038,658.3300000000038,658.3300000000038,658.3300000000038,658.3400000000038,658.3400000000038,658.3400000000038,658.3400000000038,658.3400000000038,654.6800000000003,658.5100000000037,658.5100000000037,658.5100000000037,658.5100000000037,658.5100000000037,658.5100000000037,658.5100000000037,658.5100000000037,658.5100000000037,658.5100000000037,654.9100000000003,654.9100000000003,658.6800000000038,658.6800000000038,655.0300000000003,658.6800000000038,655.0300000000003,658.6800000000038,658.6800000000038,655.1500000000003,655.1500000000003,658.8600000000038,655.2600000000003,659.0300000000038,655.3800000000003,655.3800000000003,655.3800000000003,659.2000000000038,659.2000000000038,659.2000000000038,659.2000000000038,659.2000000000038,659.2000000000038,659.2000000000038,659.2000000000038,659.2000000000038,659.2000000000038,659.2000000000038,655.3800000000003,659.3700000000039,655.6200000000003,659.5400000000038,659.5400000000038,659.5400000000038,659.5400000000038,655.7400000000004,655.7400000000004,659.7100000000038,659.7100000000038,655.9800000000004,655.9800000000004,659.8800000000037,659.8800000000037,659.8800000000037,660.0500000000037,660.0500000000037,660.0500000000037,656.2100000000003,656.3300000000003,660.2200000000038,660.2300000000038,656.4500000000002,656.4500000000002,656.4500000000002,656.4500000000002,656.4500000000002,656.5700000000002,656.5700000000002,656.5700000000002,660.5700000000038,660.5700000000038,660.5700000000038,656.6900000000002,656.6900000000002,660.7500000000038,660.7500000000038,660.7500000000038,660.7500000000038,660.7500000000038,660.7500000000038,656.8100000000002,656.8100000000002,656.9300000000002,656.9300000000002,660.9300000000038,660.9300000000038,657.0500000000002,657.0500000000002,657.1700000000002,661.1100000000038,661.1100000000038,661.1100000000038,661.1100000000038,661.1100000000038,661.1100000000038,661.1100000000038,657.2900000000002,657.2900000000002,657.2900000000002,657.2900000000002,657.2900000000002,657.2900000000002,657.2900000000002,657.2900000000002,661.2800000000037,661.4500000000037,661.4500000000037,657.5300000000002,657.5300000000002,657.6500000000002,661.6200000000038,661.6200000000038,661.6200000000038,661.6200000000038,661.6200000000038,661.6300000000037,661.6300000000037,657.7700000000002,661.8100000000037,661.8100000000037,661.8100000000037,658.0200000000002,661.8100000000037,658.1400000000002,661.9900000000036,662.1700000000037,658.4000000000002,658.4000000000002,658.4000000000002,658.4000000000002,658.5200000000002,658.5200000000002,658.5200000000002,662.3500000000037,662.5300000000037,662.5300000000037,662.5400000000037,658.7800000000002,658.7800000000002,658.7800000000002,662.7200000000037,658.9100000000002,662.7200000000037,662.7200000000037,662.7200000000037,658.9100000000002,658.9200000000002,663.0700000000037,663.0700000000037,663.0700000000037,663.0700000000037,659.0400000000002,659.1700000000002,659.1700000000002,663.2500000000038,663.2500000000038,663.2500000000038,663.2500000000038,663.2500000000038,659.3000000000002,659.3000000000002,663.4300000000037,663.4300000000037,663.4300000000037,663.4300000000037,663.4300000000037,659.5600000000002,659.5600000000002,659.5600000000002,663.6100000000038,663.6100000000038,659.6900000000002,663.7900000000037,663.7900000000037,663.7900000000037,659.8200000000002,659.8200000000002,663.9700000000038,659.9500000000002,660.0800000000002,664.1500000000037,664.1500000000037,664.1500000000037,664.1500000000037,664.1500000000037,664.1500000000037,664.1500000000037,664.1500000000037,664.1500000000037,664.1500000000037,664.1500000000037,664.1500000000037,664.1500000000037,664.1500000000037,664.1500000000037,664.1500000000037,664.1500000000037,664.1500000000037,660.2200000000001,660.2200000000001,664.3300000000037,660.3600000000001,660.3600000000001,660.3600000000001,660.3600000000001,660.3600000000001,660.3600000000001,660.3600000000001,664.5100000000036,660.6300000000001,660.6300000000001,660.6300000000001,660.6300000000001,660.6300000000001,660.6300000000001,664.6900000000037,660.7700000000001,660.7700000000001,660.7700000000001,660.7700000000001,660.7700000000001,660.7700000000001,660.7700000000001,660.7700000000001,664.8800000000036,660.9100000000001,660.9100000000001,660.9100000000001,665.0600000000037,665.0600000000037,665.0600000000037,661.0400000000001,661.0400000000001,665.2400000000036,661.1800000000001,661.3100000000001,665.4300000000037,661.44,661.44,661.44,661.44,661.5800000000002,661.5800000000002,665.8000000000036,665.8000000000036,665.8000000000036,665.8000000000036,665.8000000000036,661.7100000000002,661.7100000000002,661.7100000000002,661.7100000000002,661.8500000000001,665.9800000000035,661.9900000000001,666.1600000000036,666.1600000000036,662.1300000000001,662.1300000000001,662.1300000000001,662.1300000000001,662.1300000000001,662.1300000000001,666.3500000000035,666.3500000000035,666.3500000000035,666.3600000000035,662.2700000000002,662.2700000000002,662.4100000000002,662.4100000000002,662.4100000000002,662.4100000000002,666.5400000000036,666.5400000000036,666.5400000000036,666.5400000000036,666.5400000000036,662.5500000000002,666.7200000000036,666.7200000000036,666.7200000000036,662.6900000000002,662.6900000000002,662.6900000000002,662.6900000000002,662.8300000000002,662.8300000000002,667.1000000000035,667.1000000000035,662.8300000000002,662.8300000000002,662.8300000000002,662.8300000000002,662.8300000000002,667.4800000000035,662.9700000000001,667.6700000000036,667.6700000000036,662.9700000000001,667.6700000000036,667.6700000000036,667.6700000000036,663.1100000000001,667.8600000000037,667.8600000000037,667.8600000000037,667.8600000000037,667.8600000000037,667.8600000000037,667.8600000000037,667.8600000000037,667.8600000000037,667.8600000000037,667.8600000000037,667.8600000000037,663.2500000000001,668.0500000000036,663.4000000000002,663.4000000000002,663.4000000000002,663.4000000000002,663.4000000000002,663.5400000000002,663.6800000000002,663.6800000000002,668.4400000000036,668.4400000000036,668.4400000000036,663.8200000000002,663.8200000000002,663.8300000000002,663.8300000000002,663.8300000000002,663.8300000000002,668.6400000000036,663.8300000000002,663.9800000000002,664.1200000000002,664.1200000000002,664.1200000000002,664.1200000000002,664.1200000000002,664.1200000000002,664.1200000000002,669.0200000000036,664.2600000000002,669.2200000000037,669.2200000000037,669.2200000000037,664.4000000000002,664.4000000000002,669.4200000000036,669.4200000000036,669.4200000000036,664.4000000000002,664.5500000000003,669.6200000000036,664.7000000000003,669.8100000000036,669.8100000000036,669.8100000000036,664.8500000000003,664.8500000000003,670.0100000000036,670.0100000000036,665.0000000000002,665.0000000000002,665.0000000000002,670.2100000000037,670.2100000000037,670.2100000000037,670.2100000000037,670.2100000000037,665.2900000000003,670.4000000000036,670.4000000000036,670.4000000000036,670.4000000000036,670.4000000000036,665.2900000000003,665.2900000000003,670.6000000000037,670.6000000000037,665.4400000000003,665.4400000000003,665.4400000000003,665.4500000000003,670.7900000000037,670.7900000000037,670.7900000000037,670.7900000000037,665.4500000000003,670.9900000000036,670.9900000000036,670.9900000000036,665.6000000000003,671.1800000000037,671.1800000000037,671.1800000000037,665.7500000000002,671.1800000000037,665.9000000000002,665.9000000000002,671.3800000000036,665.9000000000002,665.9000000000002,665.9000000000002,665.9000000000002,671.5800000000037,671.5800000000037,666.0500000000002,671.7700000000037,671.7700000000037,666.0500000000002,666.0500000000002,666.0500000000002,666.2000000000002,671.9700000000037,671.9700000000037,671.9700000000037,666.3500000000003,666.3500000000003,666.3500000000003,672.1700000000037,666.5000000000002,666.5000000000002,666.6500000000002,672.3700000000036,666.6500000000002,666.6500000000002,666.6500000000002,666.8100000000003,666.8100000000003,666.8100000000003,672.5600000000037,672.5600000000037,672.7600000000037,672.7600000000037,666.9600000000003,666.9600000000003,667.1100000000002,667.1100000000002,667.1100000000002,667.1100000000002,673.1700000000037,667.2700000000002,667.2700000000002,667.4300000000002,673.3700000000036,673.3700000000036,673.3700000000036,667.5900000000001,673.5700000000037,667.7400000000002,673.7700000000037,673.7700000000037,673.7700000000037,673.7700000000037,673.7700000000037,667.8900000000002,668.0400000000002,668.0400000000002,673.9700000000037,668.1900000000002,668.2000000000002,668.2000000000002,674.1700000000037,674.1700000000037,674.1700000000037,674.1700000000037,674.1700000000037,674.1700000000037,668.3600000000002,674.3800000000037,668.5200000000002,668.5200000000002,668.6800000000002,674.5800000000037,668.6800000000002,668.6800000000002,668.6800000000002,668.6800000000002,668.6800000000002,668.6800000000002,674.7800000000037,668.8400000000001,668.8400000000001,669.0000000000001,675.1900000000037,675.1900000000037,675.1900000000037,675.1900000000037,669.1600000000002,669.3200000000002,669.3200000000002,669.3200000000002,669.3200000000002,675.4000000000036,675.4000000000036,675.4000000000036,669.4900000000001,675.8200000000037,675.8200000000037,669.8100000000002,676.0300000000036,676.0300000000036,676.0300000000036,676.0300000000036,676.0300000000036,676.0300000000036,676.0300000000036,676.0300000000036,676.0300000000036,676.0300000000036,676.0300000000036,676.0300000000036,676.0300000000036,676.0300000000036,676.0300000000036,676.0300000000036,676.0300000000036,676.0300000000036,676.0300000000036,670.1300000000001,676.2400000000035,676.2400000000035,676.2400000000035,670.3000000000002,676.4500000000036,670.4600000000002,676.4500000000036,676.6600000000036,676.6700000000036,676.6700000000036,676.6700000000036,676.6700000000036,676.6700000000036,676.6700000000036,676.6700000000036,670.6200000000001,676.8800000000036,676.8800000000036,670.7800000000001,670.7800000000001,670.7800000000001,670.7800000000001,670.7800000000001,670.7800000000001,677.0800000000036,677.0800000000036,670.95,670.95,670.95,670.95,670.95,670.95,670.95,677.0800000000036,671.11,677.2900000000036,677.5000000000035,671.2800000000001,671.2800000000001,671.2800000000001,677.7100000000036,677.7100000000036,677.7100000000036,671.45,677.7100000000036,677.7100000000036,677.7100000000036,677.7100000000036,671.7800000000001,671.7800000000001,671.7800000000001,677.9200000000036,677.9200000000036,671.94,671.94,671.94,671.94,677.9200000000036,677.9200000000036,677.9200000000036,677.9200000000036,672.1100000000001,672.1100000000001,672.2800000000001,672.2800000000001,678.1400000000036,678.1400000000036,678.3500000000037,678.3500000000037,678.3500000000037,678.3500000000037,672.6100000000001,672.6100000000001,672.6100000000001,672.6100000000001,678.5600000000036,678.5600000000036,678.5600000000036,672.6100000000001,672.6100000000001,672.7800000000001,672.7800000000001,672.95,672.95,672.95,672.95,672.95,672.95,678.7700000000036,678.7700000000036,678.7700000000036,673.2900000000001,673.2900000000001,673.2900000000001,678.7700000000036,678.7700000000036,673.4600000000002,673.4600000000002,673.4600000000002,673.4600000000002,673.4700000000001,673.4700000000001,673.4700000000001,673.4700000000001,673.4700000000001,673.4800000000001,673.4800000000001,673.4800000000001,673.4800000000001,673.4800000000001,673.4800000000001,673.4800000000001,673.4800000000001,673.4800000000001,673.4800000000001,678.9900000000036,678.9900000000036,678.9900000000036,678.9900000000036,673.6500000000001,673.6500000000001,673.6500000000001,673.6500000000001,673.6500000000001,673.6500000000001,673.8200000000002,678.9900000000036,678.9900000000036,674.0000000000001,674.0000000000001,674.0000000000001,674.0000000000001,679.2100000000037,679.2100000000037,674.1700000000002,674.1700000000002,679.4300000000036,674.3500000000001,674.3500000000001,679.6500000000036,679.6500000000036,679.6500000000036,679.6500000000036,679.6500000000036,679.6500000000036,679.6500000000036,679.6500000000036,679.6500000000036,679.6500000000036,674.5200000000001,674.5200000000001,674.5200000000001,674.7,674.7,674.7,674.7,674.7,674.7,679.8700000000036,674.7,674.7,674.7,674.7,674.7,674.7,674.7,674.8800000000001,674.8800000000001,674.8800000000001,674.8800000000001,674.8800000000001,674.8800000000001,680.0900000000037,675.0600000000001,675.0600000000001,675.07,680.3100000000037,680.3100000000037,680.3100000000037,680.3100000000037,680.5200000000036,680.5200000000036,680.5200000000036,680.5200000000036,680.5200000000036,675.2400000000001,675.2400000000001,675.4200000000001,675.4200000000001,675.4200000000001,675.59,675.59,680.7300000000035,675.59,680.7300000000035,675.59,680.7300000000035,680.7300000000035,680.7300000000035,675.77,675.77,675.77,675.77,675.77,680.9500000000036,680.9500000000036,680.9500000000036,680.9500000000036,680.9500000000036,680.9500000000036,680.9500000000036,680.9500000000036,675.95,675.95,675.96,675.96,675.96,681.1700000000036,676.14,676.14,676.14,676.14,676.14,676.14,676.14,681.1700000000036,681.1700000000036,681.1700000000036,681.1700000000036,681.1700000000036,681.1700000000036,681.1700000000036,681.1700000000036,676.3199999999999,676.3199999999999,676.3199999999999,676.3199999999999,676.3199999999999,676.3299999999999,676.3299999999999,676.51,676.51,676.51,676.51,676.51,676.51,676.51,676.51,676.51,676.51,676.51,676.51,676.51,676.51,681.3900000000035,676.6899999999999,676.6899999999999,676.86,676.86,676.86,676.86,676.86,681.6100000000035,677.04,677.04,681.6100000000035,681.6100000000035,677.22,677.22,677.22,681.8300000000036,681.8300000000036,681.8300000000036,681.8300000000036,677.4,677.4,682.0600000000036,677.58,677.58,677.58,677.58,677.58,677.58,677.58,677.58,677.58,682.0600000000036,682.0600000000036,677.77,677.95,677.95,677.95,677.95,677.95,677.95,677.95,682.3000000000036,678.13,678.13,682.5400000000036,678.32,678.32,678.32,678.32,678.32,678.32,678.32,678.32,678.32,678.32,682.7700000000036,678.5000000000001,682.7700000000036,682.7700000000036,682.7700000000036,682.7700000000036,682.7800000000036,682.7800000000036,678.69,678.69,678.69,678.69,683.0000000000036,683.0000000000036,678.8700000000001,683.0000000000036,678.8700000000001,683.0000000000036,683.0100000000036,679.0500000000001,679.0500000000001,679.0500000000001,679.0500000000001,679.0500000000001,679.0500000000001,683.2300000000037,683.4600000000037,683.4600000000037,683.4600000000037,683.4600000000037,683.4600000000037,679.4100000000001,683.6900000000036,679.5900000000001,679.5900000000001,679.5900000000001,679.5900000000001,679.5900000000001,679.5900000000001,679.5900000000001,679.5900000000001,679.5900000000001,679.5900000000001,679.5900000000001,679.5900000000001,679.5900000000001,683.9200000000036,683.9200000000036,679.7700000000001,679.9500000000002,680.1400000000001,680.1400000000001,684.1600000000036,680.3300000000002,684.1600000000036,684.1600000000036,684.1600000000036,684.1600000000036,684.1600000000036,684.1600000000036,684.1600000000036,684.1600000000036,684.3800000000036,680.7000000000002,680.7000000000002,680.7000000000002,684.3800000000036,684.3800000000036,680.8900000000002,680.8900000000002,681.0800000000002,681.2700000000002,684.6000000000035,684.6000000000035,684.6000000000035,681.4600000000002,684.8300000000036,681.6500000000002,685.0600000000036,685.2900000000036,681.8400000000001,681.8400000000001,681.8400000000001,682.0200000000001,685.5200000000036,685.5200000000036,682.2100000000002,682.2100000000002,682.2100000000002,682.2100000000002,685.7600000000036,682.4000000000001,685.9900000000036,685.9900000000036,685.9900000000036,685.9900000000036,685.9900000000036,685.9900000000036,685.9900000000036,682.5900000000001,685.9900000000036,685.9900000000036,682.7800000000001,682.9700000000001,682.9700000000001,682.9700000000001,685.9900000000036,685.9900000000036,683.1600000000002,683.1600000000002,683.1600000000002,683.1600000000002,683.1600000000002,685.9900000000036,685.9900000000036,685.9900000000036,685.9900000000036,683.3500000000001,683.3500000000001,686.2200000000037,683.5400000000002,683.5400000000002,683.5400000000002,683.5400000000002,686.2200000000037,686.2200000000037,686.2200000000037,683.7300000000001,683.7300000000001,686.4500000000037,686.4500000000037,686.4500000000037,684.1100000000001,684.1100000000001,686.6800000000037,686.6800000000037,686.6800000000037,686.6800000000037,684.3100000000002,686.9100000000037,686.9100000000037,686.9100000000037,684.5000000000002,684.5000000000002,684.5000000000002,687.1400000000037,684.7000000000002,684.7000000000002,687.3700000000038,687.3700000000038,684.8900000000002,684.8900000000002,684.8900000000002,687.6000000000038,687.6000000000038,687.6000000000038,685.0900000000003,685.0900000000003,685.0900000000003,685.0900000000003,685.0900000000003,685.0900000000003,685.0900000000003,685.0900000000003,685.0900000000003,685.0900000000003,685.0900000000003,687.8300000000038,687.8300000000038,685.2900000000002,687.8300000000038,687.8300000000038,687.8300000000038,687.8300000000038,687.8300000000038,687.8300000000038,687.8300000000038,687.8300000000038,687.8300000000038,687.8300000000038,687.8300000000038,687.8300000000038,687.8300000000038,687.8300000000038,687.8300000000038,687.8300000000038,687.8300000000038,687.8300000000038,687.8300000000038,687.8300000000038,687.8300000000038,687.8300000000038,687.8300000000038,687.8300000000038,687.8300000000038,687.8300000000038,687.8300000000038,687.8300000000038,687.8300000000038,687.8300000000038,687.8300000000038,687.8300000000038,687.8400000000038,687.8400000000038,687.8400000000038,687.8400000000038,687.8400000000038,687.8400000000038,687.8400000000038,687.8400000000038,687.8400000000038,687.8400000000038,687.8400000000038,687.8400000000038,687.8400000000038,687.8400000000038,687.8500000000038,687.8500000000038,687.8500000000038,687.8500000000038,687.8500000000038,687.8500000000038,687.8500000000038,687.8500000000038,687.8500000000038,687.8500000000038,687.8500000000038,687.8500000000038,687.8500000000038,687.8500000000038,687.8600000000038,687.8600000000038,687.8600000000038,687.8600000000038,687.8600000000038,687.8600000000038,687.8600000000038,687.8600000000038,685.4800000000002,685.6700000000002,688.1000000000038,688.1000000000038,688.1000000000038,688.1000000000038,688.1000000000038,688.1000000000038,688.1000000000038,688.1000000000038,688.1000000000038,688.1000000000038,688.1000000000038,688.1000000000038,688.1000000000038,688.1000000000038,688.1000000000038,688.1000000000038,685.8700000000002,688.1000000000038,688.1000000000038,686.0700000000003,688.3400000000038,688.3400000000038,688.3400000000038,688.3400000000038,688.3400000000038,688.3400000000038,688.3400000000038,688.3400000000038,686.2700000000002,686.4600000000003,686.4600000000003,686.4600000000003,686.4600000000003,688.5700000000038,688.5700000000038,688.5700000000038,688.5700000000038,688.5700000000038,688.5700000000038,688.5700000000038,688.5700000000038,688.5700000000038,686.6600000000002,688.8000000000038,688.8000000000038,686.8600000000002,686.8600000000002,686.8600000000002,689.0300000000038,689.0300000000038,689.0300000000038,689.0300000000038,687.0700000000003,689.2700000000038,689.2700000000038,689.2700000000038,689.2700000000038,689.2700000000038,687.2800000000002,687.2800000000002,689.5100000000039,689.5100000000039,687.2800000000002,687.2800000000002,687.2800000000002,689.5100000000039,689.5100000000039,689.5100000000039,689.5100000000039,689.5100000000039,687.5000000000002,687.5000000000002,687.7100000000003,687.7100000000003,687.7100000000003,689.7500000000039,689.7500000000039,689.7500000000039,689.7500000000039,689.7500000000039,687.9200000000002,687.9200000000002,689.9900000000039,689.9900000000039,689.9900000000039,689.9900000000039,688.1300000000002,688.1300000000002,688.1300000000002,688.1300000000002,688.1300000000002,690.2300000000039,690.2300000000039,690.2300000000039,690.2300000000039,690.2300000000039,690.2300000000039,690.2300000000039,690.4700000000039,690.4700000000039,688.3400000000003,688.3400000000003,688.3400000000003,688.3400000000003,688.3400000000003,688.3400000000003,690.7100000000039,690.7100000000039,690.7100000000039,688.5500000000003,690.9500000000039,690.9500000000039,690.9500000000039,690.9500000000039,690.9500000000039,690.9500000000039,690.9500000000039,690.9500000000039,690.9500000000039,690.9500000000039,690.9500000000039,690.9600000000039,690.9600000000039,690.9600000000039,690.9600000000039,690.9600000000039,688.7500000000002,688.7500000000002,688.9500000000003,688.9500000000003,688.9500000000003,688.9500000000003,691.2000000000039,691.2000000000039,689.1600000000003,689.1600000000003,689.1700000000003,689.1700000000003,689.1700000000003,691.4500000000039,691.4500000000039,691.4500000000039,691.4500000000039,691.4500000000039,691.7000000000039,689.3800000000002,689.3800000000002,689.3800000000002,691.9400000000039,691.9400000000039,689.5800000000003,689.5800000000003,692.1800000000039,692.1800000000039,689.7800000000002,689.9800000000002,692.4300000000039,692.4300000000039,692.4300000000039,692.4300000000039,692.4300000000039,692.4300000000039,690.1800000000003,692.6800000000039,692.6800000000039,692.6800000000039,690.3900000000002,690.3900000000002,692.9200000000039,692.9200000000039,690.6000000000003,690.6000000000003,690.6000000000003,693.160000000004,693.160000000004,690.8000000000003,690.8000000000003,690.8000000000003,693.410000000004,693.410000000004,693.410000000004,693.410000000004,693.410000000004,693.410000000004,693.410000000004,693.410000000004,693.410000000004,693.410000000004,693.410000000004,690.8000000000003,690.8100000000004,693.650000000004,693.650000000004,693.650000000004,693.650000000004,693.650000000004,693.650000000004,691.0200000000004,691.0200000000004,691.0200000000004,691.0200000000004,691.0200000000004,691.2300000000005,691.2300000000005,693.900000000004,693.900000000004,693.900000000004,693.900000000004,693.900000000004,693.900000000004,693.9100000000041,693.9100000000041,693.9100000000041,693.9100000000041,693.9100000000041,691.4400000000004,691.4400000000004,691.4400000000004,691.4400000000004,691.4400000000004,691.4400000000004,691.4400000000004,691.4400000000004,691.4400000000004,694.1600000000041,694.1600000000041,694.1600000000041,694.1600000000041,694.1600000000041,694.1600000000041,694.1600000000041,694.1600000000041,694.1600000000041,694.1600000000041,694.1600000000041,694.1600000000041,694.1600000000041,694.1600000000041,694.1600000000041,694.1600000000041,694.1600000000041,691.6500000000004,694.1600000000041,691.6500000000004,694.1600000000041,694.1600000000041,691.6500000000004,694.1600000000041,691.6500000000004,694.1600000000041,691.6500000000004,694.1600000000041,691.6500000000004,694.170000000004,694.170000000004,694.170000000004,694.170000000004,694.170000000004,694.170000000004,694.170000000004,691.8600000000005,694.420000000004,694.420000000004,694.420000000004,691.8600000000005,694.6600000000041,694.6600000000041,694.6600000000041,694.6600000000041,694.6600000000041,694.6600000000041,694.6600000000041,694.6600000000041,694.6600000000041,694.6600000000041,692.0700000000004,694.9100000000041,694.920000000004,694.920000000004,694.920000000004,694.920000000004,694.920000000004,694.920000000004,694.920000000004,694.920000000004,694.920000000004,694.920000000004,694.920000000004,694.920000000004,694.920000000004,694.920000000004,694.920000000004,692.2800000000004,694.920000000004,692.2800000000004,692.2800000000004,692.2800000000004,692.2800000000004,692.2800000000004,692.2800000000004,692.2800000000004,692.2800000000004,692.2800000000004,695.170000000004,695.170000000004,695.170000000004,695.170000000004,695.170000000004,695.170000000004,695.170000000004,695.170000000004,692.2800000000004,692.2800000000004,692.2800000000004,692.2800000000004,692.2800000000004,692.2800000000004,692.2800000000004,692.2800000000004,692.2800000000004,692.2800000000004,695.420000000004,695.420000000004,695.680000000004,695.680000000004,692.4900000000004,695.680000000004,695.680000000004,692.4900000000004,692.5000000000003,692.5000000000003,695.930000000004,695.930000000004,695.930000000004,695.930000000004,692.7100000000004,692.7100000000004,692.7100000000004,692.7100000000004,696.180000000004,692.7100000000004,696.180000000004,696.180000000004,696.180000000004,696.180000000004,696.180000000004,696.180000000004,696.180000000004,692.7100000000004,692.7100000000004,692.7100000000004,696.430000000004,696.430000000004,696.430000000004,696.430000000004,696.430000000004,696.430000000004,692.7100000000004,692.7100000000004,692.7100000000004,696.680000000004,692.7100000000004,692.7100000000004,696.940000000004,696.940000000004,696.940000000004,696.940000000004,696.940000000004,696.940000000004,696.940000000004,696.940000000004,696.940000000004,696.940000000004,696.940000000004,696.940000000004,696.940000000004,696.940000000004,696.940000000004,696.940000000004,696.940000000004,696.950000000004,696.950000000004,696.950000000004,696.950000000004,696.950000000004,696.950000000004,696.950000000004,696.950000000004,696.950000000004,696.950000000004,692.7100000000004,696.950000000004,696.950000000004,696.950000000004,696.950000000004,692.9200000000004,697.210000000004,697.210000000004,697.210000000004,697.210000000004,692.9200000000004,697.460000000004,697.460000000004,697.460000000004,697.460000000004,693.1300000000003,693.1300000000003,693.1300000000003,693.1300000000003,693.1300000000003,697.710000000004,693.3500000000003,697.960000000004,697.960000000004,697.960000000004,697.960000000004,697.960000000004,697.960000000004,693.5700000000003,693.7800000000003,693.7800000000003,693.7800000000003,698.220000000004,698.220000000004,698.220000000004,698.220000000004,698.220000000004,694.0000000000003,694.0000000000003,694.0000000000003,694.0000000000003,694.0000000000003,694.0000000000003,694.0000000000003,694.0000000000003,694.0100000000003,694.0100000000003,698.470000000004,698.470000000004,698.470000000004,698.470000000004,694.2300000000002,694.2300000000002,698.7300000000041,698.7300000000041,694.4500000000003,694.4500000000003,694.4500000000003,694.4500000000003,694.4500000000003,694.4500000000003,694.4500000000003,699.0000000000041,699.0000000000041,694.6700000000003,699.2700000000041,694.8900000000003,694.8900000000003,694.8900000000003,694.8900000000003,699.5200000000041,699.5200000000041,699.5200000000041,699.5200000000041,699.5300000000041,694.8900000000003,695.1100000000002,699.5300000000041,695.1100000000002,699.790000000004,699.790000000004,699.790000000004,699.790000000004,699.790000000004,695.3300000000003,700.0600000000042,700.0600000000042,700.0600000000042,695.3300000000003,695.3300000000003,695.3300000000003,700.3300000000041,700.3300000000041,700.3300000000041,695.5500000000003,695.5500000000003,700.5900000000041,700.5900000000041,700.5900000000041,695.5500000000003,700.5900000000041,700.5900000000041,700.5900000000041,700.5900000000041,695.5500000000003,695.5500000000003,695.5500000000003,695.5500000000003,701.2100000000041,701.2100000000041,701.2100000000041,701.2100000000041,701.2100000000041,701.2100000000041,695.7700000000003,695.7700000000003,695.7700000000003,701.4700000000041,701.4700000000041,701.4700000000041,701.4700000000041,695.9900000000002,701.7300000000041,701.7300000000041,701.7300000000041,701.7300000000041,701.7300000000041,701.7300000000041,701.7300000000041,701.7300000000041,701.7300000000041,701.7300000000041,701.7300000000041,701.7300000000041,701.7300000000041,701.7300000000041,701.7300000000041,701.7300000000041,701.7400000000041,696.2100000000003,696.2100000000003,696.2100000000003,696.2100000000003,696.2100000000003,696.2100000000003,702.0000000000041,702.0000000000041,696.2100000000003,702.0000000000041,702.0000000000041,696.4300000000003,696.4300000000003,696.4300000000003,702.2700000000041,702.2700000000041,702.2700000000041,702.2700000000041,702.2700000000041,702.2700000000041,696.4300000000003,696.4300000000003,696.4300000000003,702.540000000004,702.540000000004,702.550000000004,702.550000000004,696.4300000000003,696.4300000000003,696.4300000000003,702.8100000000042,702.8100000000042,702.8100000000042,702.8100000000042,702.8100000000042,702.8100000000042,702.8100000000042,702.8100000000042,702.8100000000042,696.6500000000003,696.6500000000003,702.8100000000042,702.8100000000042,702.8100000000042,702.8100000000042,702.8100000000042,702.8100000000042,696.8700000000003,702.8100000000042,702.8100000000042,696.8700000000003,702.8100000000042,696.8700000000003,702.8100000000042,696.8700000000003,702.8100000000042,702.8100000000042,702.8100000000042,702.8100000000042,697.1000000000004,702.8100000000042,702.8100000000042,697.3200000000003,697.3200000000003,697.3200000000003,702.8100000000042,702.8100000000042,702.8100000000042,702.8100000000042,702.8100000000042,702.8100000000042,702.8100000000042,702.8100000000042,702.8100000000042,702.8100000000042,702.8100000000042,702.8100000000042,702.8100000000042,702.8100000000042,702.8100000000042,702.8100000000042,702.8100000000042,702.8100000000042,702.8100000000042,702.8100000000042,702.8100000000042,702.8100000000042,702.8100000000042,702.8100000000042,702.8100000000042,702.8100000000042,702.8100000000042,702.8100000000042,702.8100000000042,702.8100000000042,702.8100000000042,702.8100000000042,702.8100000000042,702.8100000000042,702.8100000000042,702.8100000000042,702.8100000000042,702.8100000000042,702.8100000000042,702.8100000000042,702.8100000000042,702.8100000000042,702.8100000000042,702.8100000000042,702.8100000000042,702.8100000000042,702.8100000000042,702.8100000000042,697.5500000000002,702.8100000000042,697.5500000000002,702.8100000000042,697.5500000000002,702.8100000000042,697.5500000000002,702.8100000000042,702.8100000000042,702.8100000000042,702.8100000000042,702.8100000000042,702.8100000000042,702.8100000000042,702.8100000000042,702.8100000000042,702.8100000000042,702.8100000000042,702.8100000000042,702.8100000000042,702.8100000000042,702.8100000000042,702.8100000000042,702.8100000000042,702.8100000000042,702.8100000000042,702.8100000000042,702.8100000000042,702.8200000000041,702.8200000000041,702.8200000000041,702.8200000000041,702.8200000000041,702.8300000000041,702.8300000000041,702.8300000000041,702.8300000000041,702.8300000000041,702.8300000000041,702.8300000000041,702.8300000000041,702.8300000000041,702.8300000000041,702.8300000000041,702.8300000000041,702.8300000000041,702.8300000000041,702.8300000000041,702.8300000000041,702.8300000000041,702.8300000000041,702.8300000000041,702.8300000000041,702.8300000000041,702.8300000000041,702.8300000000041,702.8300000000041,702.8300000000041,702.8300000000041,702.8300000000041,702.8300000000041,702.8300000000041,702.8300000000041,702.8300000000041,702.8300000000041,702.8300000000041,702.8300000000041,702.8300000000041,702.8300000000041,702.8300000000041,702.8300000000041,702.8300000000041,702.8300000000041,702.8300000000041,702.8300000000041,702.8300000000041,702.8300000000041,702.8300000000041,702.8300000000041,702.8300000000041,702.8300000000041,702.8300000000041,702.8300000000041,702.8300000000041,702.8300000000041,702.8300000000041,702.8300000000041,702.8300000000041,702.8300000000041,702.8300000000041,702.8300000000041,697.5500000000002,702.8300000000041,702.8300000000041,702.8300000000041,702.8300000000041,702.8300000000041,702.8300000000041,702.8300000000041,702.8300000000041,702.8300000000041,702.8300000000041,702.8300000000041,702.8300000000041,702.8300000000041,702.8300000000041,702.8300000000041,702.8300000000041,702.8300000000041,702.8300000000041,702.8300000000041,702.8300000000041,702.8300000000041,702.8300000000041,702.8300000000041,702.8300000000041,702.8300000000041,702.8300000000041,702.8300000000041,702.8300000000041,702.8300000000041,702.8400000000041,702.8400000000041,702.8400000000041,702.8400000000041,702.8400000000041,702.8400000000041,702.8400000000041,702.8400000000041,702.8400000000041,702.8500000000041,702.8500000000041,702.8500000000041,702.8500000000041,702.8500000000041,702.8500000000041,702.8500000000041,702.8500000000041,702.8500000000041,702.8500000000041,702.8500000000041,702.8500000000041,702.8500000000041,702.8500000000041,702.8500000000041,702.8500000000041,702.8500000000041,702.8500000000041,702.8500000000041,702.8500000000041,702.8500000000041,702.8500000000041,702.8500000000041,702.8500000000041,702.8500000000041,702.8600000000041,702.8600000000041,702.8600000000041,702.8600000000041,702.8600000000041,702.8600000000041,702.8600000000041,702.8600000000041,702.8600000000041,702.8600000000041,702.8600000000041,702.8600000000041,702.8600000000041,697.5500000000002,702.8600000000041,697.5500000000002,702.8600000000041,702.8600000000041,702.8600000000041,702.8600000000041,702.8600000000041,702.8600000000041,702.8600000000041,702.8600000000041,702.8600000000041,702.8600000000041,702.8600000000041,702.8600000000041,702.8600000000041,702.8600000000041,702.8600000000041,702.8600000000041,702.8600000000041,702.8600000000041,702.8600000000041,702.8600000000041,702.8600000000041,702.8600000000041,702.8600000000041,702.8600000000041,702.8600000000041,702.8600000000041,702.8600000000041,702.8600000000041,702.8600000000041,702.8600000000041,702.8600000000041,702.8600000000041,702.8600000000041,702.8600000000041,702.8600000000041,702.8600000000041,702.8700000000041,702.8700000000041,702.8700000000041,702.8700000000041,702.8700000000041,702.8700000000041,702.8700000000041,702.8700000000041,702.8700000000041,702.8700000000041,702.8700000000041,702.8700000000041,702.8700000000041,702.8700000000041,702.8700000000041,702.8700000000041,702.8700000000041,702.8700000000041,702.8700000000041,702.8700000000041,702.8700000000041,702.8700000000041,702.8700000000041,702.8700000000041,702.8700000000041,702.8700000000041,702.8700000000041,702.8700000000041,702.8700000000041,702.8700000000041,702.8700000000041,702.8800000000041,702.8800000000041,702.8800000000041,702.8800000000041,702.8800000000041,702.8800000000041,702.8800000000041,702.8800000000041,702.8800000000041,702.8800000000041,702.8800000000041,702.8800000000041,702.8800000000041,702.8800000000041,697.7800000000002,702.8800000000041,702.8800000000041,702.8800000000041,702.8800000000041,702.8800000000041,702.8800000000041,702.8800000000041,697.7800000000002,697.7800000000002,702.8800000000041,702.8800000000041,702.8800000000041,702.8800000000041,702.8800000000041,702.8800000000041,702.8800000000041,702.8800000000041,702.8800000000041,702.8800000000041,702.8800000000041,702.8800000000041,702.8900000000041,702.8900000000041,702.8900000000041,702.8900000000041,702.8900000000041,702.8900000000041,702.8900000000041,702.8900000000041,702.8900000000041,702.8900000000041,702.8900000000041,702.8900000000041,702.8900000000041,702.8900000000041,702.8900000000041,702.8900000000041,702.8900000000041,702.8900000000041,702.8900000000041,702.8900000000041,702.8900000000041,702.8900000000041,702.8900000000041,702.8900000000041,702.8900000000041,702.8900000000041,702.8900000000041,702.8900000000041,702.8900000000041,702.8900000000041,702.8900000000041,702.8900000000041,702.8900000000041,702.8900000000041,702.8900000000041,702.8900000000041,702.8900000000041,702.8900000000041,702.8900000000041,702.8900000000041,702.8900000000041,702.8900000000041,702.8900000000041,702.8900000000041,702.8900000000041,702.8900000000041,702.8900000000041,702.8900000000041,702.8900000000041,702.8900000000041,702.8900000000041,702.8900000000041,697.7800000000002,702.8900000000041,702.8900000000041,702.8900000000041,702.8900000000041,702.8900000000041,702.8900000000041,702.8900000000041,702.8900000000041,702.8900000000041,702.8900000000041,702.8900000000041,702.8900000000041,702.8900000000041,702.8900000000041,702.8900000000041,702.8900000000041,702.8900000000041,702.8900000000041,702.8900000000041,702.8900000000041,702.8900000000041,702.8900000000041,702.8900000000041,702.8900000000041,702.8900000000041,702.8900000000041,702.8900000000041,702.8900000000041,702.8900000000041,702.8900000000041,702.8900000000041,702.8900000000041,702.8900000000041,702.8900000000041,702.9000000000041,702.9000000000041,702.9000000000041,702.9000000000041,702.9000000000041,702.9000000000041,702.9000000000041,702.9000000000041,702.9000000000041,702.9100000000041,702.9100000000041,702.9100000000041,702.9100000000041,702.9100000000041,702.9100000000041,702.9100000000041,702.9100000000041,702.9100000000041,702.9100000000041,702.9100000000041,702.9100000000041,702.9100000000041,702.9100000000041,702.9100000000041,702.9100000000041,702.9100000000041,702.9100000000041,702.9100000000041,702.9100000000041,702.9100000000041,702.9100000000041,702.9100000000041,702.9100000000041,702.9100000000041,702.9100000000041,702.9100000000041,702.9100000000041,702.9100000000041,702.9100000000041,702.9100000000041,702.9100000000041,702.9100000000041,702.9100000000041,702.9100000000041,702.9100000000041,698.0100000000001,702.9100000000041,698.0100000000001,702.9100000000041,702.9100000000041,702.9100000000041,702.9100000000041,702.9100000000041,702.9100000000041,702.9100000000041,702.9100000000041,702.9100000000041,702.9100000000041,702.9100000000041,702.9100000000041,702.9100000000041,702.9100000000041,702.9100000000041,702.9100000000041,702.9100000000041,702.9100000000041,702.9100000000041,702.9100000000041,702.9200000000042,702.9200000000042,702.9200000000042,702.9200000000042,702.9200000000042,702.9200000000042,702.9200000000042,702.9200000000042,702.9200000000042,702.9200000000042,702.9200000000042,702.9200000000042,702.9200000000042,702.9200000000042,702.9200000000042,702.9200000000042,702.9200000000042,702.9200000000042,702.9200000000042,702.9200000000042,702.9200000000042,702.9200000000042,702.9200000000042,702.9200000000042,702.9200000000042,702.9200000000042,702.9200000000042,702.9200000000042,702.9200000000042,702.9200000000042,702.9200000000042,702.9200000000042,702.9200000000042,702.9200000000042,702.9200000000042,702.9200000000042,702.9200000000042,702.9200000000042,702.9200000000042,702.9200000000042,702.9200000000042,702.9200000000042,702.9200000000042,702.9200000000042,702.9200000000042,702.9200000000042,702.9200000000042,702.9200000000042,702.9200000000042,702.9200000000042,702.9200000000042,702.9200000000042,702.9200000000042,702.9200000000042,702.9200000000042,702.9200000000042,702.9200000000042,702.9300000000042,702.9300000000042,698.2400000000001,702.9300000000042,698.2400000000001,702.9300000000042,702.9300000000042,702.9300000000042,702.9300000000042,702.9300000000042,702.9300000000042,702.9300000000042,702.9300000000042,702.9300000000042,702.9300000000042,702.9300000000042,702.9300000000042,702.9300000000042,702.9300000000042,702.9300000000042,702.9300000000042,702.9300000000042,702.9300000000042,702.9300000000042,702.9300000000042,702.9300000000042,702.9300000000042,702.9300000000042,702.9300000000042,702.9300000000042,702.9300000000042,702.9300000000042,702.9300000000042,702.9400000000041,702.9400000000041,702.9400000000041,702.9400000000041,702.9400000000041,702.9400000000041,702.9400000000041,702.9400000000041,702.9400000000041,702.9400000000041,702.9400000000041,702.9400000000041,702.9400000000041,702.9400000000041,702.9400000000041,702.9400000000041,702.9400000000041,702.9400000000041,702.9400000000041,702.9400000000041,702.9400000000041,702.9400000000041,702.9400000000041,702.9400000000041,702.9400000000041,702.9400000000041,702.9400000000041,702.9400000000041,702.9400000000041,702.9400000000041,702.9400000000041,702.9400000000041,702.9400000000041,702.9400000000041,702.9400000000041,702.9400000000041,702.9400000000041,702.9400000000041,702.9400000000041,702.9500000000041,702.9500000000041,702.9500000000041,702.9500000000041,702.9500000000041,702.9500000000041,702.9500000000041,698.4700000000001,702.9500000000041,698.4700000000001,702.9500000000041,698.4700000000001,702.9500000000041,698.4700000000001,702.9500000000041,698.4700000000001,702.9500000000041,698.4700000000001,702.9500000000041,702.9500000000041,702.9500000000041,702.9500000000041,702.9500000000041,702.9500000000041,702.9500000000041,702.9500000000041,702.9500000000041,702.9500000000041,702.9500000000041,702.9500000000041,702.9500000000041,702.9500000000041,702.9500000000041,702.9500000000041,702.9500000000041,702.9500000000041,702.9500000000041,702.9500000000041,702.9500000000041,702.9500000000041,702.9500000000041,702.9500000000041,702.9500000000041,702.9500000000041,702.9500000000041,702.9500000000041,702.9500000000041,702.9500000000041,702.9500000000041,702.9500000000041,702.9500000000041,702.9500000000041,702.9500000000041,702.9500000000041,702.9500000000041,702.9500000000041,702.9500000000041,702.9500000000041,702.9500000000041,702.9500000000041,702.9500000000041,702.9500000000041,702.9500000000041,702.9500000000041,702.9500000000041,702.9500000000041,702.9500000000041,702.9500000000041,702.9500000000041,702.9500000000041,702.9500000000041,702.9500000000041,702.9500000000041,702.9500000000041,702.9500000000041,702.9600000000041,702.9600000000041,702.9600000000041,702.9600000000041,702.9600000000041,702.9600000000041,702.9600000000041,702.9600000000041,702.9600000000041,702.9600000000041,702.9600000000041,702.9600000000041,702.9600000000041,702.9600000000041,702.9600000000041,702.9600000000041,698.4700000000001,702.9600000000041,702.9600000000041,702.9600000000041,702.9600000000041,702.9600000000041,702.9600000000041,702.9600000000041,702.9600000000041,702.9600000000041,702.9600000000041,702.9600000000041,702.9600000000041,702.9600000000041,702.9600000000041,702.9600000000041,702.9600000000041,702.9600000000041,702.9600000000041,702.9600000000041,702.9600000000041,702.9600000000041,702.9600000000041,702.9600000000041,702.9600000000041,702.9600000000041,702.9600000000041,702.9600000000041,702.9600000000041,702.9600000000041,702.9600000000041,702.9600000000041,702.9600000000041,702.9600000000041,702.9600000000041,702.9600000000041,702.9600000000041,702.9600000000041,702.9600000000041,702.9700000000041,702.9700000000041,702.9700000000041,702.9700000000041,702.9700000000041,702.9700000000041,702.9700000000041,702.9700000000041,702.9700000000041,702.9700000000041,702.9700000000041,702.9700000000041,702.9700000000041,702.9700000000041,702.9700000000041,702.9700000000041,702.9700000000041,702.9700000000041,702.9700000000041,702.9700000000041,702.9700000000041,702.9700000000041,702.9700000000041,702.9700000000041,702.9700000000041,702.9700000000041,702.9700000000041,702.9700000000041,702.9700000000041,702.9700000000041,702.9700000000041,702.9700000000041,702.9700000000041,702.9700000000041,702.9700000000041,702.9700000000041,702.9700000000041,702.9700000000041,702.9700000000041,702.9700000000041,702.9700000000041,702.9700000000041,702.9700000000041,702.9700000000041,702.9700000000041,698.7000000000002,702.9700000000041,698.7000000000002,702.9700000000041,702.9700000000041,702.9700000000041,702.9700000000041,702.9700000000041,702.9800000000041,702.9800000000041,702.9800000000041,702.9800000000041,702.9800000000041,702.9800000000041,702.9800000000041,702.9800000000041,702.9800000000041,702.9800000000041,702.9800000000041,702.9800000000041,702.9800000000041,702.9800000000041,702.9800000000041,702.9800000000041,702.9800000000041,702.9800000000041,702.9900000000041,702.9900000000041,702.9900000000041,702.9900000000041,702.9900000000041,702.9900000000041,702.9900000000041,702.9900000000041,702.9900000000041,702.9900000000041,702.9900000000041,702.9900000000041,702.9900000000041,702.9900000000041,702.9900000000041,702.9900000000041,702.9900000000041,702.9900000000041,702.9900000000041,702.9900000000041,702.9900000000041,702.9900000000041,703.0000000000041,703.0000000000041,703.0000000000041,703.0000000000041,703.0000000000041,703.0000000000041,703.0000000000041,703.0000000000041,703.0000000000041,703.0000000000041,703.0000000000041,703.0000000000041,703.0000000000041,703.0000000000041,703.0000000000041,703.0000000000041,703.0000000000041,703.0000000000041,703.0000000000041,703.0000000000041,703.0000000000041,703.0000000000041,703.0000000000041,703.0000000000041,703.0000000000041,703.0000000000041,703.0000000000041,703.0000000000041,703.0000000000041,703.0000000000041,703.0000000000041,703.0000000000041,703.0000000000041,703.0000000000041,703.0000000000041,703.0000000000041,703.0000000000041,703.0000000000041,698.7000000000002,703.0000000000041,703.0000000000041,703.0000000000041,703.0000000000041,703.0000000000041,703.0000000000041,703.0000000000041,703.0000000000041,703.0000000000041,703.0000000000041,703.0000000000041,703.0000000000041,703.0000000000041,703.0000000000041,703.0000000000041,703.0000000000041,703.0000000000041,703.0000000000041,703.0000000000041,703.0000000000041,703.0000000000041,703.0000000000041,703.0000000000041,703.0000000000041,703.0000000000041,703.0000000000041,703.0000000000041,703.0000000000041,703.0000000000041,703.0000000000041,703.0000000000041,703.0000000000041,703.0000000000041,703.0000000000041,703.0000000000041,703.0000000000041,703.0000000000041,703.0000000000041,703.0000000000041,703.0000000000041,703.0000000000041,703.0000000000041,703.0000000000041,703.0000000000041,703.0000000000041,703.0000000000041,703.0000000000041,703.0000000000041,703.0000000000041,703.0000000000041,703.0000000000041,703.0000000000041,703.0000000000041,703.0000000000041,703.0000000000041,703.0000000000041,703.0000000000041,703.0000000000041,703.0000000000041,703.0000000000041,703.0000000000041,703.0000000000041,703.0000000000041,703.0000000000041,703.0000000000041,703.0000000000041,703.0000000000041,703.0000000000041,703.0000000000041,703.0000000000041,703.0000000000041,703.0000000000041,703.0000000000041,703.0000000000041,703.0000000000041,703.0000000000041,703.0000000000041,703.0000000000041,703.0000000000041,703.0000000000041,703.0000000000041,698.9300000000002,703.0000000000041,703.0000000000041,703.0000000000041,703.0000000000041,703.0000000000041,703.0000000000041,703.0000000000041,703.0000000000041,703.0000000000041,703.0000000000041,703.0000000000041,703.0000000000041,703.0000000000041,703.0000000000041,703.0000000000041,703.0000000000041,703.0000000000041,703.0000000000041,703.0000000000041,703.0000000000041,703.0000000000041,703.0000000000041,703.0000000000041,703.0100000000041,703.0100000000041,703.0100000000041,703.0100000000041,703.0100000000041,703.0100000000041,703.0100000000041,703.0100000000041,703.0100000000041,703.0100000000041,703.0100000000041,703.0100000000041,703.0100000000041,703.0100000000041,703.0100000000041,703.0100000000041,703.0100000000041,703.0100000000041,703.0100000000041,703.0100000000041,703.0100000000041,703.0100000000041,703.0100000000041,703.0100000000041,703.0100000000041,703.0100000000041,703.0100000000041,703.0100000000041,703.0100000000041,703.0100000000041,703.0100000000041,703.0100000000041,703.0100000000041,703.0100000000041,703.0100000000041,703.0100000000041,703.0100000000041,703.0100000000041,703.0100000000041,703.0100000000041,703.0100000000041,703.0100000000041,703.0100000000041,703.0100000000041,703.0100000000041,703.0100000000041,703.0100000000041,703.0100000000041,703.0100000000041,703.0100000000041,703.0100000000041,703.0100000000041,703.0100000000041,703.0100000000041,703.0100000000041,703.0100000000041,703.0100000000041,699.1600000000002,703.0100000000041,699.1600000000002,703.0100000000041,699.1600000000002,703.0100000000041,703.0100000000041,699.1600000000002,703.0100000000041,703.0100000000041,703.0100000000041,703.0100000000041,703.0100000000041,703.0100000000041,703.0100000000041,703.0100000000041,703.0100000000041,703.0100000000041,703.0100000000041,703.0100000000041,699.3900000000002,699.3900000000002,699.3900000000002,699.3900000000002,703.0100000000041,703.0100000000041,703.0100000000041,703.0100000000041,703.0100000000041,703.0100000000041,703.0100000000041,703.0100000000041,703.0100000000041,703.0100000000041,703.0100000000041,703.0100000000041,703.0100000000041,703.0100000000041,703.0100000000041,703.0100000000041,703.0200000000041,703.0200000000041,703.0200000000041,703.0200000000041,703.0300000000041,703.0300000000041,703.0300000000041,703.0300000000041,703.0300000000041,703.0300000000041,703.0300000000041,703.0300000000041,703.0300000000041,703.0300000000041,703.0300000000041,703.0300000000041,703.0300000000041,703.040000000004,703.040000000004,703.040000000004,703.040000000004,703.040000000004,703.040000000004,703.040000000004,703.040000000004,703.040000000004,703.040000000004,703.040000000004,703.040000000004,703.040000000004,703.040000000004,703.040000000004,703.040000000004,703.040000000004,703.040000000004,703.040000000004,703.040000000004,703.040000000004,703.040000000004,703.040000000004,703.040000000004,699.3900000000002,703.040000000004,703.040000000004,703.040000000004,703.040000000004,703.040000000004,703.040000000004,703.040000000004,703.040000000004,703.040000000004,703.040000000004,703.040000000004,703.040000000004,703.040000000004,703.040000000004,703.040000000004,703.040000000004,703.040000000004,703.040000000004,703.040000000004,703.040000000004,703.040000000004,703.040000000004,703.040000000004,703.040000000004,703.040000000004,703.040000000004,703.040000000004,703.040000000004,703.040000000004,703.040000000004,703.040000000004,703.040000000004,703.040000000004,703.040000000004,703.040000000004,703.040000000004,703.040000000004,703.040000000004,703.040000000004,703.040000000004,703.040000000004,703.040000000004,703.040000000004,703.040000000004,703.040000000004,703.040000000004,703.040000000004,703.040000000004,703.040000000004,703.040000000004,703.040000000004,703.040000000004,703.050000000004,703.050000000004,703.050000000004,703.050000000004,703.050000000004,703.050000000004,703.050000000004,703.050000000004,703.050000000004,703.050000000004,703.050000000004,699.3900000000002,699.3900000000002,699.3900000000002,699.3900000000002,699.3900000000002,703.050000000004,703.050000000004,703.050000000004,703.050000000004,703.050000000004,703.050000000004,703.050000000004,703.050000000004,699.6200000000002,703.050000000004,699.6200000000002,703.050000000004,699.6200000000002,703.050000000004,699.6200000000002,703.050000000004,703.050000000004,703.050000000004,703.050000000004,703.050000000004,703.050000000004,703.050000000004,703.050000000004,703.050000000004,703.050000000004,703.050000000004,703.050000000004,703.050000000004,703.050000000004,703.050000000004,703.050000000004,703.050000000004,703.050000000004,703.050000000004,703.050000000004,703.050000000004,703.050000000004,703.050000000004,703.050000000004,703.050000000004,703.050000000004,703.050000000004,703.050000000004,703.050000000004,703.050000000004,703.050000000004,703.050000000004,703.050000000004,703.050000000004,703.050000000004,703.050000000004,703.050000000004,703.050000000004,703.050000000004,703.050000000004,703.050000000004,703.060000000004,703.060000000004,703.060000000004,703.060000000004,703.060000000004,703.060000000004,703.060000000004,703.060000000004,703.060000000004,703.060000000004,703.060000000004,703.060000000004,703.060000000004,703.060000000004,703.060000000004,703.060000000004,703.060000000004,703.060000000004,703.060000000004,703.060000000004,703.060000000004,703.060000000004,703.060000000004,703.060000000004,703.060000000004,703.060000000004,703.060000000004,703.060000000004,703.060000000004,699.8600000000002,703.060000000004,703.060000000004,703.060000000004,703.060000000004,703.060000000004,703.060000000004,703.060000000004,703.060000000004,703.060000000004,703.060000000004,703.060000000004,703.060000000004,703.060000000004,703.060000000004,703.060000000004,703.060000000004,703.060000000004,703.060000000004,703.060000000004,703.060000000004,703.060000000004,703.060000000004,703.060000000004,703.060000000004,703.060000000004,703.060000000004,703.060000000004,703.060000000004,703.060000000004,703.060000000004,703.060000000004,703.060000000004,703.060000000004,703.060000000004,703.060000000004,703.060000000004,703.060000000004,703.060000000004,703.060000000004,703.060000000004,703.060000000004,703.060000000004,703.060000000004,703.060000000004,703.060000000004,703.060000000004,703.060000000004,703.060000000004,703.060000000004,703.060000000004,703.060000000004,703.060000000004,703.060000000004,703.060000000004,703.060000000004,703.060000000004,703.060000000004,703.060000000004,703.060000000004,703.060000000004,703.060000000004,703.060000000004,703.060000000004,703.060000000004,703.060000000004,703.060000000004,703.060000000004,703.060000000004,703.060000000004,703.060000000004,703.060000000004,703.060000000004,703.060000000004,703.060000000004,703.060000000004,703.060000000004,703.060000000004,703.060000000004,703.060000000004,703.060000000004,703.060000000004,703.060000000004,703.060000000004,703.060000000004,703.060000000004,703.060000000004,703.060000000004,703.060000000004,703.060000000004,703.060000000004,703.060000000004,703.060000000004,703.060000000004,703.060000000004,703.060000000004,703.060000000004,703.060000000004,703.060000000004,703.060000000004,703.060000000004,703.060000000004,703.060000000004,703.060000000004,703.060000000004,703.070000000004,703.070000000004,703.070000000004,703.070000000004,703.070000000004,703.070000000004,703.070000000004,703.070000000004,703.070000000004,703.070000000004,703.070000000004,703.070000000004,703.070000000004,703.070000000004,703.070000000004,703.070000000004,700.0900000000003,700.0900000000003,700.0900000000003,700.0900000000003,700.0900000000003,700.0900000000003,700.0900000000003,700.0900000000003,700.0900000000003,700.0900000000003,700.0900000000003,700.0900000000003,700.0900000000003,700.0900000000003,700.0900000000003,700.0900000000003,700.1000000000003,700.1000000000003,700.1000000000003,700.1000000000003,700.1000000000003,700.1000000000003,700.1000000000003,700.1000000000003,700.1000000000003,700.1000000000003,700.1000000000003,700.1000000000003,700.1000000000003,700.1000000000003,700.1000000000003,700.1000000000003,700.1000000000003,700.1000000000003,700.1000000000003,700.1000000000003,700.1000000000003,700.1000000000003,700.1000000000003,700.1000000000003,700.1000000000003,700.1000000000003,700.1000000000003,700.1000000000003,700.1000000000003,700.1000000000003,700.1000000000003,700.1000000000003,700.1000000000003,703.070000000004,703.070000000004,703.070000000004,703.070000000004,703.070000000004,703.070000000004,703.070000000004,703.080000000004,703.080000000004,703.080000000004,703.080000000004,703.080000000004,703.080000000004,703.080000000004,703.080000000004,703.080000000004,703.080000000004,703.080000000004,703.080000000004,703.080000000004,703.080000000004,703.080000000004,703.080000000004,703.080000000004,703.080000000004,703.090000000004,703.090000000004,703.090000000004,703.090000000004,703.090000000004,703.090000000004,703.090000000004,703.090000000004,703.090000000004,703.090000000004,703.090000000004,703.090000000004,703.090000000004,703.090000000004,703.090000000004,703.090000000004,703.090000000004,703.090000000004,703.090000000004,703.090000000004,703.090000000004,703.090000000004,703.090000000004,703.090000000004,703.090000000004,703.090000000004,703.090000000004,703.090000000004,703.090000000004,703.090000000004,703.090000000004,703.090000000004,700.1000000000003,703.090000000004,700.1000000000003,703.090000000004,703.090000000004,700.1000000000003,703.090000000004,700.1000000000003,703.090000000004,700.1000000000003,703.090000000004,700.1000000000003,703.090000000004,703.090000000004,703.090000000004,703.090000000004,703.090000000004,703.090000000004,703.090000000004,703.090000000004,703.090000000004,703.090000000004,703.090000000004,703.090000000004,703.090000000004,703.090000000004,703.090000000004,703.090000000004,703.090000000004,703.090000000004,703.090000000004,703.090000000004,703.090000000004,703.090000000004,703.090000000004,703.090000000004,703.090000000004,703.090000000004,703.090000000004,703.090000000004,703.090000000004,703.090000000004,703.090000000004,700.1000000000003,700.1000000000003,700.1000000000003,700.1000000000003,700.1000000000003,700.1000000000003,700.1000000000003,700.1000000000003,700.1000000000003,700.1000000000003,700.1000000000003,703.090000000004,703.090000000004,703.090000000004,703.090000000004,703.090000000004,703.090000000004,703.090000000004,703.090000000004,703.090000000004,703.090000000004,703.090000000004,703.090000000004,703.090000000004,703.090000000004,703.090000000004,703.090000000004,703.090000000004,703.090000000004,703.090000000004,703.090000000004,703.090000000004,703.090000000004,703.090000000004,703.090000000004,703.090000000004,703.090000000004,703.090000000004,703.090000000004,703.090000000004,703.090000000004,703.090000000004,703.100000000004,703.100000000004,703.100000000004,703.100000000004,703.100000000004,703.100000000004,703.100000000004,703.100000000004,703.100000000004,703.100000000004,703.100000000004,703.100000000004,703.100000000004,700.3400000000003,703.100000000004,700.3400000000003,703.100000000004,700.3400000000003,703.100000000004,700.3400000000003,703.100000000004,703.100000000004,703.100000000004,703.100000000004,703.100000000004,703.100000000004,703.100000000004,703.100000000004,703.100000000004,703.100000000004,703.100000000004,703.100000000004,703.100000000004,703.100000000004,703.100000000004,703.100000000004,703.100000000004,703.100000000004,703.100000000004,703.100000000004,703.100000000004,703.100000000004,703.100000000004,703.100000000004,703.100000000004,703.100000000004,703.100000000004,703.100000000004,703.100000000004,703.100000000004,703.100000000004,703.100000000004,703.100000000004,703.100000000004,703.100000000004,703.100000000004,703.100000000004,703.100000000004,703.100000000004,703.100000000004,703.100000000004,703.100000000004,703.100000000004,703.100000000004,703.100000000004,703.100000000004,703.100000000004,703.100000000004,703.100000000004,703.100000000004,703.100000000004,703.100000000004,703.100000000004,703.100000000004,703.100000000004,703.100000000004,703.100000000004,703.100000000004,703.100000000004,703.100000000004,703.100000000004,703.100000000004,703.100000000004,703.100000000004,703.100000000004,703.100000000004,703.100000000004,703.100000000004,703.100000000004,703.100000000004,703.100000000004,703.100000000004,703.100000000004,703.100000000004,703.100000000004,703.100000000004,703.100000000004,703.100000000004,700.5700000000003,703.100000000004,703.100000000004,703.100000000004,703.100000000004,703.100000000004,703.100000000004,703.100000000004,703.100000000004,703.100000000004,703.100000000004,703.100000000004,703.100000000004,703.100000000004,703.100000000004,703.100000000004,703.110000000004,703.110000000004,703.110000000004,703.110000000004,703.110000000004,703.110000000004,703.110000000004,703.110000000004,703.110000000004,703.110000000004,703.110000000004,703.110000000004,703.110000000004,703.110000000004,703.110000000004,703.110000000004,703.110000000004,703.110000000004,703.110000000004,703.110000000004,703.110000000004,703.110000000004,703.110000000004,703.110000000004,703.110000000004,703.110000000004,703.110000000004,703.110000000004,703.110000000004,703.110000000004,703.110000000004,703.110000000004,703.110000000004,703.110000000004,703.110000000004,703.110000000004,703.110000000004,703.110000000004,703.110000000004,703.110000000004,703.110000000004,703.110000000004,703.110000000004,703.110000000004,703.110000000004,703.120000000004,703.120000000004,703.120000000004,703.120000000004,703.120000000004,703.120000000004,703.120000000004,703.120000000004,703.120000000004,703.120000000004,703.120000000004,700.8100000000003,703.120000000004,703.120000000004,703.130000000004,703.130000000004,703.130000000004,703.130000000004,703.140000000004,703.140000000004,703.140000000004,703.140000000004,703.140000000004,703.140000000004,703.140000000004,703.140000000004,703.140000000004,703.1500000000041,703.1500000000041,703.1500000000041,703.1500000000041,703.1500000000041,703.1500000000041,703.1500000000041,703.1500000000041,703.1500000000041,703.1500000000041,703.1500000000041,703.1500000000041,703.1500000000041,703.1500000000041,703.1500000000041,703.1500000000041,703.1500000000041,703.1500000000041,703.1500000000041,703.1500000000041,703.1500000000041,703.1500000000041,703.1500000000041,703.1500000000041,703.1500000000041,703.1500000000041,703.1500000000041,703.1500000000041,703.1500000000041,703.1500000000041,703.1500000000041,703.1500000000041,703.1500000000041,703.1500000000041,703.1500000000041,703.1500000000041,703.1500000000041,703.1500000000041,703.1500000000041,703.1500000000041,703.1500000000041,703.1500000000041,703.1500000000041,703.1500000000041,703.1500000000041,703.1500000000041,703.1500000000041,703.1500000000041,703.1500000000041,703.1500000000041,703.1500000000041,703.1600000000042,703.1600000000042,703.1600000000042,703.1600000000042,703.1600000000042,703.1600000000042,703.1600000000042,703.1600000000042,703.1600000000042,703.1600000000042,703.1600000000042,703.1600000000042,701.0400000000003,703.1600000000042,701.0400000000003,703.1600000000042,701.0400000000003,703.1600000000042,703.1600000000042,703.1600000000042,703.1600000000042,703.1600000000042,703.1600000000042,703.1600000000042,703.1600000000042,703.1600000000042,703.1600000000042,703.1600000000042,703.1600000000042,703.1600000000042,703.1600000000042,703.1600000000042,703.1600000000042,703.1600000000042,703.1600000000042,703.1600000000042,703.1600000000042,703.1600000000042,703.1600000000042,703.1600000000042,703.1600000000042,703.1600000000042,703.1600000000042,703.1600000000042,703.1600000000042,703.1600000000042,703.1600000000042,703.1600000000042,703.1600000000042,703.1600000000042,703.1600000000042,703.1600000000042,703.1600000000042,703.1600000000042,703.1600000000042,703.1600000000042,703.1600000000042,703.1600000000042,703.1600000000042,703.1600000000042,703.1600000000042,703.1600000000042,703.1600000000042,703.1600000000042,703.1600000000042,703.1600000000042,703.1600000000042,703.1600000000042,703.1600000000042,703.1600000000042,703.1600000000042,703.1600000000042,703.1600000000042,703.1600000000042,703.1600000000042,703.1600000000042,703.1600000000042,703.1600000000042,703.1600000000042,703.1600000000042,703.1600000000042,703.1600000000042,703.1600000000042,703.1600000000042,703.1600000000042,703.1600000000042,703.1600000000042,701.0400000000003,703.1600000000042,701.0400000000003,703.1600000000042,701.0400000000003,703.1600000000042,701.0400000000003,703.1600000000042,703.1600000000042,703.1600000000042,703.1600000000042,703.1600000000042,703.1600000000042,703.1600000000042,703.1600000000042,703.1600000000042,703.1600000000042,703.1700000000042,703.1700000000042,703.1700000000042,703.1700000000042,703.1700000000042,703.1700000000042,703.1700000000042,703.1700000000042,703.1700000000042,703.1700000000042,703.1700000000042,703.1700000000042,703.1700000000042,703.1700000000042,703.1700000000042,703.1700000000042,703.1700000000042,703.1700000000042,703.1700000000042,703.1700000000042,703.1700000000042,703.1700000000042,703.1700000000042,703.1700000000042,703.1700000000042,703.1700000000042,703.1700000000042,703.1700000000042,703.1700000000042,703.1700000000042,703.1700000000042,703.1700000000042,703.1700000000042,703.1700000000042,703.1700000000042,703.1700000000042,703.1700000000042,703.1700000000042,703.1700000000042,703.1700000000042,703.1700000000042,703.1700000000042,703.1700000000042,703.1800000000042,703.1800000000042,703.1800000000042,703.1800000000042,703.1800000000042,703.1800000000042,703.1800000000042,703.1800000000042,703.1800000000042,703.1800000000042,703.1800000000042,703.1800000000042,703.1800000000042,703.1800000000042,703.1800000000042,703.1800000000042,703.1800000000042,703.1800000000042,703.1800000000042,703.1800000000042,703.1800000000042,703.1800000000042,703.1800000000042,703.1800000000042,703.1800000000042,703.1800000000042,703.1800000000042,703.1800000000042,703.1800000000042,703.1800000000042,703.1800000000042,701.0400000000003,703.1800000000042,701.0400000000003,703.1800000000042,701.0400000000003,703.1800000000042,701.0400000000003,703.1800000000042,701.0400000000003,703.1800000000042,701.0400000000003,703.1800000000042,701.0400000000003,703.1800000000042,701.0400000000003,703.1800000000042,701.0400000000003,703.1800000000042,701.0400000000003,703.1800000000042,701.0400000000003,703.1800000000042,701.0400000000003,703.1800000000042,703.1800000000042,703.1800000000042,703.1800000000042,703.1800000000042,703.1800000000042,703.1800000000042,703.1800000000042,703.1800000000042,703.1800000000042,703.1800000000042,703.1800000000042,703.1800000000042,703.1800000000042,703.1800000000042,703.1800000000042,703.1800000000042,703.1800000000042,703.1800000000042,703.1800000000042,703.1800000000042,703.1800000000042,703.1800000000042,703.1800000000042,703.1800000000042,703.1800000000042,703.1800000000042,703.1800000000042,703.1800000000042,703.1800000000042,703.1800000000042,703.1800000000042,703.1800000000042,703.1800000000042,703.1800000000042,703.1800000000042,703.1800000000042,703.1800000000042,703.1900000000041,703.1900000000041,703.1900000000041,703.1900000000041,703.1900000000041,703.1900000000041,703.1900000000041,703.2000000000043,703.2000000000043,703.2000000000043,703.2000000000043,703.2000000000043,703.2000000000043,703.2000000000043,703.2000000000043,703.2000000000043,703.2000000000043,703.2000000000043,703.2000000000043,703.2000000000043,703.2000000000043,703.2000000000043,703.2000000000043,703.2000000000043,703.2000000000043,703.2000000000043,703.2000000000043,703.2000000000043,703.2000000000043,703.2000000000043,703.2000000000043,703.2000000000043,703.2000000000043,703.2000000000043,703.2000000000043,703.2000000000043,703.2000000000043,703.2000000000043,703.2000000000043,701.2800000000003,703.2000000000043,701.2800000000003,703.2000000000043,701.2800000000003,703.2000000000043,701.2800000000003,703.2000000000043,701.2800000000003,703.2000000000043,701.2800000000003,703.2100000000042,701.2800000000003,703.2100000000042,701.2800000000003,703.2100000000042,703.2100000000042,703.2100000000042,703.2100000000042,703.2100000000042,703.2100000000042,703.2100000000042,703.2100000000042,703.2100000000042,703.2100000000042,703.2100000000042,703.2100000000042,703.2100000000042,703.2100000000042,703.2100000000042,703.2100000000042,703.2100000000042,703.2100000000042,703.2100000000042,703.2100000000042,703.2100000000042,703.2100000000042,703.2100000000042,703.2100000000042,703.2100000000042,703.2100000000042,703.2100000000042,703.2100000000042,703.2100000000042,703.2100000000042,703.2100000000042,703.2100000000042,703.2100000000042,703.2100000000042,703.2100000000042,703.2100000000042,703.2200000000042,703.2200000000042,703.2200000000042,703.2200000000042,703.2300000000042,703.2300000000042,703.2300000000042,703.2300000000042,703.2400000000042,703.2400000000042,703.2400000000042,703.2400000000042,703.2400000000042,703.2400000000042,703.2400000000042,703.2400000000042,703.2400000000042,703.2400000000042,703.2400000000042,703.2400000000042,703.2400000000042,703.2400000000042,703.2400000000042,703.2400000000042,703.2400000000042,703.2400000000042,703.2400000000042,703.2400000000042,703.2400000000042,703.2400000000042,703.2400000000042,703.2400000000042,703.2400000000042,703.2400000000042,703.2400000000042,703.2400000000042,703.2400000000042,703.2400000000042,701.5200000000003,703.2400000000042,701.5200000000003,703.2400000000042,701.5200000000003,703.2400000000042,701.5200000000003,703.2400000000042,701.5200000000003,703.2400000000042,701.5200000000003,703.2400000000042,701.5200000000003,703.2400000000042,701.5200000000003,703.2400000000042,701.5200000000003,701.5200000000003,701.5300000000003,701.5300000000003,701.5300000000003,701.7700000000003,701.7700000000003,701.7700000000003,701.7700000000003,701.7700000000003,703.2400000000042,703.2400000000042,703.2400000000042,703.2400000000042,703.2400000000042,703.2400000000042,703.2400000000042,703.2400000000042,703.2400000000042,703.2400000000042,703.2400000000042,703.2400000000042,703.2400000000042,703.2400000000042,703.2400000000042,703.2400000000042,703.2400000000042,703.2400000000042,703.2400000000042,703.2400000000042,703.2400000000042,703.2400000000042,703.2500000000042,703.2500000000042,701.7700000000003,701.7700000000003,701.7700000000003,701.7700000000003,701.7700000000003,701.7700000000003,701.7700000000003,701.7700000000003,701.7700000000003,701.7700000000003,701.7700000000003,701.7700000000003,703.2500000000042,703.2500000000042,703.2500000000042,703.2500000000042,703.2500000000042,703.2500000000042,703.2500000000042,703.2500000000042,703.2500000000042,703.2500000000042,703.2500000000042,703.2500000000042,703.2500000000042,703.2500000000042,703.2500000000042,703.2500000000042,703.2500000000042,703.2500000000042,703.2500000000042,703.2500000000042,703.2500000000042,703.2500000000042,703.2500000000042,703.2500000000042,703.2500000000042,703.2500000000042,703.2500000000042,703.2500000000042,703.2500000000042,703.2500000000042,703.2500000000042,703.2500000000042,703.2500000000042,703.2500000000042,703.2500000000042,703.2500000000042,703.2500000000042,703.2500000000042,703.2500000000042,703.2500000000042,703.2500000000042,703.2500000000042,703.2500000000042,703.2500000000042,703.2500000000042,703.2500000000042,703.2500000000042,703.2500000000042,702.0100000000003,703.2500000000042,703.2500000000042,703.2500000000042,703.2500000000042,703.2500000000042,703.2500000000042,703.2500000000042,703.2500000000042,703.2500000000042,703.2500000000042,703.2500000000042,703.2500000000042,703.2500000000042,703.2500000000042,703.2500000000042,703.2500000000042,703.2500000000042,703.2500000000042,703.2500000000042,703.2500000000042,703.2500000000042,703.2500000000042,703.2500000000042,703.2500000000042,703.2500000000042,703.2500000000042,703.2500000000042,703.2500000000042,703.2500000000042,703.2500000000042,703.2500000000042,703.2500000000042,703.2500000000042,703.2500000000042,703.2500000000042,703.2500000000042,703.2500000000042,703.2500000000042,703.2500000000042,703.2500000000042,703.2500000000042,703.2500000000042,703.2500000000042,703.2500000000042,703.2500000000042,703.2500000000042,703.2500000000042,703.2500000000042,703.2500000000042,703.2500000000042,703.2500000000042,703.2500000000042,703.2500000000042,703.2500000000042,703.2500000000042,703.2500000000042,703.2500000000042,703.2600000000042,703.2600000000042,703.2600000000042,703.2600000000042,703.2600000000042,703.2600000000042,703.2600000000042,703.2600000000042,703.2600000000042,703.2600000000042,703.2600000000042,703.2600000000042,703.2600000000042,703.2600000000042,703.2600000000042,702.2500000000003,703.2600000000042,702.2500000000003,703.2600000000042,702.2500000000003,703.2600000000042,702.2500000000003,703.2600000000042,702.2500000000003,703.2600000000042,702.2500000000003,703.2600000000042,702.2500000000003,703.2600000000042,702.2500000000003,703.2600000000042,702.2500000000003,703.2600000000042,703.2600000000042,703.2600000000042,703.2600000000042,703.2600000000042,703.2600000000042,703.2600000000042,703.2600000000042,
703.2600000000042,703.2600000000042,703.2600000000042,703.2600000000042,703.2600000000042,703.2600000000042,703.2600000000042,703.2600000000042,703.2600000000042,703.2600000000042,703.2600000000042,703.2600000000042,703.2600000000042,703.2600000000042,703.2600000000042,703.2600000000042,703.2600000000042,703.2600000000042,703.2600000000042,703.2600000000042,703.2700000000042,703.2800000000042,703.2800000000042,703.2800000000042,703.2800000000042,703.2800000000042,703.2900000000042,703.2900000000042,703.2900000000042,703.2900000000042,703.2900000000042,703.2900000000042,703.2900000000042,703.2900000000042,703.2900000000042,703.3000000000042,703.3000000000042,703.3100000000042,703.3200000000041,703.3200000000041,702.4900000000004,702.4900000000004,702.4900000000004,703.3400000000041,702.4900000000004,702.4900000000004,702.4900000000004,702.4900000000004,702.4900000000004,703.3500000000041,702.4900000000004,703.3500000000041,702.4900000000004,703.3500000000041,702.4900000000004,702.4900000000004,702.4900000000004,702.4900000000004,702.4900000000004,703.3800000000041,703.3900000000041,703.4000000000041,703.4000000000041,703.4000000000041,703.4000000000041,703.4100000000041,703.420000000004,703.430000000004,703.430000000004,703.440000000004,703.460000000004,703.460000000004,703.460000000004,703.460000000004,703.490000000004,703.490000000004,703.490000000004,703.490000000004,703.490000000004,703.500000000004,703.500000000004,703.500000000004,703.500000000004,703.510000000004,702.7300000000004,702.7300000000004,702.7300000000004,702.7300000000004,703.530000000004,702.7300000000004,702.7300000000004,702.7300000000004,702.7300000000004,703.5600000000039,703.5600000000039,703.5800000000039,703.5800000000039,703.5800000000039,703.600000000004,703.600000000004,703.600000000004,703.640000000004,703.660000000004,703.6800000000039,703.700000000004,702.9700000000004,702.9700000000004,702.9700000000004,703.750000000004,703.750000000004,703.750000000004,703.750000000004,703.770000000004,703.770000000004,703.790000000004,703.840000000004,703.870000000004,703.930000000004,703.2100000000004,703.2100000000004,703.2100000000004,703.980000000004,703.980000000004,703.980000000004,703.980000000004,704.000000000004,704.000000000004,704.0300000000041,704.060000000004,704.060000000004,704.060000000004,704.060000000004,704.060000000004,704.090000000004,704.090000000004,704.090000000004,703.4500000000004,703.4500000000004,703.4500000000004,703.4500000000004,704.1500000000041,704.1500000000041,704.180000000004,704.210000000004,704.240000000004,704.280000000004,704.280000000004,704.3200000000039,704.3200000000039,704.360000000004,704.360000000004,703.6900000000004,703.6900000000004,703.6900000000004,703.6900000000004,703.6900000000004,703.6900000000004,703.6900000000004,703.6900000000004,703.6900000000004,703.6900000000004,704.390000000004,704.390000000004,704.390000000004,704.390000000004,704.390000000004,704.390000000004,704.390000000004,704.390000000004,704.390000000004,704.420000000004,704.420000000004,704.420000000004,704.5000000000041,703.9300000000004,703.9300000000004,704.610000000004,704.610000000004,704.610000000004,704.690000000004,704.730000000004,704.1700000000004,704.1700000000004,704.770000000004,704.810000000004,704.850000000004,704.890000000004,704.930000000004,704.930000000004,704.930000000004,704.930000000004,704.930000000004,704.4100000000004,704.4100000000004,704.4100000000004,704.4100000000004,704.4100000000004,704.4100000000004,704.4100000000004,704.4100000000004,704.4100000000004,704.970000000004,704.970000000004,704.970000000004,704.970000000004,704.970000000004,705.0100000000041,705.050000000004,705.060000000004,705.060000000004,704.6500000000004,704.6500000000004,704.6500000000004,704.6500000000004,705.100000000004,704.6500000000004,704.6500000000004,705.100000000004,704.6500000000004,705.100000000004,704.6500000000004,705.1500000000041,705.200000000004,705.200000000004,705.200000000004,705.200000000004,705.200000000004,704.8900000000004,704.8900000000004,704.8900000000004,704.8900000000004,704.8900000000004,705.3000000000039,704.8900000000004,705.3000000000039,704.8900000000004,704.8900000000004,704.9000000000004,704.9000000000004,704.9000000000004,705.450000000004,705.500000000004,705.500000000004,705.500000000004,705.500000000004,705.1500000000004,705.1500000000004,705.1500000000004,705.1500000000004,705.560000000004,705.1500000000004,705.1500000000004,705.1500000000004,705.1500000000004,705.1500000000004,705.1500000000004,705.1500000000004,705.1500000000004,705.1500000000004,705.1500000000004,705.1500000000004,705.1500000000004,705.610000000004,705.610000000004,705.610000000004,705.6600000000041,705.6600000000041,705.710000000004,705.710000000004,705.710000000004,705.710000000004,705.710000000004,705.710000000004,705.710000000004,705.710000000004,705.710000000004,705.710000000004,705.710000000004,705.7600000000041,705.3900000000004,705.8700000000041,705.9800000000041,705.9800000000041,705.9800000000041,705.9800000000041,705.9800000000041,705.6300000000005,705.6300000000005,705.6300000000005,705.6300000000005,705.6300000000005,705.6300000000005,705.6300000000005,705.6300000000005,705.6300000000005,706.040000000004,706.1000000000041,706.1600000000041,706.1600000000041,706.1600000000041,706.1600000000041,706.1600000000041,705.8800000000005,705.8800000000005,705.8800000000005,706.2800000000041,706.2800000000041,706.2800000000041,706.2800000000041,706.3400000000041,706.4000000000041,706.4600000000041,706.4600000000041,706.1300000000005,706.1300000000005,706.5200000000041,706.5800000000041,706.5800000000041,706.5800000000041,706.5800000000041,706.6400000000041,706.6400000000041,706.6400000000041,706.6400000000041,706.7000000000041,706.1300000000005,706.1300000000005,706.1300000000005,706.1300000000005,706.1300000000005,706.7600000000041,706.820000000004,706.950000000004,706.3800000000005,706.3800000000005,706.3800000000005,706.3800000000005,706.3800000000005,706.3800000000005,706.3800000000005,706.3800000000005,706.3800000000005,706.3800000000005,706.3800000000005,707.0200000000041,707.0200000000041,707.0200000000041,707.0200000000041,707.0300000000041,707.0300000000041,707.0300000000041,707.1000000000041,706.6300000000005,706.6400000000004,706.6400000000004,706.6400000000004,706.6400000000004,707.2400000000041,707.310000000004,707.310000000004,707.3800000000041,707.3800000000041,707.3800000000041,707.3800000000041,707.3800000000041,706.8900000000004,706.8900000000004,706.9000000000004,706.9000000000004,706.9000000000004,706.9000000000004,706.9000000000004,706.9000000000004,707.4500000000041,706.9000000000004,707.4500000000041,706.9000000000004,706.9000000000004,707.4500000000041,706.9000000000004,707.4500000000041,706.9000000000004,707.4500000000041,707.5300000000041,707.5300000000041,707.5300000000041,707.5300000000041,707.600000000004,707.600000000004,707.600000000004,707.670000000004,707.670000000004,707.1500000000004,707.1500000000004,707.1500000000004,707.1500000000004,707.740000000004,707.810000000004,707.810000000004,707.810000000004,707.810000000004,707.810000000004,707.8800000000041,707.8800000000041,707.4100000000004,707.4100000000004,707.4100000000004,707.4100000000004,707.4100000000004,707.950000000004,708.090000000004,707.6700000000004,707.6700000000004,707.6700000000004,707.6700000000004,708.310000000004,708.310000000004,707.9200000000004,707.9200000000004,707.9200000000004,707.9200000000004,707.9200000000004,708.460000000004,708.540000000004,708.6200000000041,708.1700000000004,708.1700000000004,708.1700000000004,708.1700000000004,708.7800000000041,708.7800000000041,708.7800000000041,708.7800000000041,708.8600000000041,708.940000000004,708.4200000000004,709.0200000000041,709.1000000000041,709.180000000004,709.180000000004,708.6700000000004,708.6700000000004,708.6700000000004,708.6700000000004,708.6700000000004,708.6700000000004,708.6700000000004,708.6700000000004,708.6700000000004,708.6700000000004,709.3400000000041,709.3400000000041,709.420000000004,708.9300000000004,709.420000000004,709.420000000004,709.420000000004,709.420000000004,709.420000000004,709.1800000000004,709.1800000000004,709.670000000004,709.670000000004,709.7500000000041,709.4300000000004,709.4300000000004,709.4300000000004,709.4300000000004,709.4300000000004,709.4300000000004,709.8400000000041,709.8400000000041,709.8400000000041,709.8400000000041,709.9300000000042,709.6900000000004,709.6900000000004,709.6900000000004,709.7000000000004,709.7000000000004,709.7000000000004,710.1000000000041,710.1000000000041,710.1900000000041,710.1900000000041,709.9600000000004,709.9600000000004,709.9600000000004,709.9600000000004,709.9600000000004,709.9600000000004,709.9600000000004,710.2800000000042,710.2800000000042,710.2800000000042,710.2800000000042,710.3600000000041,710.4500000000041,710.2200000000004,710.5400000000042,710.5400000000042,710.5400000000042,710.5400000000042,710.7200000000041,710.4800000000004,710.4800000000004,710.4900000000004,710.4900000000004,710.8100000000042,710.8100000000042,710.8100000000042,710.8100000000042,710.8100000000042,710.8100000000042,710.7500000000003,710.7500000000003,710.7500000000003,710.7500000000003,710.9900000000042,710.7500000000003,710.9900000000042,710.9900000000042,710.9900000000042,711.0800000000042,711.1800000000042,711.0100000000003,711.0100000000003,711.0100000000003,711.0100000000003,711.0100000000003,711.0100000000003,711.0100000000003,711.0100000000003,711.3700000000042,711.3700000000042,711.4600000000042,711.2700000000003,711.2700000000003,711.2700000000003,711.2700000000003,711.2700000000003,711.2700000000003,711.2700000000003,711.2700000000003,711.2700000000003,711.2700000000003,711.2700000000003,711.2700000000003,711.5500000000042,711.5500000000042,711.5500000000042,711.5500000000042,711.5300000000004,711.5300000000004,711.5300000000004,711.8300000000042,711.8300000000042,711.8300000000042,711.8300000000042,711.8300000000042,711.8300000000042,711.8300000000042,711.7800000000004,711.9300000000043,711.9300000000043,711.9300000000043,712.0200000000043,712.0200000000043,712.0400000000004,712.0400000000004,712.0400000000004,712.0400000000004,712.1200000000043,712.1200000000043,712.1200000000043,712.3200000000044,712.3000000000004,712.3000000000004,712.3000000000004,712.3000000000004,712.3000000000004,712.3000000000004,712.3000000000004,712.4200000000043,712.4200000000043,712.4200000000043,712.5200000000042,712.3000000000004,712.3000000000004,712.3000000000004,712.6200000000042,712.3000000000004,712.3000000000004,712.3000000000004,712.3000000000004,712.3000000000004,712.3000000000004,712.3000000000004,712.3000000000004,712.3000000000004,712.3000000000004,712.3000000000004,712.3000000000004,712.3000000000004,712.3000000000004,712.3000000000004,712.8100000000043,712.8100000000043,712.8100000000043,712.3000000000004,712.3000000000004,712.3000000000004,712.3000000000004,712.9100000000042,713.0100000000042,712.5600000000004,713.0100000000042,713.1100000000042,713.2200000000042,713.3200000000043,713.4300000000043,712.8200000000004,712.8200000000004,712.8200000000004,712.8200000000004,712.8200000000004,712.8200000000004,712.8200000000004,712.8200000000004,712.8200000000004,712.8200000000004,712.8200000000004,712.8200000000004,713.5300000000042,713.5300000000042,713.5300000000042,713.6400000000042,713.7400000000042,712.8200000000004,712.8200000000004,712.8200000000004,712.8200000000004,712.8200000000004,712.8200000000004,712.8200000000004,712.8200000000004,713.8400000000042,713.8400000000042,712.8200000000004,712.8200000000004,713.9400000000043,712.8200000000004,712.8200000000004,712.8200000000004,714.1500000000042,714.1500000000042,712.8200000000004,712.8200000000004,712.8200000000004,714.3700000000042,712.8200000000004,712.8200000000004,714.3700000000042,712.8200000000004,712.8200000000004,712.8200000000004,712.8200000000004,712.8200000000004,712.8200000000004,712.8200000000004,712.8200000000004,712.8200000000004,712.8200000000004,712.8200000000004,712.8200000000004,712.8200000000004,712.8200000000004,712.8200000000004,712.8200000000004,712.8200000000004,712.8300000000004,712.8300000000004,712.8300000000004,712.8300000000004,712.8300000000004,712.8300000000004,712.8300000000004,712.8300000000004,712.8400000000004,712.8400000000004,712.8400000000004,712.8400000000004,712.8400000000004,712.8400000000004,712.8400000000004,712.8400000000004,712.8400000000004,712.8400000000004,712.8400000000004,712.8400000000004,714.4700000000042,712.8400000000004,712.8400000000004,712.8400000000004,712.8400000000004,712.8400000000004,712.8400000000004,712.8400000000004,712.8400000000004,712.8400000000004,712.8400000000004,712.8500000000004,712.8500000000004,712.8500000000004,712.8500000000004,712.8500000000004,712.8500000000004,712.8500000000004,712.8500000000004,712.8500000000004,712.8500000000004,712.8500000000004,712.8500000000004,712.8500000000004,712.8500000000004,712.8500000000004,712.8500000000004,712.8500000000004,712.8500000000004,712.8500000000004,712.8500000000004,712.8500000000004,712.8500000000004,712.8500000000004,712.8500000000004,712.8500000000004,712.8500000000004,712.8500000000004,712.8500000000004,712.8500000000004,714.5700000000043,712.8500000000004,714.5700000000043,712.8500000000004,712.8500000000004,712.8500000000004,712.8500000000004,712.8500000000004,712.8500000000004,712.8500000000004,712.8500000000004,712.8500000000004,712.8500000000004,712.8500000000004,712.8500000000004,712.8500000000004,712.8500000000004,712.8500000000004,712.8500000000004,712.8500000000004,712.8500000000004,712.8500000000004,712.8500000000004,712.8500000000004,712.8500000000004,712.8500000000004,712.8500000000004,712.8500000000004,712.8500000000004,712.8500000000004,712.8500000000004,712.8500000000004,712.8500000000004,712.8500000000004,712.8500000000004,712.8500000000004,712.8500000000004,712.8500000000004,712.8500000000004,712.8500000000004,712.8500000000004,712.8500000000004,714.6800000000043,712.8500000000004,712.8500000000004,712.8500000000004,712.8500000000004,712.8500000000004,712.8500000000004,712.8500000000004,712.8500000000004,712.8500000000004,712.8500000000004,712.8500000000004,712.8500000000004,712.8500000000004,712.8500000000004,712.8500000000004,712.8500000000004,712.8500000000004,712.8500000000004,712.8500000000004,712.8500000000004,712.8500000000004,712.8500000000004,712.8500000000004,712.8500000000004,712.8500000000004,712.8500000000004,712.8500000000004,712.8500000000004,712.8500000000004,712.8500000000004,712.8500000000004,712.8500000000004,712.8500000000004,712.8500000000004,712.8500000000004,712.8500000000004,712.8500000000004,712.8500000000004,712.8500000000004,712.8500000000004,712.8500000000004,712.8500000000004,712.8500000000004,712.8500000000004,712.8500000000004,712.8500000000004,712.8600000000004,712.8600000000004,712.8600000000004,712.8600000000004,712.8600000000004,712.8600000000004,712.8600000000004,712.8600000000004,712.8600000000004,712.8600000000004,712.8600000000004,712.8600000000004,712.8600000000004,712.8600000000004,712.8600000000004,712.8600000000004,712.8600000000004,712.8600000000004,712.8600000000004,712.8600000000004,712.8600000000004,712.8600000000004,712.8600000000004,712.8600000000004,712.8600000000004,712.8600000000004,712.8600000000004,712.8600000000004,712.8600000000004,712.8600000000004,714.9000000000043,712.8600000000004,714.9000000000043,712.8600000000004,712.8600000000004,714.9000000000043,712.8600000000004,712.8600000000004,712.8600000000004,712.8600000000004,712.8600000000004,712.8600000000004,712.8600000000004,712.8600000000004,712.8600000000004,712.8600000000004,712.8700000000003,712.8700000000003,712.8700000000003,712.8700000000003,712.8700000000003,712.8700000000003,712.8700000000003,712.8700000000003,712.8700000000003,712.8700000000003,712.8700000000003,712.8700000000003,712.8700000000003,712.8700000000003,712.8700000000003,712.8700000000003,712.8700000000003,712.8700000000003,712.8700000000003,712.8700000000003,712.8700000000003,712.8700000000003,712.8700000000003,712.8700000000003,712.8700000000003,712.8700000000003,712.8700000000003,712.8700000000003,712.8700000000003,712.8700000000003,712.8700000000003,712.8700000000003,712.8700000000003,712.8700000000003,712.8700000000003,712.8700000000003,712.8700000000003,712.8700000000003,712.8700000000003,712.8700000000003,712.8700000000003,712.8700000000003,712.8700000000003,712.8700000000003,712.8700000000003,712.8700000000003,712.8700000000003,712.8700000000003,712.8800000000003,712.8800000000003,712.8800000000003,712.8800000000003,712.8800000000003,712.8800000000003,712.8800000000003,712.8800000000003,712.8800000000003,712.8800000000003,712.8800000000003,712.8800000000003,712.8800000000003,712.8800000000003,712.8800000000003,712.8800000000003,712.8800000000003,715.1200000000042,712.8800000000003,715.1200000000042,712.8900000000003,712.8900000000003,712.8900000000003,712.8900000000003,712.9000000000003,712.9000000000003,712.9000000000003,712.9000000000003,712.9000000000003,712.9000000000003,712.9000000000003,712.9000000000003,712.9000000000003,712.9000000000003,712.9000000000003,712.9000000000003,712.9000000000003,712.9000000000003,712.9000000000003,712.9000000000003,712.9000000000003,712.9000000000003,712.9000000000003,712.9000000000003,712.9000000000003,712.9000000000003,712.9000000000003,712.9000000000003,712.9000000000003,712.9000000000003,712.9000000000003,712.9000000000003,712.9000000000003,712.9000000000003,712.9000000000003,712.9000000000003,712.9000000000003,712.9000000000003,712.9000000000003,712.9000000000003,712.9000000000003,712.9000000000003,715.2300000000042,712.9000000000003,712.9000000000003,712.9000000000003,712.9000000000003,712.9000000000003,712.9000000000003,712.9000000000003,712.9000000000003,712.9000000000003,712.9000000000003,712.9000000000003,712.9000000000003,712.9000000000003,712.9000000000003,712.9000000000003,712.9000000000003,712.9000000000003,712.9000000000003,712.9000000000003,712.9000000000003,712.9000000000003,712.9000000000003,712.9000000000003,712.9000000000003,712.9000000000003,712.9000000000003,712.9000000000003,712.9000000000003,712.9000000000003,712.9000000000003,712.9000000000003,712.9000000000003,712.9000000000003,712.9000000000003,712.9000000000003,712.9000000000003,712.9000000000003,712.9000000000003,712.9000000000003,712.9000000000003,712.9000000000003,712.9000000000003,715.3400000000042,712.9000000000003,715.3400000000042,712.9000000000003,712.9000000000003,712.9000000000003,712.9000000000003,712.9000000000003,712.9000000000003,712.9000000000003,712.9000000000003,712.9100000000003,712.9100000000003,712.9100000000003,712.9100000000003,712.9100000000003,712.9100000000003,712.9100000000003,712.9100000000003,712.9100000000003,712.9100000000003,712.9100000000003,712.9100000000003,712.9100000000003,712.9100000000003,712.9100000000003,712.9100000000003,712.9100000000003,712.9100000000003,712.9100000000003,712.9100000000003,712.9100000000003,712.9100000000003,712.9100000000003,712.9100000000003,712.9100000000003,712.9100000000003,712.9100000000003,712.9100000000003,712.9100000000003,712.9100000000003,712.9100000000003,712.9100000000003,715.4500000000043,712.9100000000003,715.4500000000043,712.9100000000003,715.4500000000043,712.9100000000003,712.9100000000003,712.9100000000003,712.9100000000003,712.9100000000003,712.9100000000003,712.9100000000003,712.9100000000003,712.9100000000003,712.9100000000003,712.9100000000003,712.9100000000003,712.9100000000003,712.9100000000003,712.9100000000003,712.9100000000003,712.9100000000003,712.9100000000003,712.9200000000003,712.9200000000003,712.9200000000003,712.9200000000003,712.9200000000003,712.9200000000003,712.9200000000003,712.9200000000003,712.9200000000003,712.9300000000003,712.9300000000003,712.9300000000003,712.9300000000003,712.9300000000003,712.9300000000003,712.9300000000003,712.9300000000003,712.9300000000003,712.9300000000003,712.9300000000003,712.9300000000003,715.5600000000043,712.9300000000003,715.5600000000043,712.9300000000003,712.9300000000003,712.9300000000003,712.9300000000003,712.9300000000003,712.9300000000003,712.9300000000003,712.9300000000003,712.9300000000003,712.9300000000003,712.9300000000003,712.9300000000003,712.9300000000003,712.9300000000003,712.9300000000003,712.9300000000003,712.9300000000003,712.9300000000003,712.9300000000003,712.9300000000003,712.9300000000003,712.9300000000003,712.9300000000003,712.9300000000003,712.9300000000003,712.9300000000003,712.9300000000003,712.9300000000003,712.9300000000003,712.9300000000003,712.9300000000003,712.9300000000003,712.9300000000003,712.9300000000003,712.9300000000003,712.9300000000003,712.9300000000003,712.9300000000003,712.9300000000003,712.9300000000003,712.9300000000003,712.9300000000003,712.9300000000003,715.5600000000043,712.9300000000003,712.9300000000003,715.5600000000043,712.9300000000003,712.9300000000003,715.5600000000043,712.9300000000003,712.9300000000003,712.9300000000003,712.9300000000003,712.9300000000003,712.9400000000003,712.9400000000003,712.9400000000003,712.9400000000003,712.9400000000003,712.9400000000003,712.9400000000003,712.9400000000003,712.9400000000003,712.9400000000003,712.9400000000003,712.9400000000003,712.9400000000003,712.9400000000003,712.9400000000003,712.9400000000003,712.9400000000003,712.9400000000003,712.9400000000003,712.9400000000003,712.9400000000003,712.9400000000003,712.9400000000003,712.9400000000003,712.9400000000003,712.9400000000003,712.9400000000003,712.9400000000003,712.9400000000003,712.9400000000003,712.9400000000003,712.9400000000003,712.9400000000003,712.9400000000003,712.9400000000003,712.9400000000003,715.6700000000043,712.9400000000003,715.6700000000043,712.9400000000003,715.6700000000043,712.9400000000003,712.9400000000003,712.9400000000003,712.9400000000003,712.9400000000003,712.9400000000003,712.9500000000003,712.9500000000003,712.9500000000003,712.9500000000003,712.9500000000003,712.9500000000003,712.9500000000003,712.9500000000003,712.9500000000003,712.9500000000003,712.9500000000003,712.9500000000003,712.9500000000003,712.9500000000003,712.9500000000003,712.9500000000003,712.9500000000003,712.9600000000003,712.9600000000003,712.9600000000003,712.9600000000003,712.9600000000003,712.9600000000003,712.9600000000003,712.9600000000003,712.9600000000003,712.9600000000003,712.9600000000003,712.9600000000003,712.9600000000003,712.9600000000003,712.9600000000003,712.9600000000003,712.9600000000003,712.9600000000003,712.9600000000003,712.9600000000003,712.9600000000003,712.9600000000003,712.9600000000003,712.9600000000003,712.9600000000003,712.9600000000003,712.9600000000003,712.9600000000003,712.9600000000003,712.9600000000003,712.9600000000003,712.9700000000003,712.9700000000003,712.9700000000003,712.9700000000003,712.9700000000003,712.9700000000003,712.9700000000003,712.9700000000003,712.9700000000003,712.9700000000003,712.9700000000003,712.9700000000003,712.9700000000003,712.9800000000002,712.9800000000002,712.9800000000002,712.9800000000002,712.9800000000002,712.9800000000002,712.9800000000002,712.9800000000002,712.9800000000002,712.9800000000002,712.9800000000002,712.9800000000002,712.9800000000002,712.9800000000002,712.9800000000002,712.9800000000002,712.9800000000002,712.9800000000002,712.9800000000002,712.9800000000002,712.9800000000002,712.9800000000002,712.9800000000002,712.9800000000002,712.9800000000002,712.9800000000002,712.9800000000002,712.9800000000002,712.9800000000002,712.9800000000002,712.9800000000002,712.9800000000002,712.9800000000002,712.9800000000002,712.9800000000002,712.9800000000002,712.9800000000002,712.9800000000002,712.9800000000002,712.9800000000002,712.9800000000002,712.9800000000002,712.9800000000002,712.9800000000002,712.9800000000002,712.9800000000002,712.9800000000002,712.9800000000002,712.9800000000002,712.9800000000002,716.0100000000043,712.9800000000002,716.0100000000043,712.9800000000002,716.0100000000043,712.9800000000002,716.0100000000043,712.9800000000002,712.9800000000002,716.0100000000043,712.9800000000002,716.0100000000043,712.9800000000002,716.0100000000043,712.9800000000002,716.0100000000043,712.9800000000002,712.9800000000002,712.9800000000002,712.9800000000002,712.9800000000002,712.9800000000002,712.9800000000002,712.9800000000002,712.9800000000002,712.9800000000002,712.9800000000002,712.9800000000002,712.9800000000002,712.9800000000002,712.9800000000002,712.9800000000002,712.9800000000002,712.9800000000002,712.9800000000002,712.9800000000002,712.9800000000002,712.9800000000002,712.9800000000002,712.9800000000002,712.9800000000002,712.9800000000002,712.9800000000002,712.9800000000002,712.9800000000002,712.9800000000002,712.9800000000002,712.9800000000002,712.9800000000002,712.9800000000002,712.9800000000002,712.9800000000002,712.9800000000002,712.9800000000002,712.9800000000002,712.9800000000002,712.9800000000002,712.9800000000002,716.0100000000043,712.9800000000002,716.0100000000043,712.9800000000002,712.9800000000002,712.9800000000002,712.9800000000002,712.9800000000002,712.9800000000002,712.9800000000002,712.9800000000002,712.9800000000002,712.9800000000002,712.9800000000002,712.9800000000002,712.9800000000002,712.9800000000002,712.9800000000002,712.9900000000002,712.9900000000002,712.9900000000002,712.9900000000002,712.9900000000002,712.9900000000002,712.9900000000002,712.9900000000002,712.9900000000002,713.0000000000002,713.0000000000002,713.0000000000002,713.0000000000002,713.0000000000002,713.0000000000002,713.0000000000002,713.0000000000002,713.0000000000002,713.0000000000002,713.0000000000002,713.0000000000002,713.0000000000002,713.0000000000002,713.0000000000002,713.0000000000002,713.0000000000002,713.0000000000002,716.1300000000043,713.0000000000002,716.1300000000043,713.0000000000002,716.1300000000043,713.0000000000002,716.1300000000043,713.0000000000002,716.1300000000043,713.0000000000002,713.0000000000002,716.1300000000043,713.0000000000002,713.0000000000002,713.0000000000002,713.0000000000002,713.0000000000002,713.0000000000002,713.0000000000002,713.0000000000002,713.0000000000002,713.0000000000002,713.0000000000002,713.0000000000002,713.0000000000002,713.0000000000002,713.0000000000002,713.0000000000002,713.0000000000002,713.0000000000002,713.0000000000002,713.0000000000002,713.0000000000002,713.0000000000002,713.0000000000002,713.0000000000002,713.0000000000002,713.0000000000002,713.0100000000002,713.0100000000002,713.0100000000002,713.0100000000002,713.0100000000002,713.0100000000002,713.0100000000002,713.0100000000002,713.0100000000002,713.0100000000002,713.0100000000002,713.0100000000002,713.0100000000002,713.0100000000002,713.0100000000002,716.2400000000043,713.0100000000002,713.0100000000002,713.0100000000002,713.0100000000002,713.0100000000002,713.0100000000002,713.0100000000002,713.0100000000002,713.0100000000002,713.0100000000002,713.0100000000002,713.0100000000002,713.0100000000002,713.0100000000002,713.0200000000002,713.0200000000002,713.0200000000002,713.0200000000002,713.0200000000002,713.0200000000002,713.0200000000002,713.0200000000002,713.0200000000002,713.0200000000002,713.0200000000002,713.0200000000002,713.0200000000002,713.0200000000002,713.0200000000002,713.0200000000002,713.0200000000002,713.0200000000002,713.0200000000002,713.0200000000002,713.0200000000002,713.0200000000002,713.0200000000002,713.0200000000002,713.0200000000002,713.0200000000002,713.0200000000002,713.0200000000002,716.3500000000043,713.0200000000002,713.0200000000002,713.0200000000002,713.0200000000002,713.0200000000002,713.0200000000002,713.0200000000002,713.0200000000002,713.0200000000002,713.0200000000002,713.0200000000002,713.0200000000002,713.0200000000002,713.0200000000002,713.0200000000002,713.0200000000002,713.0200000000002,713.0200000000002,713.0200000000002,713.0200000000002,713.0200000000002,713.0200000000002,713.0200000000002,713.0200000000002,713.0200000000002,713.0200000000002,713.0200000000002,713.0200000000002,713.0200000000002,713.0200000000002,713.0200000000002,713.0200000000002,713.0200000000002,713.0200000000002,713.0200000000002,713.0200000000002,713.0200000000002,713.0200000000002,713.0200000000002,713.0200000000002,713.0200000000002,713.0200000000002,716.3500000000043,713.0200000000002,713.0200000000002,713.0200000000002,713.0200000000002,713.0200000000002,713.0200000000002,713.0200000000002,713.0200000000002,713.0200000000002,713.0200000000002,713.0200000000002,713.0200000000002,713.0200000000002,713.0200000000002,713.0200000000002,713.0200000000002,713.0200000000002,713.0200000000002,713.0200000000002,713.0200000000002,713.0200000000002,713.0200000000002,713.0200000000002,713.0300000000002,713.0300000000002,713.0300000000002,713.0300000000002,713.0300000000002,713.0300000000002,713.0300000000002,713.0300000000002,713.0300000000002,713.0300000000002,713.0300000000002,713.0300000000002,713.0300000000002,713.0300000000002,713.0300000000002,713.0300000000002,713.0300000000002,713.0300000000002,713.0300000000002,713.0300000000002,716.4700000000043,713.0300000000002,716.4700000000043,713.0300000000002,716.4700000000043,713.0300000000002,713.0300000000002,713.0300000000002,713.0300000000002,713.0300000000002,713.0300000000002,713.0300000000002,713.0300000000002,713.0300000000002,713.0300000000002,713.0300000000002,713.0300000000002,713.0300000000002,713.0300000000002,713.0300000000002,713.0300000000002,713.0300000000002,713.0300000000002,713.0300000000002,713.0300000000002,713.0400000000002,713.0400000000002,713.0400000000002,713.0400000000002,713.0400000000002,713.0400000000002,713.0400000000002,713.0400000000002,713.0400000000002,713.0400000000002,713.0400000000002,713.0400000000002,713.0400000000002,713.0400000000002,713.0400000000002,713.0400000000002,713.0400000000002,713.0400000000002,713.0400000000002,713.0400000000002,713.0400000000002,716.5900000000044,713.0400000000002,713.0400000000002,713.0400000000002,713.0400000000002,713.0400000000002,713.0400000000002,713.0400000000002,713.0400000000002,713.0400000000002,713.0400000000002,713.0400000000002,713.0500000000002,713.0500000000002,713.0500000000002,713.0500000000002,713.0500000000002,713.0500000000002,713.0500000000002,713.0600000000002,713.0600000000002,713.0600000000002,713.0600000000002,713.0600000000002,713.0600000000002,713.0600000000002,713.0600000000002,713.0600000000002,713.0600000000002,713.0600000000002,713.0600000000002,713.0600000000002,713.0600000000002,713.0600000000002,713.0600000000002,713.0600000000002,713.0600000000002,713.0600000000002,716.7100000000044,713.0600000000002,716.7100000000044,713.0600000000002,713.0600000000002,716.7100000000044,713.0600000000002,713.0600000000002,713.0600000000002,713.0600000000002,713.0600000000002,713.0600000000002,713.0600000000002,713.0600000000002,713.0600000000002,713.0600000000002,713.0600000000002,713.0600000000002,713.0600000000002,713.0600000000002,713.0600000000002,713.0600000000002,713.0600000000002,713.0600000000002,713.0600000000002,713.0600000000002,713.0600000000002,713.0600000000002,713.0600000000002,713.0600000000002,713.0600000000002,713.0600000000002,713.0600000000002,713.0600000000002,713.0600000000002,713.0600000000002,713.0600000000002,713.0600000000002,713.0600000000002,713.0600000000002,713.0600000000002,713.0600000000002,713.0600000000002,713.0600000000002,713.0600000000002,716.8300000000044,713.0600000000002,716.8300000000044,713.0600000000002,716.8300000000044,713.0600000000002,716.8300000000044,713.0600000000002,716.8300000000044,713.0600000000002,713.0600000000002,713.0600000000002,713.0600000000002,713.0600000000002,713.0600000000002,713.0600000000002,713.0600000000002,713.0600000000002,713.0600000000002,713.0600000000002,713.0600000000002,713.0600000000002,713.0600000000002,713.0600000000002,713.0600000000002,713.0600000000002,713.0600000000002,713.0600000000002,713.0600000000002,713.0600000000002,713.0600000000002,713.0600000000002,713.0600000000002,713.0600000000002,713.0600000000002,713.0600000000002,713.0600000000002,713.0600000000002,713.0600000000002,713.0600000000002,713.0600000000002,713.0600000000002,713.0600000000002,713.0600000000002,713.0600000000002,713.0600000000002,713.0600000000002,713.0600000000002,713.0600000000002,713.0600000000002,713.0700000000002,716.9500000000044,713.0700000000002,713.0700000000002,716.9600000000044,713.0700000000002,716.9600000000044,713.0700000000002,713.0700000000002,713.0700000000002,713.0700000000002,713.0700000000002,713.0700000000002,713.0700000000002,713.0700000000002,713.0700000000002,713.0700000000002,713.0700000000002,713.0700000000002,713.0700000000002,713.0700000000002,713.0700000000002,713.0700000000002,713.0700000000002,713.0700000000002,713.0700000000002,713.0700000000002,713.0700000000002,713.0700000000002,713.0700000000002,713.0700000000002,713.0700000000002,713.0700000000002,713.0700000000002,713.0700000000002,713.0700000000002,713.0700000000002,713.0800000000002,713.0800000000002,713.0800000000002,713.0800000000002,713.0800000000002,713.0800000000002,713.0800000000002,713.0800000000002,713.0800000000002,713.0800000000002,713.0800000000002,713.0800000000002,716.9600000000044,713.0800000000002,716.9600000000044,713.0800000000002,713.0800000000002,713.0800000000002,713.0800000000002,713.0900000000001,713.0900000000001,713.0900000000001,713.0900000000001,713.0900000000001,713.0900000000001,713.0900000000001,713.0900000000001,713.0900000000001,713.0900000000001,713.0900000000001,713.0900000000001,713.0900000000001,713.0900000000001,713.0900000000001,713.0900000000001,713.0900000000001,713.0900000000001,713.0900000000001,713.0900000000001,713.0900000000001,713.0900000000001,713.0900000000001,713.0900000000001,713.0900000000001,713.0900000000001,713.0900000000001,713.0900000000001,713.0900000000001,713.0900000000001,713.0900000000001,713.0900000000001,713.0900000000001,713.0900000000001,713.0900000000001,713.0900000000001,713.0900000000001,713.0900000000001,713.0900000000001,713.0900000000001,717.0800000000044,713.0900000000001,713.0900000000001,713.0900000000001,713.0900000000001,713.0900000000001,713.0900000000001,713.0900000000001,713.0900000000001,713.0900000000001,713.0900000000001,713.0900000000001,713.0900000000001,713.0900000000001,713.0900000000001,713.0900000000001,713.0900000000001,713.0900000000001,713.0900000000001,713.0900000000001,713.0900000000001,713.0900000000001,713.0900000000001,713.0900000000001,713.0900000000001,713.0900000000001,713.0900000000001,713.0900000000001,713.0900000000001,713.0900000000001,713.0900000000001,713.0900000000001,713.0900000000001,713.1000000000001,713.1000000000001,713.1000000000001,713.1000000000001,713.1000000000001,713.1000000000001,717.2000000000044,717.2000000000044,717.2000000000044,717.2000000000044,717.2000000000044,717.3200000000044,717.3200000000044,713.3600000000001,713.3600000000001,713.3600000000001,713.3600000000001,713.3600000000001,717.4400000000044,713.3600000000001,713.3600000000001,713.3600000000001,713.3600000000001,713.3600000000001,713.3600000000001,713.3600000000001,713.3600000000001,713.3600000000001,713.3600000000001,713.3600000000001,713.3600000000001,713.3600000000001,713.3600000000001,713.3600000000001,713.3600000000001,713.3600000000001,713.3700000000001,713.3700000000001,713.3700000000001,713.3700000000001,713.3700000000001,713.3700000000001,713.3700000000001,713.3700000000001,713.3700000000001,713.3700000000001,713.3700000000001,713.3700000000001,713.3700000000001,713.3700000000001,713.3700000000001,713.3700000000001,713.3700000000001,713.3700000000001,713.3700000000001,713.3700000000001,713.3700000000001,713.3700000000001,713.3700000000001,713.3700000000001,717.5700000000044,713.3700000000001,713.3700000000001,713.3700000000001,713.3700000000001,713.3700000000001,713.3700000000001,713.3700000000001,713.3700000000001,713.3700000000001,713.3700000000001,713.3700000000001,713.3700000000001,713.3700000000001,713.3700000000001,713.3700000000001,713.3700000000001,713.3700000000001,713.3700000000001,713.3700000000001,713.3700000000001,713.3700000000001,713.3700000000001,713.3700000000001,713.3700000000001,713.3700000000001,713.3700000000001,713.3700000000001,713.3700000000001,713.3700000000001,713.3700000000001,713.3700000000001,713.3700000000001,713.3700000000001,713.3700000000001,713.3700000000001,713.3700000000001,713.3700000000001,713.3700000000001,713.3700000000001,713.3700000000001,713.3700000000001,713.3700000000001,713.3700000000001,717.5700000000044,713.3700000000001,717.5700000000044,713.3700000000001,717.5800000000044,713.3700000000001,713.3700000000001,717.5800000000044,713.3700000000001,717.5800000000044,713.3700000000001,713.3700000000001,713.3700000000001,713.3700000000001,713.3700000000001,713.3700000000001,713.3700000000001,713.3700000000001,713.3700000000001,713.3700000000001,713.3700000000001,713.3700000000001,713.3700000000001,713.3700000000001,713.3700000000001,713.3700000000001,713.3700000000001,713.3700000000001,713.3700000000001,713.3700000000001,713.3700000000001,713.3700000000001,713.3700000000001,713.3700000000001,713.3700000000001,713.3700000000001,713.3700000000001,713.3700000000001,713.3700000000001,713.3700000000001,713.3700000000001,713.3700000000001,713.3700000000001,713.3700000000001,713.3700000000001,713.3700000000001,713.3700000000001,713.3700000000001,713.3700000000001,713.3700000000001,713.3700000000001,713.3700000000001,713.3700000000001,713.3700000000001,717.7100000000044,713.3700000000001,717.7100000000044,713.3700000000001,713.3700000000001,713.3700000000001,713.3700000000001,713.3700000000001,713.3700000000001,713.3700000000001,713.3700000000001,713.3700000000001,713.3700000000001,713.3700000000001,713.3700000000001,713.3700000000001,713.3700000000001,713.3700000000001,713.3700000000001,713.3700000000001,713.3700000000001,713.3700000000001,713.3700000000001,713.3800000000001,713.3800000000001,713.3800000000001,713.3800000000001,713.3800000000001,713.3800000000001,713.3800000000001,713.3800000000001,713.3800000000001,713.3800000000001,713.3800000000001,713.3800000000001,713.3800000000001,713.3800000000001,713.3800000000001,713.3800000000001,713.3800000000001,713.3800000000001,713.3800000000001,713.3800000000001,717.8400000000044,717.8400000000044,717.8400000000044,717.8400000000044,717.8400000000044,717.8400000000044,717.8400000000044,717.8400000000044,717.8400000000044,713.6500000000001,713.6500000000001,713.6500000000001,713.6500000000001,713.6500000000001,713.6500000000001,713.6500000000001,717.9700000000043,713.6500000000001,717.9700000000043,713.6500000000001,717.9700000000043,713.6500000000001,713.6500000000001,717.9700000000043,713.6500000000001,713.6500000000001,713.6500000000001,713.6500000000001,713.6500000000001,713.6500000000001,713.6500000000001,713.6500000000001,713.6500000000001,713.6500000000001,713.6500000000001,713.6500000000001,713.6500000000001,713.6500000000001,713.6500000000001,713.6500000000001,713.6500000000001,713.6500000000001,713.6500000000001,713.6500000000001,713.6500000000001,713.6500000000001,713.6500000000001,713.6500000000001,713.6500000000001,713.6500000000001,713.6500000000001,713.6500000000001,713.6500000000001,713.6500000000001,713.6500000000001,713.6500000000001,713.6500000000001,713.6500000000001,713.6500000000001,713.6500000000001,713.6500000000001,713.6500000000001,713.6500000000001,713.6500000000001,713.6500000000001,713.6500000000001,713.6500000000001,713.6500000000001,718.1000000000043,713.6500000000001,713.6500000000001,713.6500000000001,713.6500000000001,713.6500000000001,713.6500000000001,713.6500000000001,713.6500000000001,713.6500000000001,713.6500000000001,713.6500000000001,713.6500000000001,713.6500000000001,713.6500000000001,713.6500000000001,713.6500000000001,713.6500000000001,713.6500000000001,713.6500000000001,713.6500000000001,713.6500000000001,713.6500000000001,713.6500000000001,713.6500000000001,713.6500000000001,713.6500000000001,713.6500000000001,713.6500000000001,713.6500000000001,713.6500000000001,713.6500000000001,713.6500000000001,713.6500000000001,713.6500000000001,713.6500000000001,713.6500000000001,713.6500000000001,713.6500000000001,713.6500000000001,713.6500000000001,713.6500000000001,713.6500000000001,713.6500000000001,713.6500000000001,718.2200000000043,713.6500000000001,713.6500000000001,713.6500000000001,713.6500000000001,713.6500000000001,713.6500000000001,713.6600000000002,713.6600000000002,713.6600000000002,713.6600000000002,713.6600000000002,713.6600000000002,713.6600000000002,713.6600000000002,713.6600000000002,713.6600000000002,713.6600000000002,713.6600000000002,713.6600000000002,713.6600000000002,713.6600000000002,713.6600000000002,713.6600000000002,713.6600000000002,713.6600000000002,713.6600000000002,713.6600000000002,713.6600000000002,713.6600000000002,713.6600000000002,713.6600000000002,713.6600000000002,713.6600000000002,713.6600000000002,713.6600000000002,713.6600000000002,713.6600000000002,713.6600000000002,713.6600000000002,713.6600000000002,713.6600000000002,713.6600000000002,713.6600000000002,713.6600000000002,718.3400000000044,713.6600000000002,718.3400000000044,713.6600000000002,713.6600000000002,713.6600000000002,713.6600000000002,713.6600000000002,713.6600000000002,713.6600000000002,713.6600000000002,713.6600000000002,713.6600000000002,713.6600000000002,713.6600000000002,713.6600000000002,713.6600000000002,713.6600000000002,713.6600000000002,713.6600000000002,713.6600000000002,713.6600000000002,713.6600000000002,713.6600000000002,713.6600000000002,713.6700000000002,713.6700000000002,713.6700000000002,713.6700000000002,713.6700000000002,713.6700000000002,713.6700000000002,713.6700000000002,713.6700000000002,713.6700000000002,713.6700000000002,713.6700000000002,713.6700000000002,713.6700000000002,713.6700000000002,713.6700000000002,713.6700000000002,713.6700000000002,713.6700000000002,713.6700000000002,713.6700000000002,713.6700000000002,713.6700000000002,718.4600000000044,713.6700000000002,713.6700000000002,713.6700000000002,713.6700000000002,713.6700000000002,713.6700000000002,713.6700000000002,713.6700000000002,713.6700000000002,713.6700000000002,713.6700000000002,713.6700000000002,713.6700000000002,713.6700000000002,713.6700000000002,713.6700000000002,713.6700000000002,713.6700000000002,713.6700000000002,713.6700000000002,713.6700000000002,713.6700000000002,713.6700000000002,713.6700000000002,713.6700000000002,713.6700000000002,713.6700000000002,713.6700000000002,713.6700000000002,713.6700000000002,713.6700000000002,713.6800000000002,713.6800000000002,713.6800000000002,713.6800000000002,713.6800000000002,713.6800000000002,713.6800000000002,713.6800000000002,713.6800000000002,713.6800000000002,713.6800000000002,713.6800000000002,713.6800000000002,713.6800000000002,713.6800000000002,713.6800000000002,713.6800000000002,713.6900000000002,713.6900000000002,713.6900000000002,713.6900000000002,713.6900000000002,713.6900000000002,713.6900000000002,713.6900000000002,713.6900000000002,713.6900000000002,713.6900000000002,713.6900000000002,713.6900000000002,713.6900000000002,713.6900000000002,713.6900000000002,713.6900000000002,713.6900000000002,713.6900000000002,713.6900000000002,713.6900000000002,713.6900000000002,713.6900000000002,713.6900000000002,713.6900000000002,713.6900000000002,713.7000000000002,713.7000000000002,713.7000000000002,713.7000000000002,713.7000000000002,713.7000000000002,713.7000000000002,713.7000000000002,713.7000000000002,713.7000000000002,713.7000000000002,713.7000000000002,713.7000000000002,718.7100000000044,713.7000000000002,713.7000000000002,713.7000000000002,713.7000000000002,713.7000000000002,713.7000000000002,713.7000000000002,713.7000000000002,713.7000000000002,713.7000000000002,713.7000000000002,713.7000000000002,713.7000000000002,713.7000000000002,713.7000000000002,713.7000000000002,713.7000000000002,713.7100000000002,713.7100000000002,713.7100000000002,713.7100000000002,713.7100000000002,713.7100000000002,713.7100000000002,713.7100000000002,713.7100000000002,713.7100000000002,713.7100000000002,713.7100000000002,713.7100000000002,713.7100000000002,713.7100000000002,713.7100000000002,713.7100000000002,713.7100000000002,713.7100000000002,713.7100000000002,713.7100000000002,713.7100000000002,713.7100000000002,713.7100000000002,713.7100000000002,713.7100000000002,713.7100000000002,718.8400000000044,713.7100000000002,713.7100000000002,718.8400000000044,713.7100000000002,718.8400000000044,713.7100000000002,718.8400000000044,713.7100000000002,718.8400000000044,713.7100000000002,718.8400000000044,713.7100000000002,713.7100000000002,713.7100000000002,713.7100000000002,713.7100000000002,713.7100000000002,713.7100000000002,713.7100000000002,713.7100000000002,713.7100000000002,713.7100000000002,713.7100000000002,713.7100000000002,713.7100000000002,713.7100000000002,713.7100000000002,713.7100000000002,713.7100000000002,713.7100000000002,713.7100000000002,713.7100000000002,713.7100000000002,713.7100000000002,713.7100000000002,713.7100000000002,713.7100000000002,713.7100000000002,713.7100000000002,713.7100000000002,713.7100000000002,713.7100000000002,713.7100000000002,713.7100000000002,713.7100000000002,713.7100000000002,713.7100000000002,713.7100000000002,713.7100000000002,713.7100000000002,713.7100000000002,713.7100000000002,713.7100000000002,713.7100000000002,713.7100000000002,718.9700000000043,713.7100000000002,713.7100000000002,713.7100000000002,713.7100000000002,713.7100000000002,713.7100000000002,713.7100000000002,713.7100000000002,713.7100000000002,713.7100000000002,713.7100000000002,713.7100000000002,713.7100000000002,713.7100000000002,713.7100000000002,713.7100000000002,713.7100000000002,713.7100000000002,713.7100000000002,713.7100000000002,713.7100000000002,713.7100000000002,713.7100000000002,713.7100000000002,713.7100000000002,713.7100000000002,713.7100000000002,713.7100000000002,713.7100000000002,713.7100000000002,713.7100000000002,713.7100000000002,713.7100000000002,713.7100000000002,713.7100000000002,713.7100000000002,713.7100000000002,713.7100000000002,713.7100000000002,713.7100000000002,713.7100000000002,713.7100000000002,713.7100000000002,713.7100000000002,713.7100000000002,713.7100000000002,719.1000000000043,713.7100000000002,719.1000000000043,713.7100000000002,719.1000000000043,713.7100000000002,719.1000000000043,713.7100000000002,713.7100000000002,713.7100000000002,713.7100000000002,713.7100000000002,713.7100000000002,713.7100000000002,713.7100000000002,713.7100000000002,713.7100000000002,713.7100000000002,713.7100000000002,713.7100000000002,713.7100000000002,713.7100000000002,713.7100000000002,713.7100000000002,713.7100000000002,713.7100000000002,713.7100000000002,713.7100000000002,713.7100000000002,713.7100000000002,713.7100000000002,713.7100000000002,713.7100000000002,713.7100000000002,713.7100000000002,713.7100000000002,713.7100000000002,713.7100000000002,713.7100000000002,713.7100000000002,713.7100000000002,713.7100000000002,713.7100000000002,713.7100000000002,713.7100000000002,713.7100000000002,713.7100000000002,713.7100000000002,713.7100000000002,713.7100000000002,713.7100000000002,713.7100000000002,719.2300000000043,713.7100000000002,713.7100000000002,719.2300000000043,713.7100000000002,719.2300000000043,713.7100000000002,719.2300000000043,713.7100000000002,719.2300000000043,713.7100000000002,719.2300000000043,713.7100000000002,713.7100000000002,713.7100000000002,713.7100000000002,713.7100000000002,713.7100000000002,713.7100000000002,713.7100000000002,713.7100000000002,713.7100000000002,713.7100000000002,713.7100000000002,713.7100000000002,713.7100000000002,713.7100000000002,713.7100000000002,713.7100000000002,713.7100000000002,713.7100000000002,713.7100000000002,713.7100000000002,713.7100000000002,713.7100000000002,713.7100000000002,713.7100000000002,713.7100000000002,713.7100000000002,713.7100000000002,713.7100000000002,713.7100000000002,713.7100000000002,713.7100000000002,713.7100000000002,713.7100000000002,713.7100000000002,713.7100000000002,713.7100000000002,713.7100000000002,713.7200000000003,713.7200000000003,713.7200000000003,713.7200000000003,713.7200000000003,713.7200000000003,713.7200000000003,713.7200000000003,719.3600000000043,713.7200000000003,719.3600000000043,713.7200000000003,719.3600000000043,713.7200000000003,713.7200000000003,713.7200000000003,713.7200000000003,713.7200000000003,713.7200000000003,713.7200000000003,713.7200000000003,713.7200000000003,713.7200000000003,713.7200000000003,713.7200000000003,713.7200000000003,713.7200000000003,713.7200000000003,713.7200000000003,713.7200000000003,713.7200000000003,713.7200000000003,713.7200000000003,713.7200000000003,713.7200000000003,713.7200000000003,713.7200000000003,713.7200000000003,713.7200000000003,713.7200000000003,713.7200000000003,713.7200000000003,713.7200000000003,713.7200000000003,713.7200000000003,713.7200000000003,713.7300000000002,713.7300000000002,713.7300000000002,713.7300000000002,713.7400000000002,713.7400000000002,713.7400000000002,713.7400000000002,713.7400000000002,713.7400000000002,713.7400000000002,719.4900000000043,713.7400000000002,713.7400000000002,713.7400000000002,713.7400000000002,713.7400000000002,713.7500000000002,713.7500000000002,713.7500000000002,713.7500000000002,713.7500000000002,713.7500000000002,713.7500000000002,713.7500000000002,713.7500000000002,713.7500000000002,713.7500000000002,713.7500000000002,713.7500000000002,713.7600000000002,713.7600000000002,713.7600000000002,713.7600000000002,713.7600000000002,713.7600000000002,713.7600000000002,713.7600000000002,713.7600000000002,713.7600000000002,713.7600000000002,713.7600000000002,713.7600000000002,713.7600000000002,713.7600000000002,713.7600000000002,713.7600000000002,713.7600000000002,713.7600000000002,713.7600000000002,713.7600000000002,713.7600000000002,713.7600000000002,713.7600000000002,713.7600000000002,713.7600000000002,713.7600000000002,713.7600000000002,713.7600000000002,713.7600000000002,713.7600000000002,713.7600000000002,713.7600000000002,713.7600000000002,713.7600000000002,713.7600000000002,713.7600000000002,713.7600000000002,713.7600000000002,713.7600000000002,713.7600000000002,713.7600000000002,713.7600000000002,713.7600000000002,713.7600000000002,713.7600000000002,713.7600000000002,713.7600000000002,713.7600000000002,713.7600000000002,713.7600000000002,713.7600000000002,713.7600000000002,713.7600000000002,713.7600000000002,713.7600000000002,713.7600000000002,713.7600000000002,713.7600000000002,713.7600000000002,713.7600000000002,713.7600000000002,713.7600000000002,713.7600000000002,713.7600000000002,713.7600000000002,713.7600000000002,713.7600000000002,713.7600000000002,719.7500000000043,713.7600000000002,719.7500000000043,713.7600000000002,713.7600000000002,719.7500000000043,713.7600000000002,719.7500000000043,713.7600000000002,719.7500000000043,713.7600000000002,713.7600000000002,713.7600000000002,713.7600000000002,713.7600000000002,713.7600000000002,713.7600000000002,713.7600000000002,713.7600000000002,713.7600000000002,713.7600000000002,713.7700000000002,713.7700000000002,713.7700000000002,713.7700000000002,713.7700000000002,713.7700000000002,713.7700000000002,713.7700000000002,713.7700000000002,713.7700000000002,713.7700000000002,713.7700000000002,713.7700000000002,713.7700000000002,713.7700000000002,713.7700000000002,713.7700000000002,713.7700000000002,713.7700000000002,713.7700000000002,713.7700000000002,713.7700000000002,713.7700000000002,713.7700000000002,713.7700000000002,713.7700000000002,713.7700000000002,713.7700000000002,713.7700000000002,713.7700000000002,713.7700000000002,713.7700000000002,713.7700000000002,719.8800000000043,713.7700000000002,719.8800000000043,713.7700000000002,713.7700000000002,713.7700000000002,713.7700000000002,713.7700000000002,713.7700000000002,713.7700000000002,713.7700000000002,713.7700000000002,713.7700000000002,713.7700000000002,713.7700000000002,713.7700000000002,713.7700000000002,713.7700000000002,713.7700000000002,713.7700000000002,713.7700000000002,713.7700000000002,713.7700000000002,713.7700000000002,713.7700000000002,713.7700000000002,713.7700000000002,713.7700000000002,713.7700000000002,713.7700000000002,713.7700000000002,713.7700000000002,713.7700000000002,720.0200000000043,720.0200000000043,720.1500000000043,720.1500000000043,720.1500000000043,720.1500000000043,714.0300000000002,714.0300000000002,714.0300000000002,714.0300000000002,714.0300000000002,714.0300000000002,714.0300000000002,714.0300000000002,714.0300000000002,714.0300000000002,714.0300000000002,714.0300000000002,714.0300000000002,714.0300000000002,714.0300000000002,714.0300000000002,714.0300000000002,714.0300000000002,714.0300000000002,714.0300000000002,714.0300000000002,720.2800000000043,714.0300000000002,714.0300000000002,714.0300000000002,714.0300000000002,714.0300000000002,714.0300000000002,714.0300000000002,714.0300000000002,714.0300000000002,714.0300000000002,714.0300000000002,714.0300000000002,714.0300000000002,714.0300000000002,714.0300000000002,714.0300000000002,714.0300000000002,714.0300000000002,714.0300000000002,714.0400000000002,714.0400000000002,714.0400000000002,714.0400000000002,714.0400000000002,714.0400000000002,714.0400000000002,714.0400000000002,714.0400000000002,714.0400000000002,714.0400000000002,714.0400000000002,714.0400000000002,714.0400000000002,714.0400000000002,714.0400000000002,714.0400000000002,714.0400000000002,714.0400000000002,714.0400000000002,714.0400000000002,714.0400000000002,714.0400000000002,714.0400000000002,714.0400000000002,720.4200000000043,714.0400000000002,714.0400000000002,714.0400000000002,714.0400000000002,714.0400000000002,714.0400000000002,714.0400000000002,714.0400000000002,714.0400000000002,714.0400000000002,714.0400000000002,714.0400000000002,714.0400000000002,714.0400000000002,714.0400000000002,714.0400000000002,714.0400000000002,714.0400000000002,714.0400000000002,714.0400000000002,714.0400000000002,714.0500000000002,714.0500000000002,714.0500000000002,714.0500000000002,714.0500000000002,714.0500000000002,714.0500000000002,714.0500000000002,714.0500000000002,714.0500000000002,714.0500000000002,714.0500000000002,714.0500000000002,714.0500000000002,714.0500000000002,714.0500000000002,714.0500000000002,714.0500000000002,
714.0500000000002,714.0500000000002,714.0500000000002,714.0500000000002,714.0500000000002,720.5500000000043,714.0500000000002,714.0500000000002,720.5500000000043,714.0500000000002,714.0500000000002,714.0500000000002,714.0500000000002,714.0500000000002,714.0500000000002,714.0500000000002,714.0500000000002,714.0500000000002,714.0500000000002,714.0500000000002,714.0500000000002,714.0600000000002,714.0600000000002,714.0600000000002,714.0600000000002,714.0600000000002,714.0600000000002,714.0600000000002,714.0600000000002,714.0600000000002,714.0600000000002,714.0600000000002,714.0600000000002,714.0600000000002,714.0700000000002,714.0700000000002,714.0700000000002,714.0700000000002,714.0800000000002,714.0900000000003,714.0900000000003,714.0900000000003,714.0900000000003,714.0900000000003,714.1000000000003,714.1100000000002,714.1100000000002,714.1200000000002,714.1200000000002,714.1300000000002,714.1300000000002,714.1500000000002,720.8200000000044,720.8200000000044,714.1700000000002,714.2000000000003,714.2200000000003,714.2400000000002,714.2400000000002,714.2400000000002,714.2400000000002,714.2400000000002,714.2400000000002,714.2400000000002,720.9500000000044,720.9500000000044,720.9500000000044,720.9500000000044,720.9500000000044,714.2600000000003,720.9500000000044,714.2600000000003,720.9500000000044,714.2800000000003,714.3000000000003,714.3000000000003,714.3000000000003,714.3000000000003,714.3000000000003,714.3000000000003,714.3400000000004,714.3400000000004,714.3400000000004,714.3400000000004,714.3600000000004,714.4100000000003,714.4100000000003,714.4100000000003,714.4100000000003,714.4100000000003,714.4100000000003,714.4100000000003,714.4300000000004,714.4300000000004,714.4300000000004,714.4300000000004,714.4300000000004,721.2200000000043,721.2200000000043,714.4600000000004,721.2200000000043,714.4600000000004,721.2200000000043,714.4600000000004,721.2200000000043,714.4600000000004,714.4800000000004,714.4800000000004,714.4800000000004,714.5000000000005,721.3600000000043,721.3600000000043,714.5800000000004,714.5800000000004,714.6100000000005,714.6100000000005,721.5000000000043,714.7000000000004,714.7300000000004,714.8200000000004,714.8800000000005,714.8800000000005,714.9100000000004,714.9400000000004,721.7800000000044,714.9700000000005,715.0000000000005,715.0000000000005,721.9200000000044,715.0300000000004,721.9200000000044,721.9200000000044,721.9200000000044,721.9200000000044,715.0600000000004,715.1300000000003,715.1300000000003,722.0500000000044,715.1700000000004,715.2100000000004,715.2100000000004,715.2100000000004,715.2200000000004,715.2600000000003,715.2600000000003,715.2600000000003,715.2600000000003,722.1900000000044,715.3000000000003,715.3000000000003,715.3000000000003,715.3400000000003,715.3400000000003,715.3400000000003,715.3400000000003,715.3500000000003,715.3500000000003,722.3300000000044,722.3300000000044,722.3300000000044,722.3300000000044,715.3900000000002,715.3900000000002,715.4700000000003,715.4700000000003,722.4700000000045,715.5200000000002,715.5200000000002,715.5200000000002,715.5200000000002,715.5600000000002,715.5600000000002,722.6100000000044,722.6100000000044,722.6100000000044,722.6100000000044,722.6100000000044,722.6100000000044,722.6100000000044,722.6200000000044,722.6200000000044,722.6200000000044,715.6500000000002,715.7000000000002,715.7500000000001,722.7600000000044,715.7900000000002,715.7900000000002,715.7900000000002,715.8400000000001,715.8400000000001,715.8400000000001,715.8400000000001,715.8400000000001,715.8400000000001,715.8500000000001,715.8900000000002,715.8900000000002,715.8900000000002,722.9000000000044,715.8900000000002,722.9000000000044,715.8900000000002,715.8900000000002,722.9000000000044,715.8900000000002,722.9000000000044,715.8900000000002,722.9000000000044,722.9000000000044,722.9000000000044,722.9000000000044,715.9300000000002,715.9300000000002,715.9300000000002,715.9800000000002,715.9800000000002,715.9800000000002,715.9800000000002,723.0400000000045,723.0400000000045,723.0400000000045,716.0800000000003,716.1800000000002,716.2800000000002,723.3300000000045,723.3300000000045,723.3300000000045,723.3300000000045,716.3300000000003,716.3300000000003,716.3300000000003,716.3300000000003,716.3800000000002,716.3800000000002,723.3300000000045,723.3300000000045,716.4900000000002,716.4900000000002,716.5400000000003,716.5400000000003,716.5400000000003,723.4700000000045,723.4700000000045,716.5900000000003,716.6400000000003,716.7500000000002,716.7500000000002,716.7500000000002,723.7600000000045,723.7600000000045,723.7600000000045,716.8700000000001,716.8700000000001,716.8700000000001,716.9200000000001,716.9200000000001,716.9800000000001,717.0400000000001,717.1,724.0600000000045,724.0600000000045,717.1600000000001,717.1600000000001,717.1600000000001,717.1600000000001,717.1600000000001,717.2200000000001,724.2100000000045,724.2100000000045,717.2800000000001,717.2800000000001,717.3400000000001,724.2100000000045,717.4000000000001,717.4000000000001,717.4600000000002,717.4600000000002,717.4600000000002,724.3600000000044,717.4600000000002,717.4600000000002,717.4600000000002,717.4600000000002,717.5300000000002,717.5900000000001,717.5900000000001,724.5100000000044,717.6500000000002,717.7200000000001,717.7200000000001,717.7200000000001,724.6600000000044,717.7900000000002,717.8600000000002,724.8100000000044,717.9200000000002,717.9800000000002,717.9800000000002,717.9800000000002,717.9800000000002,724.9600000000045,724.9600000000045,724.9600000000045,724.9600000000045,724.9600000000045,724.9700000000045,718.0500000000002,718.1200000000002,718.1200000000002,718.1200000000002,718.1800000000002,718.1800000000002,718.3100000000002,725.1200000000044,718.3100000000002,718.3100000000002,718.3100000000002,718.3100000000002,718.3700000000001,718.3700000000001,725.2700000000044,718.4400000000002,718.5100000000001,718.5100000000001,718.5800000000002,725.4200000000045,718.5800000000002,718.5800000000002,725.4200000000045,725.4200000000045,718.6500000000002,718.6500000000002,718.7200000000001,725.5700000000045,725.5700000000045,718.7900000000002,718.7900000000002,718.7900000000002,718.8600000000001,725.7200000000045,725.7200000000045,718.9300000000002,719.0000000000002,725.8700000000044,719.0800000000002,719.0800000000002,719.1600000000002,719.1600000000002,726.0200000000045,719.3100000000002,726.1700000000045,719.3900000000002,719.4600000000002,719.4600000000002,726.3300000000045,719.5300000000002,719.6000000000003,719.6700000000002,719.6700000000002,719.7400000000002,719.7400000000002,719.7400000000002,726.6400000000045,719.9000000000002,726.7900000000045,719.9000000000002,726.7900000000045,719.9000000000002,726.7900000000045,719.9700000000003,719.9700000000003,726.9500000000045,726.9500000000045,726.9500000000045,720.0500000000003,726.9500000000045,720.0500000000003,726.9500000000045,726.9500000000045,720.1200000000002,720.1200000000002,720.1200000000002,720.1200000000002,720.1200000000002,727.1000000000046,727.1000000000046,720.4400000000003,727.4100000000045,727.4100000000045,720.5200000000003,720.5300000000003,720.5300000000003,720.6100000000002,727.5600000000045,727.5600000000045,727.5600000000045,720.7000000000003,720.7800000000003,720.7800000000003,720.7800000000003,720.7800000000003,727.7200000000045,727.7200000000045,720.8600000000002,720.9400000000003,720.9400000000003,727.8800000000044,721.1000000000003,721.1000000000003,721.1000000000003,721.1000000000003,728.0300000000044,728.1800000000045,728.1800000000045,721.2700000000002,721.2700000000002,721.2700000000002,721.3500000000003,721.3500000000003,728.3400000000045,728.3400000000045,728.3400000000045,728.3400000000045,728.3400000000045,721.4400000000002,728.5000000000044,728.5100000000044,728.5100000000044,728.5100000000044,721.5300000000002,721.6100000000002,721.6100000000002,721.7000000000002,721.7900000000002,721.7900000000002,721.8000000000002,728.8300000000045,728.8300000000045,728.8300000000045,728.8300000000045,728.8300000000045,728.8300000000045,728.8300000000045,728.8300000000045,721.8900000000002,721.8900000000002,721.8900000000002,721.8900000000002,721.8900000000002,721.8900000000002,721.8900000000002,721.8900000000002,729.0000000000045,729.0000000000045,729.0000000000045,729.0000000000045,729.0000000000045,729.0000000000045,729.0000000000045,722.0700000000003,722.0700000000003,722.0700000000003,722.1600000000003,729.1600000000045,722.2500000000003,722.2500000000003,722.2500000000003,722.2500000000003,729.3300000000046,722.3400000000003,722.3400000000003,722.3400000000003,729.4900000000046,722.4300000000003,729.4900000000046,722.4300000000003,729.4900000000046,722.4300000000003,729.6600000000045,729.6600000000045,722.5200000000003,722.6200000000003,729.8300000000046,729.8300000000046,722.6200000000003,722.7100000000004,722.7100000000004,722.7100000000004,722.7100000000004,722.8100000000004,730.1600000000045,730.1600000000045,730.1600000000045,722.9100000000004,723.0000000000005,730.3300000000046,730.3300000000046,730.3300000000046,730.3300000000046,730.3300000000046,730.3300000000046,730.3300000000046,723.0900000000004,723.0900000000004,723.1900000000004,723.1900000000004,723.1900000000004,730.5000000000045,723.3800000000005,723.3800000000005,723.3800000000005,723.3800000000005,730.5000000000045,730.5000000000045,730.5000000000045,730.5000000000045,730.6700000000045,723.5800000000004,723.5800000000004,723.5800000000004,723.5800000000004,723.5800000000004,723.5800000000004,730.8400000000045,730.8400000000045,723.7800000000003,723.7800000000003,723.7800000000003,723.7900000000003,731.0000000000044,731.0000000000044,723.8900000000003,731.0000000000044,723.9900000000004,731.1700000000044,731.1700000000044,731.1700000000044,724.2000000000004,724.2000000000004,731.3400000000045,731.3400000000045,731.3400000000045,731.3400000000045,731.3400000000045,731.3400000000045,724.3000000000003,724.3000000000003,724.3000000000003,724.3000000000003,724.3000000000003,724.3000000000003,731.5100000000044,731.5100000000044,724.4100000000003,724.4100000000003,724.4100000000003,724.4100000000003,724.4100000000003,724.4100000000003,731.6800000000045,724.6200000000003,731.8500000000045,731.8500000000045,731.8500000000045,731.8500000000045,731.8500000000045,731.8500000000045,731.8500000000045,724.7300000000004,724.8300000000004,732.0200000000045,724.8300000000004,724.8300000000004,724.9400000000004,732.2000000000045,732.2000000000045,725.0500000000004,725.1500000000003,725.1500000000003,725.1500000000003,725.1500000000003,732.3700000000044,732.3700000000044,732.3700000000044,732.3700000000044,732.3700000000044,725.2500000000003,732.5400000000045,732.5400000000045,725.4600000000004,732.7200000000045,732.7200000000045,725.6800000000004,725.6800000000004,725.6800000000004,725.6800000000004,725.6800000000004,732.9000000000045,732.9000000000045,733.0800000000045,725.9000000000004,725.9000000000004,726.0100000000004,726.0100000000004,726.0100000000004,726.0100000000004,733.2500000000045,726.1200000000005,726.1200000000005,733.4200000000045,726.2400000000005,733.6000000000045,726.4600000000004,733.7700000000045,733.7700000000045,726.6800000000004,733.7700000000045,733.7700000000045,733.7700000000045,726.8000000000004,733.9400000000046,733.9400000000046,726.8000000000004,733.9400000000046,726.8000000000004,726.8000000000004,726.8000000000004,734.1200000000046,726.9200000000004,727.0300000000004,734.1200000000046,734.1200000000046,734.1200000000046,734.1200000000046,734.3000000000045,734.3000000000045,727.1400000000004,727.2600000000004,734.4800000000046,734.4800000000046,727.3800000000005,727.3800000000005,727.3800000000005,727.3800000000005,734.6500000000045,734.6500000000045,734.8300000000045,734.8300000000045,734.8300000000045,727.8900000000004,727.8900000000004,735.0100000000045,728.1400000000004,728.1400000000004,728.1400000000004,728.1400000000004,735.1900000000045,735.5500000000045,735.5500000000045,735.5500000000045,735.7400000000046,728.6600000000004,728.6600000000004,728.7800000000004,728.7800000000004,735.9200000000045,728.7800000000004,728.9000000000004,729.0200000000004,729.0200000000004,729.0200000000004,729.0200000000004,736.1100000000046,736.1100000000046,729.1400000000004,729.2600000000004,729.2600000000004,729.2600000000004,736.1100000000046,729.3800000000005,729.3800000000005,729.3800000000005,729.3800000000005,729.3800000000005,736.3000000000046,729.5100000000004,729.6300000000005,729.6300000000005,736.4900000000047,729.7500000000005,729.7500000000005,729.7500000000005,729.7500000000005,729.7500000000005,729.7500000000005,729.7500000000005,729.7500000000005,729.7500000000005,729.7500000000005,729.7500000000005,729.7500000000005,736.6800000000046,736.6800000000046,729.8800000000005,729.8800000000005,736.8700000000047,730.0100000000004,736.8700000000047,730.1300000000005,737.0600000000046,730.2500000000005,737.2400000000047,737.2400000000047,730.5000000000005,730.5000000000005,730.5000000000005,730.6300000000005,730.6300000000005,730.6300000000005,730.6300000000005,730.6300000000005,730.6300000000005,737.6100000000047,737.6100000000047,737.6100000000047,730.7600000000004,730.7600000000004,730.7600000000004,730.7600000000004,730.7600000000004,730.7600000000004,730.8800000000005,730.8800000000005,737.8000000000046,731.0100000000004,737.9900000000047,737.9900000000047,731.1400000000004,731.1400000000004,731.1400000000004,731.1400000000004,731.2700000000004,731.2700000000004,738.1800000000046,731.2700000000004,731.2700000000004,731.4000000000004,738.3700000000047,738.3700000000047,738.3700000000047,738.3700000000047,738.3700000000047,731.5300000000005,738.3700000000047,731.6600000000005,738.3700000000047,738.3700000000047,738.3700000000047,738.3700000000047,738.3700000000047,731.7900000000005,731.7900000000005,731.7900000000005,731.7900000000005,731.7900000000005,731.9200000000005,731.9200000000005,738.5600000000046,732.0500000000005,732.1800000000005,732.1800000000005,732.1800000000005,732.3100000000005,732.3100000000005,738.9500000000046,738.9500000000046,738.9600000000046,738.9600000000046,738.9600000000046,732.5700000000005,739.1600000000045,739.1600000000045,739.1600000000045,732.7100000000005,732.7100000000005,732.7100000000005,739.3500000000045,732.9800000000006,732.9800000000006,733.1100000000006,739.7300000000045,739.7300000000045,739.7300000000045,733.2500000000006,739.9300000000045,739.9300000000045,733.3900000000006,733.3900000000006,733.5300000000005,740.1300000000044,733.6700000000005,733.8100000000005,733.8100000000005,733.8100000000005,740.3200000000045,740.3200000000045,740.3200000000045,740.3200000000045,733.9400000000005,734.0700000000005,734.0700000000005,740.7100000000045,740.7100000000045,740.7100000000045,740.7100000000045,734.2100000000005,740.7100000000045,734.2100000000005,734.2100000000005,734.3500000000005,740.9100000000044,740.9100000000044,734.4900000000005,734.4900000000005,734.4900000000005,741.1100000000044,734.6300000000005,734.6300000000005,734.6300000000005,734.7700000000006,741.3100000000045,741.3100000000045,734.9100000000005,741.5000000000044,735.0600000000005,741.6900000000045,741.6900000000045,735.2000000000005,735.2000000000005,735.2000000000005,735.3400000000005,735.3400000000005,741.8900000000044,741.8900000000044,741.8900000000044,735.4800000000005,742.0900000000044,742.0900000000044,735.6200000000006,735.7600000000006,742.2900000000044,735.9100000000005,742.4900000000043,736.0600000000005,736.0600000000005,736.0600000000005,736.0600000000005,736.0600000000005,742.4900000000043,736.2000000000005,736.2000000000005,742.4900000000043,742.4900000000043,736.3400000000005,736.3400000000005,742.6900000000043,736.4800000000005,742.8900000000043,736.7700000000004,736.7700000000004,736.7700000000004,736.7700000000004,736.9200000000005,743.2900000000043,743.2900000000043,737.0700000000005,743.4900000000043,737.3700000000005,743.7000000000044,743.7000000000044,743.7000000000044,737.5200000000004,737.5200000000004,743.9000000000043,737.6800000000005,737.6800000000005,743.9000000000043,743.9000000000043,743.9000000000043,737.9800000000005,737.9800000000005,737.9800000000005,737.9800000000005,744.1100000000043,744.1100000000043,744.1100000000043,738.1400000000004,738.1400000000004,738.2900000000005,738.2900000000005,738.2900000000005,744.3100000000043,738.4500000000005,738.4500000000005,738.4500000000005,738.4500000000005,738.4500000000005,738.6000000000005,738.6000000000005,738.6000000000005,738.6000000000005,738.6000000000005,744.5100000000043,744.5100000000043,744.5100000000043,744.5100000000043,744.5100000000043,744.5100000000043,738.7500000000006,738.9100000000005,738.9100000000005,744.7100000000042,739.2200000000005,744.9200000000043,739.2200000000005,739.2200000000005,744.9200000000043,744.9200000000043,744.9200000000043,744.9200000000043,744.9200000000043,739.5300000000004,739.5300000000004,739.5300000000004,739.6900000000005,739.6900000000005,745.1200000000043,745.1200000000043,739.8500000000005,745.3300000000042,740.0100000000004,745.5400000000043,740.1700000000004,740.1800000000004,740.3400000000005,745.7500000000043,745.7500000000043,740.5000000000005,740.5000000000005,740.5000000000005,745.9600000000044,745.9600000000044,740.6500000000004,740.6500000000004,746.1700000000043,746.1800000000043,740.8100000000005,746.3900000000043,740.9700000000005,740.9700000000005,740.9700000000005,741.1300000000005,741.1300000000005,741.1300000000005,741.1300000000005,746.3900000000043,746.3900000000043,741.3000000000005,746.6000000000042,746.6000000000042,746.6000000000042,746.6000000000042,746.6000000000042,741.4600000000005,741.4600000000005,746.8100000000042,741.6200000000005,741.6200000000005,741.6200000000005,741.6200000000005,747.0200000000042,741.7900000000005,747.0200000000042,747.0200000000042,747.0200000000042,747.0200000000042,747.0200000000042,747.0200000000042,741.9500000000005,747.2400000000042,747.2400000000042,742.1200000000006,742.1200000000006,747.4600000000042,747.4600000000042,742.2900000000005,742.2900000000005,742.2900000000005,742.2900000000005,742.2900000000005,747.6700000000042,747.6700000000042,747.6700000000042,747.6700000000042,742.4600000000005,747.6700000000042,742.4600000000005,742.4600000000005,742.4600000000005,742.6200000000006,742.6200000000006,742.6200000000006,742.6200000000006,742.6200000000006,742.6200000000006,742.6200000000006,747.8800000000042,747.8800000000042,747.8800000000042,742.9500000000006,742.9500000000006,742.9500000000006,748.3100000000043,748.3100000000043,748.3100000000043,743.1100000000006,743.1100000000006,743.1100000000006,743.1100000000006,748.5200000000042,743.2700000000006,743.2700000000006,743.2700000000006,748.7400000000042,748.7400000000042,748.9600000000042,748.9600000000042,748.9600000000042,748.9600000000042,748.9600000000042,748.9600000000042,748.9600000000042,748.9600000000042,748.9600000000042,748.9700000000042,748.9700000000042,748.9700000000042,748.9700000000042,748.9700000000042,748.9700000000042,748.9700000000042,748.9700000000042,748.9700000000042,748.9800000000042,748.9800000000042,743.4400000000005,743.6000000000006,743.6000000000006,749.2000000000043,749.2000000000043,743.7700000000006,743.7700000000006,749.4200000000043,749.4200000000043,749.4200000000043,749.4200000000043,749.4200000000043,743.9300000000006,749.6400000000043,749.6400000000043,744.1000000000006,744.1000000000006,744.2700000000006,744.2700000000006,744.2700000000006,744.4400000000006,744.4400000000006,744.4400000000006,750.0700000000043,750.0700000000043,750.0700000000043,750.0700000000043,750.0700000000043,750.0700000000043,750.0700000000043,744.6100000000006,744.6100000000006,744.6100000000006,750.2900000000043,750.2900000000043,750.2900000000043,750.2900000000043,750.2900000000043,750.2900000000043,744.7800000000007,744.7800000000007,744.9500000000006,750.5100000000043,750.5100000000043,750.5100000000043,750.5100000000043,745.1200000000007,745.1200000000007,745.1200000000007,745.1200000000007,745.2900000000006,745.2900000000006,750.9500000000043,750.9500000000043,745.4600000000007,745.4700000000007,745.6400000000007,745.6400000000007,751.1700000000043,745.8100000000007,751.3900000000043,745.9900000000007,745.9900000000007,751.6100000000043,751.6100000000043,751.6100000000043,751.6100000000043,751.6100000000043,746.1700000000006,746.1700000000006,746.1700000000006,746.1700000000006,751.8300000000044,751.8300000000044,746.3400000000006,746.3400000000006,746.3400000000006,746.3400000000006,746.3400000000006,746.3400000000006,752.0500000000044,752.0500000000044,746.3400000000006,752.0500000000044,752.0500000000044,752.0500000000044,752.0500000000044,752.0500000000044,752.0500000000044,746.5200000000006,746.5200000000006,746.5200000000006,746.5200000000006,746.5200000000006,752.2700000000044,752.2700000000044,752.2700000000044,752.2700000000044,752.2700000000044,746.7000000000006,746.7000000000006,746.7000000000006,746.7000000000006,752.4900000000043,752.4900000000043,752.4900000000043,752.4900000000043,746.7000000000006,752.7200000000042,752.7200000000042,752.7200000000042,752.7200000000042,752.7200000000042,752.7200000000042,746.8800000000007,747.0600000000006,747.0600000000006,752.9500000000043,752.9500000000043,752.9500000000043,753.1800000000043,753.1800000000043,753.1800000000043,753.1800000000043,747.4200000000006,753.4000000000043,753.4000000000043,753.4000000000043,747.6000000000006,747.6000000000006,747.7800000000007,753.6300000000043,753.6300000000043,753.6300000000043,753.6300000000043,753.6300000000043,747.7800000000007,747.7800000000007,747.7800000000007,747.7800000000007,753.8600000000043,753.8600000000043,747.9600000000006,747.9600000000006,754.0900000000044,754.0900000000044,754.0900000000044,754.0900000000044,754.0900000000044,754.0900000000044,754.0900000000044,754.0900000000044,754.0900000000044,754.0900000000044,754.0900000000044,748.1400000000007,754.3200000000044,754.3200000000044,748.3200000000007,748.3200000000007,748.3200000000007,754.5500000000044,754.5600000000044,754.5600000000044,748.5000000000007,754.7900000000044,754.7900000000044,754.7900000000044,748.6800000000007,754.7900000000044,754.7900000000044,754.7900000000044,755.0200000000044,755.0200000000044,755.0200000000044,749.0500000000008,749.0500000000008,749.0500000000008,749.0500000000008,749.0500000000008,755.4700000000043,755.4700000000043,749.4200000000008,749.4200000000008,755.7000000000044,749.4200000000008,749.4200000000008,749.4200000000008,749.4200000000008,749.4200000000008,755.9300000000044,749.6000000000007,749.6000000000007,749.6000000000007,749.6000000000007,756.1600000000044,749.6000000000007,749.6000000000007,756.3900000000044,756.3900000000044,756.3900000000044,756.3900000000044,749.7900000000006,749.7900000000006,756.6300000000044,756.6300000000044,756.6300000000044,756.6300000000044,749.9800000000007,756.6300000000044,749.9800000000007,756.6300000000044,756.6400000000044,749.9800000000007,750.1700000000008,750.1700000000008,756.8700000000044,750.3600000000007,750.3600000000007,757.1000000000045,757.1000000000045,757.1000000000045,750.3600000000007,757.3400000000045,757.3400000000045,750.3600000000007,750.5400000000008,757.5800000000045,757.5800000000045,757.5800000000045,757.5800000000045,750.5400000000008,757.5800000000045,750.7300000000008,757.5800000000045,757.5800000000045,757.5800000000045,750.9200000000008,757.8100000000044,757.8100000000044,757.8100000000044,757.8100000000044,751.1100000000008,751.1100000000008,751.1100000000008,751.1100000000008,751.1100000000008,758.0400000000043,751.3000000000009,751.3000000000009,751.3000000000009,758.2700000000043,751.4900000000009,751.4900000000009,751.4900000000009,758.5100000000043,758.5100000000043,758.5100000000043,751.6800000000009,751.6800000000009,751.6800000000009,751.6800000000009,758.7500000000043,751.6800000000009,758.9800000000043,758.9800000000043,758.9800000000043,758.9800000000043,758.9800000000043,752.0600000000009,752.0600000000009,759.2200000000043,752.2500000000008,752.2600000000009,752.2600000000009,752.2600000000009,752.2600000000009,759.4600000000044,752.2600000000009,759.7000000000044,759.7000000000044,759.7000000000044,759.7000000000044,759.7000000000044,752.450000000001,759.9400000000044,759.9400000000044,759.9400000000044,752.450000000001,752.450000000001,752.450000000001,752.450000000001,752.450000000001,760.1800000000044,760.1800000000044,760.1800000000044,760.1800000000044,760.1800000000044,760.1800000000044,760.1800000000044,760.1800000000044,752.650000000001,760.6600000000044,760.6600000000044,760.6600000000044,752.650000000001,752.650000000001,752.650000000001,752.650000000001,760.9000000000044,760.9000000000044,752.8400000000009,752.8400000000009,752.8400000000009,752.8400000000009,752.8400000000009,752.8400000000009,752.8400000000009,761.1400000000044,752.8400000000009,761.1400000000044,753.030000000001,753.030000000001,761.3900000000044,761.3900000000044,761.3900000000044,761.3900000000044,761.3900000000044,761.3900000000044,761.3900000000044,761.3900000000044,761.3900000000044,761.6300000000044,753.2300000000009,753.430000000001,753.430000000001,753.430000000001,762.1100000000044,762.1100000000044,753.6300000000009,753.830000000001,762.3500000000045,762.3500000000045,762.3500000000045,754.030000000001,762.6000000000045,762.6000000000045,762.6000000000045,762.6000000000045,762.6000000000045,762.6000000000045,754.430000000001,762.8500000000045,754.640000000001,763.1000000000045,763.1000000000045,754.850000000001,763.1000000000045,763.1000000000045,763.1000000000045,763.1000000000045,763.1000000000045,763.3500000000045,755.260000000001,755.260000000001,763.6000000000045,763.6000000000045,763.6000000000045,755.470000000001,755.470000000001,755.6800000000011,763.8600000000044,763.8600000000044,755.890000000001,764.1100000000044,764.1100000000044,764.1100000000044,764.1100000000044,756.100000000001,756.100000000001,756.100000000001,756.100000000001,756.100000000001,756.100000000001,764.3600000000044,756.3000000000011,756.3000000000011,756.3000000000011,764.6100000000044,764.6100000000044,756.510000000001,764.8600000000044,764.8600000000044,764.8600000000044,764.8600000000044,756.720000000001,756.720000000001,756.9300000000011,756.9300000000011,765.1100000000044,765.1100000000044,765.1100000000044,757.1400000000011,757.1400000000011,765.3600000000044,765.3600000000044,765.3600000000044,765.3600000000044,765.3600000000044,765.3600000000044,757.1400000000011,757.1400000000011,765.6100000000044,765.6100000000044,757.3500000000012,757.3500000000012,757.3500000000012,765.8600000000044,757.5600000000012,757.5600000000012,757.5600000000012,757.5600000000012,757.5600000000012,757.5600000000012,766.1100000000044,766.1100000000044,757.7700000000012,757.7700000000012,757.7700000000012,757.7700000000012,757.7700000000012,757.7700000000012,757.7700000000012,766.3700000000044,766.3700000000044,757.7700000000012,757.9800000000013,766.6300000000044,766.6300000000044,766.6300000000044,758.1900000000013,758.1900000000013,766.8800000000044,766.8800000000044,766.8800000000044,766.8800000000044,766.8800000000044,766.8800000000044,767.1400000000044,767.1400000000044,767.1400000000044,767.1400000000044,758.6200000000013,767.3900000000044,767.3900000000044,767.3900000000044,758.8400000000013,758.8400000000013,758.8400000000013,758.8400000000013,758.8400000000013,758.8400000000013,758.8400000000013,758.8400000000013,758.8400000000013,758.8400000000013,758.8400000000013,758.8400000000013,767.6500000000044,767.6500000000044,767.6500000000044,767.6500000000044,759.0500000000013,759.0500000000013,759.0500000000013,759.0500000000013,759.0500000000013,759.0600000000013,759.0600000000013,759.0600000000013,759.0600000000013,767.9100000000044,767.9100000000044,768.1700000000044,768.1700000000044,768.1700000000044,768.1700000000044,768.1700000000044,768.1700000000044,768.1700000000044,759.4800000000013,759.4800000000013,759.4800000000013,759.4800000000013,759.4800000000013,759.4800000000013,759.4800000000013,759.4800000000013,768.4200000000044,768.4200000000044,759.7000000000013,768.6800000000045,768.9400000000045,759.9200000000013,760.1300000000014,760.1300000000014,760.1300000000014,769.2000000000045,769.2000000000045,769.2000000000045,769.2000000000045,769.2000000000045,769.2000000000045,760.3500000000013,760.3500000000013,760.3500000000013,760.3500000000013,769.4600000000045,769.4600000000045,769.4600000000045,769.4600000000045,769.4600000000045,760.5600000000012,760.5600000000012,760.5600000000012,760.5600000000012,760.5600000000012,760.5600000000012,760.5600000000012,760.5600000000012,760.5600000000012,760.5600000000012,760.5600000000012,769.4600000000045,760.7800000000012,760.7800000000012,760.7800000000012,769.7200000000045,760.9900000000013,760.9900000000013,760.9900000000013,760.9900000000013,760.9900000000013,760.9900000000013,769.9800000000045,761.2100000000013,761.2100000000013,761.2100000000013,761.2100000000013,761.4300000000013,761.6500000000012,761.6500000000012,770.2400000000044,761.8700000000011,761.8700000000011,770.2400000000044,770.2400000000044,762.0900000000012,762.0900000000012,762.0900000000012,770.2400000000044,770.2400000000044,770.2400000000044,770.2400000000044,770.2400000000044,762.3100000000012,770.5000000000044,770.5000000000044,762.5300000000012,770.5000000000044,762.7500000000013,762.7500000000013,762.7500000000013,762.7500000000013,762.7500000000013,762.7500000000013,762.7500000000013,762.7500000000013,770.5000000000044,770.5000000000044,762.9800000000013,762.9800000000013,763.2000000000012,770.7700000000044,763.4200000000012,763.4200000000012,763.4200000000012,770.7700000000044,770.7700000000044,770.7700000000044,770.7700000000044,763.6400000000012,763.6400000000012,763.6400000000012,763.6400000000012,763.6400000000012,763.6400000000012,771.0400000000044,771.0400000000044,771.0400000000044,771.0400000000044,763.8600000000013,763.8600000000013,763.8600000000013,763.8600000000013,771.3000000000044,771.3000000000044,771.3000000000044,771.3000000000044,771.3000000000044,771.3000000000044,771.3000000000044,771.3000000000044,771.3000000000044,763.8600000000013,763.8600000000013,763.8600000000013,763.8600000000013,771.3000000000044,763.8600000000013,771.3000000000044,764.0800000000012,764.0800000000012,764.3000000000011,764.5300000000011,764.5300000000011,764.5400000000011,764.5400000000011,764.5400000000011,771.5600000000045,764.7700000000011,771.5600000000045,771.5600000000045,771.5600000000045,771.5600000000045,771.5600000000045,771.5600000000045,771.5600000000045,771.5600000000045,771.5600000000045,765.0000000000011,765.0000000000011,771.5600000000045,771.5600000000045,771.5600000000045,765.2200000000012,765.2200000000012,765.2200000000012,771.5600000000045,771.5600000000045,765.4500000000012,765.4500000000012,765.4500000000012,765.4500000000012,765.4500000000012,765.4500000000012,765.4500000000012,765.4500000000012,765.4500000000012,765.4600000000012,765.4600000000012,765.4600000000012,765.4600000000012,771.8300000000046,765.6800000000012,765.6800000000012,765.6800000000012,765.9100000000012,772.1000000000046,772.1000000000046,772.1000000000046,772.1000000000046,772.1000000000046,772.1000000000046,766.1400000000012,772.3700000000046,772.3700000000046,772.3700000000046,772.3700000000046,772.3700000000046,772.3700000000046,766.3700000000013,766.3700000000013,766.3700000000013,766.3700000000013,766.3700000000013,766.3700000000013,766.3700000000013,766.3700000000013,766.3700000000013,772.6400000000045,772.6400000000045,772.6400000000045,766.6000000000013,772.9100000000046,766.8300000000012,766.8300000000012,772.9100000000046,772.9100000000046,767.0600000000012,767.0600000000012,767.0600000000012,767.0600000000012,767.0600000000012,767.0600000000012,773.1800000000046,767.2900000000012,767.2900000000012,767.2900000000012,773.1800000000046,767.5200000000012,767.5200000000012,767.5200000000012,767.5200000000012,767.5200000000012,767.5300000000012,767.5300000000012,767.7600000000012,767.7600000000012,773.4500000000046,767.9900000000013,767.9900000000013,767.9900000000013,767.9900000000013,767.9900000000013,768.2200000000013,773.7200000000047,773.7200000000047,773.7200000000047,768.6900000000013,768.6900000000013,768.7000000000013,773.7200000000047,773.7200000000047,773.7200000000047,773.7200000000047,773.7200000000047,773.7200000000047,773.7200000000047,773.7200000000047,773.7200000000047,773.7200000000047,773.7200000000047,773.7200000000047,768.9300000000013,768.9300000000013,768.9300000000013,768.9300000000013,768.9300000000013,769.1600000000013,769.1600000000013,769.1600000000013,769.1600000000013,769.3900000000014,773.9900000000047,773.9900000000047,773.9900000000047,773.9900000000047,769.6300000000014,769.6300000000014,769.6400000000014,769.6400000000014,769.6400000000014,774.2600000000047,774.2600000000047,774.2700000000046,769.8800000000014,769.8800000000014,769.8800000000014,769.8800000000014,769.8800000000014,769.8800000000014,769.8800000000014,774.5400000000047,770.1200000000014,774.8200000000047,774.8200000000047,770.3600000000014,770.3600000000014,775.1000000000047,775.1000000000047,775.1000000000047,775.1000000000047,770.6000000000013,770.6000000000013,770.6000000000013,775.3800000000047,775.3800000000047,775.3800000000047,770.8400000000012,771.0800000000012,771.0800000000012,771.0800000000012,775.3800000000047,771.0800000000012,771.0800000000012,771.0800000000012,771.0800000000012,771.0800000000012,771.0800000000012,771.0800000000012,771.0800000000012,771.0800000000012,771.0800000000012,771.3100000000012,771.3100000000012,775.6500000000046,771.5500000000012,771.5500000000012,771.5500000000012,771.5500000000012,775.6500000000046,775.6500000000046,775.6500000000046,775.6500000000046,775.6500000000046,775.6500000000046,775.6500000000046,775.6500000000046,775.6500000000046,771.7900000000012,775.9200000000047,775.9200000000047,772.0300000000012,772.0300000000012,772.0300000000012,772.0300000000012,776.2000000000047,776.2000000000047,776.2000000000047,772.2700000000012,776.4700000000047,776.4700000000047,772.5100000000012,772.5100000000012,776.4700000000047,776.4700000000047,776.4700000000047,776.4700000000047,776.4700000000047,776.4700000000047,776.4700000000047,776.4700000000047,772.7500000000013,772.9900000000011,776.7500000000047,776.7600000000047,776.7600000000047,773.230000000001,773.230000000001,773.230000000001,777.0400000000046,777.0400000000046,777.0400000000046,773.4700000000009,773.4700000000009,777.3200000000046,773.4700000000009,773.4700000000009,773.4700000000009,777.6100000000047,777.6100000000047,773.7100000000008,773.7100000000008,777.8900000000046,777.8900000000046,777.8900000000046,773.9500000000007,773.9500000000007,777.8900000000046,777.8900000000046,777.8900000000046,777.8900000000046,777.8900000000046,777.8900000000046,774.1900000000006,774.1900000000006,774.1900000000006,774.1900000000006,774.1900000000006,774.4300000000006,774.4300000000006,777.8900000000046,777.8900000000046,777.8900000000046,777.8900000000046,777.8900000000046,777.8900000000046,774.6700000000006,777.8900000000046,777.8900000000046,777.8900000000046,777.8900000000046,778.1700000000046,774.9100000000007,774.9100000000007,778.4500000000046,778.4500000000046,778.4500000000046,778.4500000000046,775.1600000000007,775.1600000000007,775.1600000000007,778.4500000000046,775.4000000000007,775.4000000000007,775.4000000000007,775.4000000000007,775.4000000000007,778.4500000000046,778.7300000000047,775.6500000000007,775.9000000000007,775.9000000000007,775.9000000000007,779.0100000000047,776.1500000000007,776.1500000000007,776.1500000000007,779.2900000000046,779.2900000000046,779.2900000000046,776.4000000000007,776.4000000000007,776.4000000000007,776.4000000000007,776.4000000000007,776.4100000000007,776.4100000000007,776.4100000000007,776.4100000000007,776.4100000000007,779.2900000000046,779.2900000000046,779.2900000000046,779.2900000000046,776.6600000000007,776.6600000000007,776.6600000000007,776.6600000000007,779.5700000000046,776.9100000000007,776.9100000000007,779.5700000000046,779.5700000000046,777.1600000000007,777.1600000000007,777.1600000000007,777.1600000000007,777.1600000000007,777.1600000000007,777.1600000000007,777.1600000000007,777.1600000000007,777.1600000000007,779.5700000000046,777.4100000000007,777.4100000000007,777.4100000000007,779.8500000000046,777.6600000000007,780.1400000000045,780.1400000000045,780.1400000000045,777.9100000000007,778.1700000000006,778.1700000000006,778.1700000000006,778.1700000000006,778.1700000000006,778.1700000000006,778.1700000000006,778.1700000000006,778.1700000000006,778.1800000000006,778.1800000000006,778.1800000000006,778.1800000000006,780.4300000000046,780.4300000000046,780.4300000000046,780.4300000000046,780.4300000000046,780.4300000000046,780.4300000000046,780.4400000000046,780.4400000000046,780.4400000000046,780.4400000000046,780.4400000000046,780.4400000000046,780.4400000000046,778.1800000000006,780.4400000000046,778.4400000000006,780.7300000000046,780.7300000000046,778.9500000000006,779.2000000000006,779.2000000000006,779.2000000000006,779.2000000000006,779.2100000000006,779.2100000000006,779.2100000000006,781.0200000000045,781.0200000000045,779.4700000000007,779.4700000000007,781.3100000000045,781.3100000000045,781.3100000000045,781.3100000000045,779.7300000000007,781.3100000000045,781.3100000000045,781.3100000000045,779.9900000000007,779.9900000000007,779.9900000000007,779.9900000000007,779.9900000000007,779.9900000000007,779.9900000000007,779.9900000000007,779.9900000000007,779.9900000000007,781.3100000000045,781.3100000000045,781.3100000000045,781.3100000000045,781.3100000000045,781.3100000000045,781.3100000000045,781.3100000000045,780.0000000000007,781.3100000000045,780.0000000000007,781.3100000000045,780.0000000000007,780.0000000000007,780.0000000000007,780.0000000000007,780.0000000000007,780.0000000000007,780.0000000000007,780.0000000000007,781.6000000000046,781.6000000000046,781.6000000000046,781.6000000000046,780.0000000000007,781.9000000000045,781.9000000000045,781.9000000000045,781.9000000000045,781.9000000000045,781.9000000000045,781.9000000000045,781.9000000000045,781.9000000000045,781.9000000000045,780.2600000000007,782.1900000000046,782.1900000000046,782.1900000000046,782.1900000000046,780.5200000000007,780.5200000000007,780.5200000000007,782.4800000000046,782.4800000000046,782.4800000000046,782.4800000000046,782.4800000000046,782.4800000000046,782.4800000000046,782.4800000000046,782.4900000000046,782.4900000000046,782.4900000000046,782.4900000000046,782.4900000000046,782.4900000000046,782.4900000000046,782.4900000000046,782.4900000000046,782.4900000000046,782.4900000000046,780.5200000000007,780.5200000000007,780.5200000000007,780.5200000000007,780.5200000000007,780.5200000000007,782.7900000000046,782.7900000000046,782.7900000000046,782.7900000000046,782.7900000000046,782.7900000000046,782.7900000000046,782.7900000000046,782.7900000000046,782.7900000000046,782.7900000000046,782.7900000000046,782.7900000000046,780.7900000000006,782.7900000000046,782.7900000000046,782.7900000000046,782.7900000000046,782.7900000000046,782.7900000000046,782.7900000000046,782.7900000000046,782.7900000000046,781.0500000000006,781.0500000000006,781.0500000000006,783.0900000000047,783.0900000000047,781.3200000000006,781.3200000000006,781.3200000000006,781.3200000000006,783.3900000000046,783.3900000000046,783.3900000000046,783.3900000000046,783.3900000000046,783.3900000000046,781.5800000000007,781.5800000000007,781.5800000000007,781.5800000000007,781.5800000000007,781.5800000000007,781.5800000000007,783.6800000000047,783.6800000000047,783.6800000000047,783.6800000000047,783.6800000000047,783.6800000000047,783.6800000000047,783.6800000000047,783.6800000000047,783.6800000000047,783.6800000000047,783.6800000000047,783.6800000000047,783.6800000000047,783.6800000000047,783.6800000000047,783.6800000000047,783.6800000000047,783.6800000000047,783.6800000000047,783.6800000000047,781.5800000000007,783.9800000000047,783.9800000000047,783.9800000000047,783.9800000000047,783.9800000000047,783.9800000000047,783.9800000000047,783.9800000000047,783.9800000000047,783.9800000000047,781.5800000000007,781.5800000000007,784.2700000000046,784.2700000000046,781.8400000000007,784.2700000000046,781.8400000000007,781.8400000000007,781.8400000000007,781.8400000000007,781.8400000000007,781.8400000000007,781.8400000000007,782.1100000000007,782.1100000000007,784.5700000000046,784.5700000000046,782.3800000000008,782.3800000000008,782.3800000000008,782.3800000000008,782.3800000000008,784.8700000000047,784.8700000000047,784.8700000000047,784.8700000000047,784.8700000000047,784.8700000000047,784.8700000000047,784.8700000000047,784.8700000000047,784.8700000000047,784.8700000000047,784.8700000000047,784.8700000000047,784.8800000000047,784.8800000000047,784.8800000000047,784.8800000000047,784.8800000000047,784.8800000000047,784.8800000000047,784.8800000000047,784.8800000000047,784.8800000000047,784.8800000000047,784.8800000000047,784.8900000000046,784.8900000000046,784.8900000000046,784.8900000000046,784.8900000000046,784.8900000000046,784.8900000000046,784.8900000000046,784.8900000000046,784.8900000000046,784.8900000000046,784.8900000000046,784.8900000000046,784.8900000000046,784.8900000000046,784.8900000000046,784.8900000000046,784.8900000000046,782.6400000000008,782.6400000000008,782.6400000000008,785.1900000000047,785.1900000000047,785.1900000000047,785.1900000000047,782.6400000000008,782.6400000000008,782.6400000000008,782.6400000000008,782.6400000000008,782.6400000000008,782.6400000000008,782.6400000000008,785.4900000000047,785.4900000000047,782.9100000000009,785.7900000000047,785.7900000000047,785.7900000000047,785.7900000000047,785.7900000000047,785.7900000000047,785.7900000000047,785.7900000000047,785.7900000000047,785.7900000000047,785.7900000000047,783.4400000000009,783.4400000000009,785.7900000000047,785.7900000000047,785.7900000000047,785.7900000000047,785.7900000000047,785.7900000000047,785.7900000000047,785.7900000000047,785.7900000000047,785.7900000000047,785.7900000000047,785.7900000000047,785.7900000000047,785.7900000000047,785.7900000000047,785.7900000000047,785.7900000000047,785.7900000000047,785.7900000000047,785.7900000000047,785.7900000000047,785.7900000000047,785.7900000000047,785.7900000000047,785.7900000000047,783.4400000000009,783.4400000000009,786.0900000000047,786.0900000000047,786.0900000000047,786.0900000000047,786.0900000000047,783.4400000000009,783.4400000000009,783.4400000000009,786.3900000000048,786.3900000000048,786.3900000000048,786.3900000000048,786.3900000000048,786.3900000000048,786.3900000000048,786.3900000000048,786.3900000000048,786.3900000000048,783.7100000000008,783.7100000000008,783.7100000000008,783.7100000000008,783.7100000000008,786.7000000000047,786.7000000000047,786.7000000000047,786.7000000000047,783.7100000000008,786.7000000000047,786.7000000000047,786.7000000000047,786.7000000000047,783.9800000000008,783.9800000000008,787.0000000000047,787.0000000000047,787.0000000000047,787.0000000000047,787.0000000000047,787.0000000000047,787.0000000000047,787.0000000000047,787.0000000000047,787.0000000000047,787.0000000000047,787.0000000000047,787.0000000000047,783.9800000000008,787.3000000000047,787.3000000000047,784.2500000000008,784.2500000000008,784.2500000000008,784.2500000000008,787.6000000000047,787.6000000000047,787.6000000000047,787.6000000000047,787.6000000000047,787.6000000000047,787.6000000000047,787.6000000000047,787.6000000000047,787.6000000000047,787.6000000000047,787.6000000000047,787.6000000000047,784.5300000000009,784.5300000000009,784.5300000000009,784.5300000000009,784.5300000000009,784.5300000000009,784.5300000000009,784.5300000000009,784.5300000000009,784.5300000000009,787.9000000000048,787.9000000000048,787.9000000000048,787.9000000000048,787.9000000000048,787.9000000000048,787.9000000000048,787.9000000000048,788.2100000000047,788.2100000000047,788.2100000000047,788.2100000000047,784.8100000000009,788.5100000000047,784.8100000000009,788.5100000000047,788.5100000000047,788.5100000000047,788.5100000000047,785.0800000000008,785.0800000000008,788.8200000000046,788.8200000000046,785.3600000000008,785.3600000000008,785.3600000000008,785.3600000000008,785.3600000000008,789.1200000000046,785.3600000000008,785.3600000000008,785.3600000000008,785.3600000000008,785.3600000000008,785.3600000000008,789.4300000000045,789.4300000000045,789.4300000000045,789.4300000000045,789.4300000000045,789.4300000000045,789.4300000000045,789.4300000000045,789.4300000000045,789.4300000000045,789.4300000000045,789.4300000000045,789.4300000000045,789.4300000000045,789.4300000000045,785.3600000000008,785.3600000000008,785.3600000000008,785.3600000000008,789.4300000000045,789.4300000000045,789.4300000000045,789.4300000000045,789.4300000000045,785.3600000000008,785.3600000000008,785.3600000000008,789.7300000000045,789.7300000000045,789.7300000000045,789.7300000000045,789.7300000000045,789.7300000000045,789.7300000000045,789.7300000000045,789.7300000000045,789.7300000000045,785.3600000000008,785.3600000000008,785.3600000000008,790.0400000000044,790.0400000000044,785.3600000000008,785.3600000000008,785.3600000000008,790.3500000000046,790.3500000000046,785.3600000000008,785.3600000000008,785.3600000000008,785.3600000000008,785.3600000000008,785.3600000000008,785.3600000000008,785.3600000000008,785.3600000000008,785.3600000000008,790.6600000000045,790.6700000000045,790.6700000000045,790.6700000000045,790.6700000000045,790.6700000000045,785.6400000000008,790.6700000000045,790.6700000000045,785.6400000000008,790.6700000000045,785.6400000000008,785.9200000000008,790.9800000000045,790.9800000000045,790.9800000000045,790.9800000000045,790.9800000000045,790.9800000000045,790.9800000000045,790.9800000000045,790.9800000000045,790.9800000000045,786.2000000000007,791.2900000000044,786.4700000000007,786.4700000000007,786.4700000000007,786.4700000000007,786.4700000000007,791.6000000000046,791.6000000000046,791.6000000000046,791.6000000000046,791.6000000000046,791.6000000000046,791.6100000000046,791.6100000000046,791.6100000000046,791.6100000000046,791.6100000000046,791.6100000000046,786.7500000000007,786.7500000000007,786.7500000000007,786.7500000000007,791.9200000000045,791.9300000000045,791.9300000000045,786.7500000000007,792.2400000000044,792.2400000000044,792.2400000000044,792.2400000000044,786.7500000000007,786.7500000000007,786.7500000000007,792.5500000000046,792.5500000000046,792.5500000000046,792.5500000000046,792.5500000000046,792.5500000000046,792.5500000000046,792.5500000000046,792.5500000000046,792.5500000000046,792.5500000000046,792.5500000000046,792.5500000000046,792.5500000000046,787.0300000000007,792.5500000000046,792.5500000000046,792.5500000000046,792.5500000000046,792.5500000000046,792.5500000000046,792.5500000000046,787.0300000000007,787.0300000000007,792.8600000000046,792.8600000000046,792.8600000000046,792.8600000000046,792.8600000000046,792.8600000000046,792.8600000000046,787.0300000000007,792.8600000000046,792.8600000000046,787.3100000000009,787.3100000000009,787.3100000000009,793.1800000000047,793.1800000000047,793.1800000000047,793.1800000000047,793.1800000000047,793.1800000000047,793.1800000000047,793.1800000000047,793.1800000000047,787.5900000000008,787.6000000000008,793.4900000000047,793.4900000000047,793.4900000000047,793.4900000000047,793.4900000000047,793.4900000000047,793.4900000000047,793.4900000000047,793.4900000000047,793.4900000000047,793.4900000000047,793.4900000000047,793.4900000000047,793.4900000000047,793.4900000000047,793.4900000000047,787.6000000000008,787.6000000000008,787.6000000000008,787.6000000000008,793.8100000000048,793.8100000000048,793.8100000000048,793.8100000000048,787.6000000000008,787.8800000000008,794.1300000000048,794.1300000000048,794.1300000000048,787.8800000000008,794.4400000000047,794.4400000000047,787.8800000000008,794.4400000000047,794.4400000000047,794.4400000000047,794.4400000000047,794.4400000000047,794.4400000000047,794.4400000000047,794.4400000000047,794.4400000000047,794.4400000000047,794.4400000000047,794.4400000000047,794.4400000000047,794.4400000000047,794.4400000000047,794.4400000000047,794.4400000000047,794.4400000000047,794.4400000000047,787.8800000000008,787.8800000000008,794.7600000000047,794.7600000000047,794.7600000000047,787.8800000000008,787.8800000000008,787.8800000000008,787.8800000000008,795.0900000000046,795.0900000000046,795.0900000000046,795.0900000000046,788.1700000000008,788.1700000000008,788.1700000000008,788.1700000000008,788.1700000000008,788.1700000000008,788.1700000000008,788.1700000000008,795.4100000000047,795.4100000000047,795.4100000000047,795.4100000000047,795.4100000000047,788.4600000000007,788.4600000000007,788.4600000000007,788.4600000000007,788.4600000000007,788.4600000000007,795.7300000000047,788.4600000000007,795.7300000000047,795.7300000000047,795.7300000000047,795.7300000000047,795.7300000000047,795.7300000000047,788.7500000000009,795.7300000000047,795.7300000000047,795.7300000000047,795.7300000000047,795.7300000000047,795.7300000000047,795.7300000000047,789.0400000000009,796.0500000000048,796.0500000000048,789.0400000000009,789.0400000000009,796.3700000000048,796.3700000000048,796.3700000000048,796.3700000000048,796.3700000000048,796.3700000000048,796.3700000000048,789.0400000000009,789.0400000000009,789.0400000000009,796.6900000000047,796.6900000000047,796.6900000000047,796.6900000000047,796.7000000000047,796.7000000000047,796.7000000000047,796.7000000000047,796.7000000000047,796.7000000000047,789.0400000000009,789.0400000000009,789.0400000000009,789.0400000000009,789.0400000000009,789.0400000000009,796.7000000000047,796.7000000000047,796.7000000000047,789.3200000000008,789.3200000000008,797.0300000000046,797.0300000000046,797.0300000000046,797.0400000000046,797.0400000000046,797.0400000000046,789.3200000000008,789.3200000000008,789.3200000000008,789.3200000000008,797.3700000000048,797.3700000000048,797.3700000000048,789.6100000000008,789.6100000000008,797.7100000000047,797.7100000000047,797.7100000000047,797.7100000000047,797.7100000000047,797.7100000000047,797.7100000000047,797.7100000000047,797.7100000000047,797.7100000000047,797.7200000000047,797.7200000000047,797.7200000000047,797.7200000000047,797.7200000000047,797.7200000000047,797.7200000000047,797.7200000000047,797.7200000000047,797.7200000000047,797.7200000000047,797.7200000000047,797.7200000000047,797.7200000000047,797.7200000000047,797.7200000000047,797.7200000000047,797.7200000000047,797.7200000000047,797.7200000000047,797.7200000000047,797.7200000000047,797.7200000000047,789.6100000000008,789.6100000000008,789.6100000000008,798.0600000000048,789.9000000000008,789.9000000000008,789.9000000000008,789.9000000000008,789.9000000000008,789.9000000000008,789.9000000000008,790.190000000001,798.3900000000048,790.190000000001,798.3900000000048,790.190000000001,798.3900000000048,798.3900000000048,798.3900000000048,798.3900000000048,798.3900000000048,798.3900000000048,798.3900000000048,790.4800000000009,790.4800000000009,798.7200000000049,798.7200000000049,798.7200000000049,798.7200000000049,798.7200000000049,798.7200000000049,798.7200000000049,790.4800000000009,790.4800000000009,790.4800000000009,790.4800000000009,790.4800000000009,790.4800000000009,790.4800000000009,790.4800000000009,790.4800000000009,790.4800000000009,790.4800000000009,790.4800000000009,790.4800000000009,790.4800000000009,790.4800000000009,790.4800000000009,790.4800000000009,790.4800000000009,790.4800000000009,790.4800000000009,790.4800000000009,790.4800000000009,790.4800000000009,790.4800000000009,790.4800000000009,790.4800000000009,790.4800000000009,790.4800000000009,790.4900000000009,790.4900000000009,790.4900000000009,790.4900000000009,790.4900000000009,799.0600000000048,799.0600000000048,799.0600000000048,799.0600000000048,799.0600000000048,799.0600000000048,799.0600000000048,799.0600000000048,799.0600000000048,799.0600000000048,799.0600000000048,799.0600000000048,799.0600000000048,799.0600000000048,799.0600000000048,799.0600000000048,799.0600000000048,799.0600000000048,799.0600000000048,799.0600000000048,799.0600000000048,799.0600000000048,799.0600000000048,799.0600000000048,799.0600000000048,799.0600000000048,799.0600000000048,799.0600000000048,799.0600000000048,799.0600000000048,790.7800000000011,790.7800000000011,790.7800000000011,790.7800000000011,790.7800000000011,790.7800000000011,790.7800000000011,790.7800000000011,790.7800000000011,790.7800000000011,790.7800000000011,790.7800000000011,790.7800000000011,790.7800000000011,790.7800000000011,790.7800000000011,790.7800000000011,790.7800000000011,790.7800000000011,790.7800000000011,790.7800000000011,799.0600000000048,799.0600000000048,799.0600000000048,799.0600000000048,799.0600000000048,799.0600000000048,791.0800000000011,791.0800000000011,791.0800000000011,791.090000000001,791.090000000001,791.090000000001,791.090000000001,799.0600000000048,791.380000000001,799.0600000000048,799.0600000000048,791.680000000001,791.680000000001,791.680000000001,791.680000000001,791.680000000001,791.680000000001,791.680000000001,799.0600000000048,799.0600000000048,799.0600000000048,799.0600000000048,799.0600000000048,799.0600000000048,799.0600000000048,799.0600000000048,799.0600000000048,799.0600000000048,799.0600000000048,799.0600000000048,799.0600000000048,799.0600000000048,799.0600000000048,799.0600000000048,799.0600000000048,799.0600000000048,799.0600000000048,799.0600000000048,799.0600000000048,799.0700000000048,799.0700000000048,799.0700000000048,799.0700000000048,799.0700000000048,799.0700000000048,799.0700000000048,799.0700000000048,799.0700000000048,791.9700000000009,799.0700000000048,799.0700000000048,799.0700000000048,799.0700000000048,799.0700000000048,799.0700000000048,799.0700000000048,799.0700000000048,799.0700000000048,799.0700000000048,799.0700000000048,799.0700000000048,799.0700000000048,799.0700000000048,799.0700000000048,799.0700000000048,799.0700000000048,799.0700000000048,799.0700000000048,799.0700000000048,799.0700000000048,799.0700000000048,799.0700000000048,799.0700000000048,799.0700000000048,799.0700000000048,799.0700000000048,792.2600000000009,792.2600000000009,799.0700000000048,799.0700000000048,799.0700000000048,799.0700000000048,799.0700000000048,799.0700000000048,799.0700000000048,799.0700000000048,799.0700000000048,799.0700000000048,799.0800000000048,799.0800000000048,799.0800000000048,799.0800000000048,799.0800000000048,799.0800000000048,799.0800000000048,799.0800000000048,799.0800000000048,799.0800000000048,799.0800000000048,799.0800000000048,799.0800000000048,799.0800000000048,799.0800000000048,799.0800000000048,799.0800000000048,799.0800000000048,799.0800000000048,799.0800000000048,799.0800000000048,799.0800000000048,799.0800000000048,799.0800000000048,799.0800000000048,799.0800000000048,799.0800000000048,799.0800000000048,799.0800000000048,799.0800000000048,799.0800000000048,799.0800000000048,799.0800000000048,799.0800000000048,792.5600000000009,792.5600000000009,792.8600000000008,792.8600000000008,792.8600000000008,792.8600000000008,792.8600000000008,792.8600000000008,792.8600000000008,799.0800000000048,792.8600000000008,799.0800000000048,792.8600000000008,799.0800000000048,792.8600000000008,799.0800000000048,792.8600000000008,799.0800000000048,792.8600000000008,799.0800000000048,792.8600000000008,799.0800000000048,792.8600000000008,799.0800000000048,792.8600000000008,792.8600000000008,799.0800000000048,792.8600000000008,799.0800000000048,792.8600000000008,799.0800000000048,792.8600000000008,799.0800000000048,792.8600000000008,799.0800000000048,792.8600000000008,799.0800000000048,792.8600000000008,799.0800000000048,792.8600000000008,799.0800000000048,792.8600000000008,799.0800000000048,792.8600000000008,799.0800000000048,792.8600000000008,799.0800000000048,792.8600000000008,799.0800000000048,792.8600000000008,799.0800000000048,792.8600000000008,799.0800000000048,792.8600000000008,799.0800000000048,792.8600000000008,799.0800000000048,792.8600000000008,799.0800000000048,792.8600000000008,799.0800000000048,792.8600000000008,799.0800000000048,792.8600000000008,799.0800000000048,792.8600000000008,799.0800000000048,792.8600000000008,799.0800000000048,792.8600000000008,799.0800000000048,792.8600000000008,799.0800000000048,792.8600000000008,799.0800000000048,792.8600000000008,799.0800000000048,792.8600000000008,799.0800000000048,792.8600000000008,799.0800000000048,792.8600000000008,799.0800000000048,792.8600000000008,799.0800000000048,792.8600000000008,799.0800000000048,792.8600000000008,799.0800000000048,792.8600000000008,799.0800000000048,792.8600000000008,799.0800000000048,792.8600000000008,799.0800000000048,792.8600000000008,799.0800000000048,792.8600000000008,799.0800000000048,792.8600000000008,799.0800000000048,792.8600000000008,799.0800000000048,792.8600000000008,799.0800000000048,792.8600000000008,799.0800000000048,792.8600000000008,792.8600000000008,799.0800000000048,792.8600000000008,799.0800000000048,792.8600000000008,799.0800000000048,792.8600000000008,799.0800000000048,792.8600000000008,799.0800000000048,792.8600000000008,799.0800000000048,792.8600000000008,799.0800000000048,792.8600000000008,799.0800000000048,792.8600000000008,799.0800000000048,792.8600000000008,799.0800000000048,792.8600000000008,799.0800000000048,792.8600000000008,799.0800000000048,792.8600000000008,799.0800000000048,792.8600000000008,799.0800000000048,792.8600000000008,799.0800000000048,792.8600000000008,799.0800000000048,799.0800000000048,799.0800000000048,799.0800000000048,799.0800000000048,799.0800000000048,799.0800000000048,799.0800000000048,799.0800000000048,799.0800000000048,799.0800000000048,799.0800000000048,799.0800000000048,799.0800000000048,799.0800000000048,799.0800000000048,799.0800000000048,799.0800000000048,799.0800000000048,799.0900000000048,793.170000000001,793.170000000001,799.0900000000048,799.0900000000048,799.0900000000048,799.0900000000048,799.0900000000048,799.0900000000048,799.0900000000048,799.0900000000048,799.0900000000048,799.0900000000048,799.0900000000048,799.0900000000048,799.0900000000048,799.0900000000048,799.0900000000048,799.0900000000048,799.0900000000048,799.0900000000048,799.0900000000048,799.0900000000048,799.0900000000048,799.0900000000048,799.0900000000048,799.0900000000048,799.0900000000048,799.0900000000048,799.0900000000048,799.0900000000048,799.0900000000048,799.0900000000048,799.0900000000048,799.0900000000048,799.0900000000048,799.0900000000048,799.0900000000048,799.0900000000048,793.4700000000009,793.4700000000009,793.4700000000009,793.4700000000009,793.4700000000009,799.0900000000048,799.0900000000048,799.0900000000048,799.0900000000048,799.0900000000048,799.0900000000048,799.0900000000048,799.0900000000048,799.0900000000048,799.0900000000048,799.0900000000048,799.0900000000048,799.0900000000048,799.0900000000048,799.0900000000048,799.0900000000048,799.0900000000048,799.0900000000048,799.0900000000048,793.7800000000009,799.0900000000048,799.0900000000048,793.7800000000009,799.0900000000048,793.7800000000009,799.0900000000048,793.7800000000009,799.0900000000048,793.7800000000009,799.0900000000048,793.7800000000009,799.0900000000048,793.7800000000009,799.0900000000048,793.7800000000009,799.0900000000048,793.7800000000009,799.0900000000048,793.7800000000009,799.0900000000048,793.7800000000009,799.0900000000048,793.7800000000009,799.0900000000048,793.7800000000009,799.0900000000048,793.7800000000009,799.0900000000048,793.7800000000009,799.0900000000048,793.7800000000009,799.0900000000048,793.7800000000009,799.0900000000048,799.0900000000048,799.0900000000048,799.0900000000048,799.0900000000048,799.0900000000048,799.0900000000048,799.0900000000048,799.0900000000048,799.0900000000048,799.0900000000048,799.0900000000048,799.0900000000048,799.0900000000048,799.0900000000048,799.0900000000048,799.0900000000048,799.0900000000048,799.0900000000048,799.0900000000048,799.0900000000048,799.0900000000048,799.0900000000048,799.0900000000048,799.0900000000048,799.0900000000048,799.0900000000048,799.0900000000048,799.0900000000048,799.0900000000048,799.0900000000048,799.0900000000048,799.0900000000048,799.0900000000048,799.0900000000048,799.0900000000048,799.0900000000048,799.0900000000048,799.0900000000048,799.0900000000048,799.0900000000048,799.0900000000048,799.0900000000048,799.0900000000048,799.0900000000048,799.0900000000048,799.0900000000048,799.0900000000048,799.0900000000048,799.0900000000048,799.0900000000048,799.0900000000048,799.0900000000048,799.0900000000048,799.0900000000048,799.0900000000048,799.0900000000048,799.0900000000048,799.0900000000048,799.0900000000048,799.0900000000048,799.0900000000048,799.0900000000048,799.0900000000048,799.0900000000048,799.0900000000048,799.0900000000048,799.0900000000048,799.0900000000048,799.0900000000048,799.0900000000048,799.0900000000048,799.0900000000048,799.0900000000048,799.0900000000048,799.0900000000048,799.0900000000048,799.0900000000048,799.0900000000048,799.0900000000048,799.0900000000048,799.0900000000048,799.0900000000048,799.0900000000048,799.0900000000048,799.0900000000048,799.0900000000048,799.0900000000048,799.0900000000048,799.0900000000048,799.0900000000048,794.0800000000011,799.0900000000048,794.0800000000011,799.0900000000048,799.0900000000048,799.0900000000048,799.0900000000048,799.0900000000048,799.0900000000048,799.0900000000048,799.0900000000048,799.0900000000048,799.1000000000048,799.1000000000048,799.1000000000048,799.1000000000048,799.1000000000048,799.1000000000048,799.1000000000048,799.1000000000048,799.1000000000048,799.1000000000048,799.1000000000048,799.1000000000048,799.1000000000048,799.1000000000048,799.1000000000048,799.1000000000048,799.1000000000048,799.1000000000048,799.1000000000048,799.1000000000048,799.1000000000048,799.1000000000048,799.1000000000048,799.1000000000048,799.1000000000048,799.1000000000048,799.1000000000048,799.1000000000048,799.1100000000048,799.1100000000048,799.1100000000048,799.1100000000048,799.1100000000048,799.1100000000048,799.1100000000048,799.1100000000048,799.1100000000048,799.1100000000048,799.1100000000048,799.1100000000048,799.1100000000048,799.1100000000048,799.1100000000048,799.1100000000048,799.1100000000048,799.1100000000048,799.1100000000048,799.1100000000048,799.1100000000048,799.1100000000048,799.1100000000048,799.1100000000048,799.1100000000048,799.1100000000048,799.1100000000048,799.1100000000048,799.1100000000048,799.1100000000048,799.1100000000048,799.1100000000048,799.1100000000048,799.1100000000048,799.1100000000048,799.1100000000048,799.1100000000048,799.1100000000048,799.1100000000048,799.1100000000048,799.1100000000048,799.1100000000048,799.1100000000048,799.1100000000048,799.1100000000048,799.1100000000048,799.1100000000048,799.1100000000048,799.1100000000048,799.1100000000048,799.1100000000048,799.1100000000048,799.1100000000048,799.1100000000048,799.1100000000048,799.1100000000048,799.1100000000048,799.1100000000048,799.1100000000048,799.1100000000048,794.390000000001,794.390000000001,794.390000000001,794.700000000001,794.700000000001,794.700000000001,794.700000000001,794.700000000001,794.700000000001,799.1100000000048,794.700000000001,799.1100000000048,794.700000000001,799.1100000000048,799.1100000000048,799.1100000000048,799.1100000000048,799.1100000000048,799.1100000000048,799.1100000000048,799.1100000000048,799.1100000000048,799.1100000000048,799.1100000000048,799.1100000000048,799.1200000000048,799.1200000000048,799.1200000000048,799.1200000000048,799.1200000000048,799.1200000000048,799.1200000000048,799.1200000000048,799.1200000000048,799.1200000000048,799.1200000000048,799.1200000000048,799.1200000000048,799.1200000000048,799.1200000000048,799.1200000000048,799.1200000000048,799.1200000000048,799.1200000000048,799.1200000000048,799.1200000000048,799.1200000000048,799.1200000000048,799.1200000000048,799.1200000000048,799.130000000005,799.130000000005,799.130000000005,799.130000000005,799.130000000005,799.130000000005,799.130000000005,799.130000000005,799.130000000005,799.130000000005,799.130000000005,799.130000000005,799.130000000005,799.130000000005,799.130000000005,799.130000000005,799.130000000005,799.130000000005,799.130000000005,799.130000000005,799.130000000005,799.130000000005,799.130000000005,799.130000000005,799.130000000005,799.130000000005,799.130000000005,799.130000000005,799.130000000005,799.130000000005,799.130000000005,799.130000000005,799.130000000005,799.130000000005,799.130000000005,799.130000000005,799.130000000005,799.130000000005,799.130000000005,799.130000000005,799.140000000005,799.140000000005,799.140000000005,799.140000000005,799.140000000005,799.140000000005,799.140000000005,799.140000000005,799.150000000005,799.150000000005,799.150000000005,799.150000000005,799.150000000005,799.150000000005,799.150000000005,799.150000000005,799.150000000005,795.0100000000009,799.150000000005,795.0100000000009,799.150000000005,799.150000000005,799.150000000005,799.150000000005,799.150000000005,799.150000000005,799.150000000005,799.150000000005,799.150000000005,799.150000000005,799.150000000005,799.150000000005,799.150000000005,799.150000000005,799.150000000005,799.150000000005,799.150000000005,799.160000000005,799.160000000005,799.160000000005,799.160000000005,799.160000000005,799.160000000005,799.160000000005,799.160000000005,799.160000000005,799.160000000005,799.160000000005,799.160000000005,799.160000000005,799.160000000005,799.160000000005,799.160000000005,799.160000000005,799.160000000005,799.160000000005,799.160000000005,799.160000000005,799.160000000005,799.160000000005,799.160000000005,799.160000000005,799.160000000005,799.160000000005,799.160000000005,799.160000000005,799.160000000005,799.160000000005,799.160000000005,799.160000000005,799.160000000005,799.160000000005,799.160000000005,799.160000000005,799.160000000005,799.160000000005,799.160000000005,799.160000000005,799.160000000005,799.160000000005,799.160000000005,799.160000000005,799.160000000005,799.160000000005,799.160000000005,799.160000000005,799.160000000005,799.170000000005,799.170000000005,799.170000000005,799.170000000005,799.170000000005,799.170000000005,799.170000000005,799.170000000005,799.170000000005,799.170000000005,799.170000000005,799.170000000005,799.170000000005,799.170000000005,799.170000000005,799.170000000005,799.170000000005,799.170000000005,799.170000000005,799.170000000005,799.170000000005,799.170000000005,799.170000000005,799.170000000005,799.170000000005,799.170000000005,799.170000000005,799.170000000005,795.3200000000011,799.170000000005,795.3200000000011,799.170000000005,795.3200000000011,799.170000000005,795.3200000000011,799.170000000005,795.3200000000011,799.170000000005,799.170000000005,799.170000000005,799.170000000005,799.170000000005,799.170000000005,799.180000000005,799.180000000005,799.180000000005,799.180000000005,799.180000000005,799.180000000005,799.180000000005,799.180000000005,799.180000000005,799.180000000005,799.180000000005,799.180000000005,799.180000000005,799.180000000005,799.180000000005,799.180000000005,799.180000000005,799.180000000005,799.180000000005,799.180000000005,799.180000000005,799.180000000005,799.180000000005,799.180000000005,799.180000000005,799.180000000005,799.180000000005,799.180000000005,799.180000000005,799.180000000005,799.180000000005,799.180000000005,799.180000000005,799.1900000000049,799.1900000000049,799.1900000000049,799.1900000000049,799.1900000000049,799.1900000000049,799.1900000000049,799.1900000000049,799.1900000000049,799.1900000000049,799.1900000000049,799.1900000000049,799.1900000000049,799.1900000000049,799.1900000000049,799.1900000000049,799.1900000000049,799.1900000000049,799.1900000000049,799.1900000000049,799.1900000000049,799.1900000000049,799.1900000000049,799.1900000000049,799.2000000000049,799.2000000000049,799.2000000000049,799.2000000000049,799.2000000000049,799.2000000000049,799.2000000000049,799.2000000000049,799.2000000000049,799.2000000000049,799.2000000000049,799.2000000000049,799.2000000000049,799.2000000000049,799.2000000000049,799.2000000000049,799.2000000000049,799.2000000000049,799.2000000000049,799.2000000000049,799.2100000000049,799.2100000000049,799.2100000000049,799.2100000000049,799.2100000000049,799.2100000000049,799.2100000000049,799.2100000000049,799.2100000000049,799.2100000000049,799.2100000000049,799.2100000000049,799.2100000000049,799.2100000000049,799.2100000000049,799.2100000000049,795.630000000001,799.2100000000049,795.630000000001,799.2100000000049,795.630000000001,799.2100000000049,795.630000000001,799.2100000000049,795.630000000001,799.2100000000049,795.630000000001,799.2100000000049,795.630000000001,799.2100000000049,795.630000000001,799.2100000000049,799.2100000000049,799.2100000000049,799.2100000000049,799.2100000000049,799.2100000000049,799.2100000000049,799.2100000000049,799.2100000000049,799.2100000000049,799.2100000000049,799.2100000000049,799.2100000000049,799.2100000000049,799.2100000000049,799.2100000000049,799.2100000000049,799.2100000000049,799.2100000000049,799.2100000000049,799.2100000000049,799.2100000000049,799.2100000000049,799.2100000000049,799.2100000000049,799.2100000000049,799.2100000000049,799.2100000000049,799.2100000000049,799.2100000000049,799.2100000000049,799.2100000000049,799.2100000000049,799.2100000000049,799.2100000000049,799.2100000000049,795.960000000001,795.960000000001,799.2100000000049,799.2100000000049,799.2100000000049,799.2100000000049,799.2100000000049,799.2100000000049,799.2100000000049,799.2100000000049,799.2100000000049,799.2100000000049,799.2100000000049,799.2100000000049,799.2100000000049,799.2100000000049,799.2100000000049,799.2100000000049,799.2100000000049,799.2100000000049,799.2100000000049,799.2100000000049,799.2100000000049,799.2100000000049,799.2100000000049,799.2100000000049,799.2100000000049,799.2100000000049,799.2100000000049,799.2100000000049,799.2100000000049,799.2100000000049,799.2100000000049,799.2100000000049,799.2100000000049,799.2100000000049,799.2100000000049,799.2200000000049,799.2200000000049,799.2200000000049,799.2200000000049,799.2200000000049,799.2200000000049,799.2200000000049,799.2200000000049,799.2200000000049,799.2200000000049,799.2200000000049,799.2200000000049,799.2200000000049,799.2200000000049,799.2200000000049,799.2200000000049,799.2200000000049,799.2200000000049,799.2200000000049,796.2700000000011,799.2200000000049,796.2700000000011,799.2200000000049,796.2700000000011,799.2200000000049,796.2700000000011,799.2200000000049,796.2700000000011,799.2200000000049,796.2800000000011,799.2200000000049,796.2800000000011,799.2200000000049,796.2800000000011,799.2300000000049,796.2800000000011,799.2300000000049,799.2300000000049,799.2300000000049,799.2300000000049,799.2300000000049,799.2300000000049,799.2300000000049,799.2300000000049,799.2300000000049,799.2300000000049,799.2300000000049,799.2300000000049,799.2300000000049,799.2300000000049,799.2400000000049,799.2400000000049,799.2400000000049,799.2400000000049,799.2400000000049,799.2400000000049,799.2400000000049,799.2400000000049,799.2400000000049,799.2400000000049,799.2400000000049,799.2400000000049,799.2400000000049,799.2400000000049,799.2400000000049,799.2400000000049,799.2400000000049,799.2400000000049,799.2400000000049,799.2400000000049,799.2400000000049,799.2400000000049,799.2400000000049,799.2500000000049,799.2500000000049,799.2500000000049,799.2500000000049,799.2500000000049,799.2500000000049,799.2500000000049,799.2500000000049,799.2500000000049,799.2500000000049,799.2500000000049,799.2500000000049,799.2500000000049,799.2500000000049,799.2500000000049,799.2500000000049,799.2600000000049,799.2600000000049,799.2600000000049,799.2600000000049,799.2600000000049,799.2600000000049,799.2600000000049,799.2600000000049,799.2600000000049,799.2600000000049,799.2600000000049,799.2600000000049,799.2600000000049,799.2600000000049,799.2600000000049,799.2600000000049,799.2600000000049,799.2600000000049,799.2600000000049,799.2600000000049,799.2600000000049,799.2600000000049,799.2600000000049,799.2600000000049,799.2600000000049,799.2600000000049,799.2600000000049,799.2600000000049,799.2600000000049,799.2600000000049,799.2600000000049,799.2600000000049,799.2600000000049,799.2600000000049,799.2600000000049,799.2600000000049,799.2600000000049,799.2600000000049,799.2600000000049,799.2600000000049,799.2600000000049,799.2600000000049,796.590000000001,799.2600000000049,796.590000000001,799.2600000000049,799.2600000000049,799.2600000000049,799.2600000000049,799.2600000000049,799.2600000000049,799.2600000000049,799.2600000000049,799.2600000000049,799.2700000000049,799.2700000000049,799.2700000000049,799.2700000000049,799.2700000000049,799.2700000000049,799.2700000000049,799.2700000000049,799.2700000000049,799.2700000000049,799.2700000000049,799.2700000000049,799.2700000000049,799.2700000000049,799.2700000000049,799.2700000000049,799.2700000000049,799.2700000000049,799.2700000000049,799.2700000000049,799.2700000000049,799.2700000000049,799.2700000000049,799.2700000000049,799.2700000000049,799.2700000000049,799.2700000000049,799.2700000000049,799.2700000000049,799.2700000000049,799.2700000000049,799.2700000000049,799.2800000000049,799.2800000000049,799.2800000000049,799.2800000000049,799.2800000000049,799.2800000000049,799.2800000000049,799.2800000000049,799.2800000000049,799.2800000000049,799.2800000000049,799.2800000000049,799.2800000000049,799.2800000000049,799.2800000000049,799.2800000000049,799.2800000000049,799.2800000000049,799.2800000000049,799.2800000000049,799.2800000000049,799.2800000000049,799.2800000000049,799.2800000000049,799.2800000000049,799.2800000000049,799.2800000000049,799.2800000000049,799.2800000000049,799.2800000000049,799.2800000000049,799.2800000000049,799.2800000000049,796.900000000001,799.2800000000049,796.900000000001,799.2800000000049,796.900000000001,799.2800000000049,799.2800000000049,799.2800000000049,799.2800000000049,799.2800000000049,799.2800000000049,799.2800000000049,799.2800000000049,799.2800000000049,799.2800000000049,799.2800000000049,799.2800000000049,799.2800000000049,799.2800000000049,799.2800000000049,799.2800000000049,799.2800000000049,799.2800000000049,799.2800000000049,799.2800000000049,799.2800000000049,799.2800000000049,799.2800000000049,799.2800000000049,799.2800000000049,799.2800000000049,799.2800000000049,799.2800000000049,799.2800000000049,799.2800000000049,799.2800000000049,799.2800000000049,799.2800000000049,799.2800000000049,799.2800000000049,799.2800000000049,799.2800000000049,799.2800000000049,799.2800000000049,799.2800000000049,799.2800000000049,799.2800000000049,799.2800000000049,799.2800000000049,799.2800000000049,799.2800000000049,799.2800000000049,799.2800000000049,799.2800000000049,799.2800000000049,799.2800000000049,799.2800000000049,799.2800000000049,799.2800000000049,799.2800000000049,799.2800000000049,799.2800000000049,799.2800000000049,799.2800000000049,799.2800000000049,799.2800000000049,799.2800000000049,799.2800000000049,799.2800000000049,799.2800000000049,799.2800000000049,799.2800000000049,799.2800000000049,799.2800000000049,799.2800000000049,799.2800000000049,799.2800000000049,799.2800000000049,799.2800000000049,799.2800000000049,799.2800000000049,799.2800000000049,796.900000000001,799.2900000000049,796.900000000001,799.2900000000049,796.900000000001,796.900000000001,799.2900000000049,796.900000000001,799.2900000000049,796.900000000001,799.2900000000049,799.2900000000049,799.2900000000049,797.210000000001,797.210000000001,797.210000000001,799.2900000000049,799.2900000000049,799.2900000000049,799.2900000000049,799.2900000000049,799.2900000000049,799.2900000000049,799.2900000000049,799.2900000000049,799.2900000000049,799.2900000000049,799.2900000000049,799.2900000000049,799.2900000000049,799.2900000000049,799.2900000000049,799.2900000000049,799.2900000000049,799.2900000000049,799.2900000000049,799.2900000000049,799.2900000000049,799.3000000000048,799.3000000000048,799.3000000000048,799.3000000000048,799.3000000000048,799.3000000000048,799.3000000000048,799.3000000000048,799.3000000000048,799.3000000000048,799.3000000000048,799.3000000000048,799.3000000000048,799.3000000000048,799.3000000000048,799.3000000000048,799.3000000000048,799.3000000000048,799.3000000000048,799.3000000000048,799.3000000000048,799.3000000000048,799.3000000000048,799.3000000000048,799.3000000000048,799.3000000000048,799.3000000000048,799.3000000000048,799.3000000000048,799.3000000000048,799.3000000000048,799.3000000000048,799.3000000000048,799.3000000000048,799.3000000000048,799.3000000000048,799.3000000000048,799.3000000000048,799.3000000000048,799.3000000000048,799.3000000000048,799.3000000000048,799.3000000000048,799.3000000000048,799.3000000000048,799.3000000000048,799.3000000000048,799.3000000000048,799.3000000000048,799.3000000000048,799.3000000000048,799.3000000000048,799.3000000000048,799.3000000000048,799.3000000000048,799.3000000000048,799.3000000000048,799.3000000000048,799.3000000000048,799.3000000000048,797.5300000000009,799.3000000000048,797.5300000000009,799.3000000000048,797.5300000000009,799.3000000000048,797.5300000000009,799.3000000000048,797.5300000000009,799.3000000000048,797.5300000000009,799.3000000000048,797.5300000000009,799.3000000000048,797.5300000000009,799.3000000000048,797.5300000000009,799.3000000000048,797.5300000000009,799.3000000000048,797.5300000000009,799.3000000000048,797.5300000000009,799.3000000000048,797.5300000000009,799.3000000000048,797.5300000000009,799.3000000000048,797.5300000000009,799.3000000000048,797.5300000000009,799.3000000000048,797.5300000000009,799.3000000000048,797.5300000000009,799.3000000000048,797.5300000000009,799.3000000000048,797.5300000000009,799.3000000000048,797.5300000000009,797.5300000000009,799.3000000000048,797.5300000000009,799.3000000000048,797.5300000000009,799.3000000000048,797.5300000000009,799.3000000000048,797.5300000000009,799.3000000000048,797.5300000000009,799.3000000000048,797.5300000000009,799.3000000000048,797.5300000000009,799.3000000000048,797.5300000000009,799.3000000000048,797.5300000000009,799.3000000000048,797.5300000000009,799.3000000000048,797.5300000000009,799.3000000000048,797.5300000000009,799.3000000000048,797.5300000000009,799.3000000000048,797.5300000000009,799.3000000000048,797.5300000000009,799.3000000000048,797.5300000000009,799.3000000000048,797.5300000000009,797.5300000000009,799.3000000000048,797.5300000000009,799.3000000000048,797.5300000000009,799.3000000000048,797.5300000000009,799.3000000000048,797.5300000000009,799.3000000000048,797.5300000000009,799.3000000000048,797.5300000000009,799.3000000000048,797.5300000000009,799.3000000000048,797.5300000000009,799.3100000000048,797.5300000000009,799.3100000000048,797.5300000000009,799.3100000000048,797.5300000000009,799.3100000000048,797.5300000000009,799.3100000000048,797.5300000000009,799.3100000000048,797.5300000000009,799.3100000000048,797.5300000000009,799.3100000000048,797.5300000000009,799.3100000000048,797.5300000000009,799.3100000000048,797.5300000000009,799.3100000000048,797.5300000000009,799.3100000000048,799.3100000000048,799.3200000000048,799.3200000000048,799.3200000000048,799.3200000000048,799.3200000000048,799.3200000000048,799.3200000000048,799.3300000000048,799.3300000000048,799.3300000000048,799.3300000000048,799.3300000000048,799.3300000000048,799.3300000000048,799.3300000000048,799.3300000000048,799.3300000000048,799.3300000000048,799.3300000000048,799.3300000000048,799.3300000000048,799.3300000000048,799.3300000000048,799.3300000000048,799.3300000000048,799.3300000000048,799.3300000000048,799.3300000000048,799.3300000000048,799.3300000000048,799.3300000000048,799.3300000000048,799.3300000000048,799.3300000000048,799.3300000000048,799.3300000000048,799.3300000000048,797.8500000000008,797.8500000000008,797.8500000000008,799.3300000000048,799.3300000000048,799.3300000000048,799.3300000000048,799.3300000000048,799.3300000000048,799.3300000000048,799.3300000000048,799.3300000000048,799.3300000000048,799.3300000000048,799.3300000000048,799.3300000000048,799.3300000000048,799.3300000000048,799.3300000000048,799.3300000000048,799.3300000000048,799.3300000000048,799.3300000000048,799.3300000000048,799.3300000000048,799.3300000000048,799.3300000000048,799.3300000000048,799.3300000000048,799.3300000000048,799.3300000000048,799.3300000000048,799.3300000000048,799.3300000000048,799.3300000000048,799.3300000000048,799.3300000000048,799.3300000000048,799.3300000000048,799.3300000000048,799.3300000000048,799.3300000000048,799.3300000000048,799.3300000000048,799.3300000000048,799.3300000000048,799.3300000000048,799.3300000000048,799.3300000000048,799.3300000000048,799.3300000000048,799.3300000000048,799.3300000000048,799.3300000000048,799.3300000000048,799.3300000000048,799.3300000000048,798.170000000001,799.3300000000048,798.170000000001,799.3300000000048,798.170000000001,799.3300000000048,798.170000000001,799.3300000000048,798.170000000001,799.3300000000048,798.170000000001,799.3300000000048,798.170000000001,799.3300000000048,799.3300000000048,799.3300000000048,799.3300000000048,799.3300000000048,799.3300000000048,799.3300000000048,799.3300000000048,799.3300000000048,799.3300000000048,799.3300000000048,799.3300000000048,799.3300000000048,799.3300000000048,799.3300000000048,799.3300000000048,799.3300000000048,799.3300000000048,799.3300000000048,799.3300000000048,799.3300000000048,799.3300000000048,799.3300000000048,799.3300000000048,799.3300000000048,799.3300000000048,799.3300000000048,799.3300000000048,799.3300000000048,799.3300000000048,799.3300000000048,799.3300000000048,799.3300000000048,799.3300000000048,799.3300000000048,799.3400000000048,799.3400000000048,799.3400000000048,799.3400000000048,799.3400000000048,799.3400000000048,799.3400000000048,799.3400000000048,799.3400000000048,799.3400000000048,799.3400000000048,799.3400000000048,799.3400000000048,799.3400000000048,799.3400000000048,799.3400000000048,799.3400000000048,799.3400000000048,799.3400000000048,799.3400000000048,799.3400000000048,799.3400000000048,799.3400000000048,799.3400000000048,799.3400000000048,799.3400000000048,799.3400000000048,799.3400000000048,799.3400000000048,799.3400000000048,799.3400000000048,799.3400000000048,799.3400000000048,799.3400000000048,799.3400000000048,799.3400000000048,799.3400000000048,799.3400000000048,799.3400000000048,799.3400000000048,799.3400000000048,799.3400000000048,799.3400000000048,799.3400000000048,799.3400000000048,799.3400000000048,799.3400000000048,799.3400000000048,799.3400000000048,799.3400000000048,799.3400000000048,799.3400000000048,799.3400000000048,799.3400000000048,798.4900000000009,799.3400000000048,799.3400000000048,799.3400000000048,799.3400000000048,799.3400000000048,799.3400000000048,799.3400000000048,799.3400000000048,799.3400000000048,799.3400000000048,799.3400000000048,799.3400000000048,799.3400000000048,799.3400000000048,799.3400000000048,799.3400000000048,799.3400000000048,799.3400000000048,799.3400000000048,799.3400000000048,799.3400000000048,799.3400000000048,799.3400000000048,799.3400000000048,799.3400000000048,799.3400000000048,799.3400000000048,799.3400000000048,799.3400000000048,799.3400000000048,799.3400000000048,799.3400000000048,799.3400000000048,799.3400000000048,799.3400000000048,799.3400000000048,799.3400000000048,799.3400000000048,799.3400000000048,799.3400000000048,799.3400000000048,799.3400000000048,799.3400000000048,799.3400000000048,799.3400000000048,799.3400000000048,799.3400000000048,799.3400000000048,799.3400000000048,799.3400000000048,799.3400000000048,799.3400000000048,799.3400000000048,799.3400000000048,799.3400000000048,799.3400000000048,799.3400000000048,799.3400000000048,799.3400000000048,799.3400000000048,799.3400000000048,799.3400000000048,799.3400000000048,799.3400000000048,799.3400000000048,799.3400000000048,799.3400000000048,799.3400000000048,799.3400000000048,799.3400000000048,799.3400000000048,799.3400000000048,799.3400000000048,799.3400000000048,799.3400000000048,799.3400000000048,799.3400000000048,799.3400000000048,799.3400000000048,799.3400000000048,799.3400000000048,799.3400000000048,799.3400000000048,799.3400000000048,799.3400000000048,799.3400000000048,799.3400000000048,799.3400000000048,799.3400000000048,799.3400000000048,799.3400000000048,798.8100000000009,799.3400000000048,798.8100000000009,799.3500000000048,798.8100000000009,799.3500000000048,798.8100000000009,799.3500000000048,798.8100000000009,799.3500000000048,798.8100000000009,799.3500000000048,798.8100000000009,799.3500000000048,799.3500000000048,799.3500000000048,799.3500000000048,799.3500000000048,799.3500000000048,799.3500000000048,799.3500000000048,799.3500000000048,799.3500000000048,799.3500000000048,799.3500000000048,799.3500000000048,799.3500000000048,799.3500000000048,799.3500000000048,799.3600000000048,799.3600000000048,799.3600000000048,799.3600000000048,799.3600000000048,799.3600000000048,799.3600000000048,799.3600000000048,799.3600000000048,799.3600000000048,799.3600000000048,799.3600000000048,799.3600000000048,799.3600000000048,799.3600000000048,799.3600000000048,799.3600000000048,799.3600000000048,799.3600000000048,799.3600000000048,799.3600000000048,799.3600000000048,799.3600000000048,799.3600000000048,799.3600000000048,799.3700000000048,799.3700000000048,799.3700000000048,799.3700000000048,799.3700000000048,799.3700000000048,799.3700000000048,799.3700000000048,799.3700000000048,799.3700000000048,799.3700000000048,799.3700000000048,799.3700000000048,799.3800000000048,799.3800000000048,799.3800000000048,799.3800000000048,799.3800000000048,799.3800000000048,799.3800000000048,799.3800000000048,799.3800000000048,799.3800000000048,799.3800000000048,799.3800000000048,799.3800000000048,799.3800000000048,799.3800000000048,799.3800000000048,799.3800000000048,799.3800000000048,799.3800000000048,799.3800000000048,799.3800000000048,799.3800000000048,799.3800000000048,799.3800000000048,799.3800000000048,799.3800000000048,799.3800000000048,799.3800000000048,799.3800000000048,799.3800000000048,799.3800000000048,799.3800000000048,799.3800000000048,799.3800000000048,799.3800000000048,799.3800000000048,799.3800000000048,799.130000000001,799.3800000000048,799.130000000001,799.3800000000048,799.130000000001,799.3800000000048,799.3800000000048,799.3800000000048,799.3800000000048,799.3800000000048,799.3800000000048,799.3800000000048,799.3800000000048,799.3800000000048,799.3800000000048,799.3800000000048,799.3800000000048,799.3800000000048,799.3800000000048,799.3800000000048,799.3800000000048,799.3800000000048,799.3800000000048,799.3800000000048,799.3800000000048,799.3800000000048,799.3800000000048,799.3800000000048,799.3800000000048,799.3800000000048,799.3800000000048,799.3800000000048,799.3800000000048,799.3800000000048,799.3800000000048,799.3800000000048,799.3800000000048,799.3800000000048,799.3800000000048,799.3800000000048,799.3800000000048,799.3800000000048,799.3800000000048,799.3800000000048,799.3800000000048,799.3800000000048,799.3800000000048,799.3800000000048,799.3900000000048,799.3900000000048,799.3900000000048,799.3900000000048,799.3900000000048,799.3900000000048,799.3900000000048,799.3900000000048,799.3900000000048,799.3900000000048,799.3900000000048,799.3900000000048,799.3900000000048,799.3900000000048,799.3900000000048,799.3900000000048,799.3900000000048,799.3900000000048,799.3900000000048,799.3900000000048,799.3900000000048,799.3900000000048,799.3900000000048,799.3900000000048,799.3900000000048,799.3900000000048,799.3900000000048,799.3900000000048,799.3900000000048,799.3900000000048,799.3900000000048,799.3900000000048,799.3900000000048,799.3900000000048,799.3900000000048,799.3900000000048,799.3900000000048,799.3900000000048,799.3900000000048,799.3900000000048,799.3900000000048,799.3900000000048,799.3900000000048,799.450000000001,799.3900000000048,799.450000000001,799.3900000000048,799.450000000001,799.3900000000048,799.450000000001,799.3900000000048,799.450000000001,799.3900000000048,799.450000000001,799.3900000000048,799.450000000001,799.3900000000048,799.450000000001,799.3900000000048,799.450000000001,799.3900000000048,799.450000000001,799.3900000000048,799.450000000001,799.3900000000048,799.450000000001,799.3900000000048,799.450000000001,799.3900000000048,799.450000000001,799.3900000000048,799.450000000001,799.3900000000048,799.450000000001,799.3900000000048,799.3900000000048,799.3900000000048,799.3900000000048,799.3900000000048,799.3900000000048,799.3900000000048,799.3900000000048,799.3900000000048,799.3900000000048,799.3900000000048,799.3900000000048,799.3900000000048,799.3900000000048,799.3900000000048,799.3900000000048,799.3900000000048,799.3900000000048,799.3900000000048,799.3900000000048,799.3900000000048,799.3900000000048,799.3900000000048,799.3900000000048,799.3900000000048,799.3900000000048,799.3900000000048,799.3900000000048,799.3900000000048,799.3900000000048,799.3900000000048,799.3900000000048,799.3900000000048,799.3900000000048,799.4000000000048,799.4000000000048,799.4000000000048,799.4000000000048,799.4000000000048,799.4000000000048,799.4000000000048,799.4000000000048,799.4000000000048,799.4000000000048,799.4000000000048,799.4000000000048,799.4000000000048,799.4000000000048,799.4000000000048,799.4000000000048,799.4000000000048,799.4000000000048,799.4000000000048,799.4000000000048,799.4000000000048,799.4000000000048,799.4000000000048,799.4000000000048,799.4000000000048,799.4000000000048,799.4000000000048,799.4000000000048,799.4000000000048,799.4000000000048,799.4000000000048,799.4000000000048,799.4000000000048,799.4000000000048,799.4000000000048,799.4000000000048,799.4000000000048,799.4000000000048,799.4100000000047,799.4100000000047,799.4100000000047,799.4100000000047,799.4100000000047,799.4100000000047,799.4100000000047,799.4100000000047,799.4100000000047,799.4100000000047,799.4100000000047,799.4100000000047,799.4100000000047,799.4100000000047,799.4100000000047,799.4100000000047,799.4100000000047,799.4100000000047,799.4100000000047,799.4100000000047,799.4100000000047,799.4100000000047,799.7700000000009,799.4100000000047,799.7700000000009,799.4100000000047,799.7700000000009,799.4100000000047,799.7700000000009,799.4100000000047,799.4100000000047,799.4100000000047,799.4100000000047,799.4100000000047,799.4100000000047,799.4100000000047,799.4100000000047,799.4100000000047,799.4100000000047,799.4100000000047,799.4100000000047,799.4100000000047,799.4100000000047,799.4200000000047,799.4200000000047,799.4200000000047,799.4200000000047,799.4200000000047,799.4200000000047,799.4200000000047,799.4200000000047,799.4200000000047,799.4200000000047,799.4200000000047,799.4200000000047,799.4200000000047,799.4200000000047,799.4200000000047,799.4200000000047,799.4200000000047,799.4200000000047,799.4200000000047,799.4200000000047,799.4200000000047,799.4200000000047,799.4200000000047,799.4200000000047,799.4200000000047,799.4200000000047,799.4200000000047,799.4200000000047,799.4200000000047,799.4200000000047,799.4200000000047,799.4200000000047,799.4200000000047,799.4200000000047,799.4200000000047,799.4200000000047,799.4200000000047,799.4200000000047,799.4200000000047,799.4200000000047,799.4200000000047,799.4200000000047,799.4200000000047,799.4200000000047,799.4200000000047,799.4200000000047,799.4200000000047,799.4200000000047,799.4200000000047,799.4200000000047,799.4200000000047,799.4200000000047,799.4200000000047,799.4200000000047,799.4200000000047,799.4200000000047,799.4200000000047,799.4200000000047,799.4200000000047,799.4200000000047,799.4200000000047,799.4200000000047,799.4200000000047,799.4200000000047,799.4200000000047,799.4200000000047,799.4300000000047,799.4300000000047,799.4300000000047,799.4300000000047,799.4300000000047,799.4300000000047,799.4300000000047,799.4300000000047,799.4300000000047,799.4300000000047,799.4300000000047,799.4300000000047,799.4300000000047,799.4300000000047,799.4300000000047,799.4300000000047,800.1000000000008,799.4300000000047,799.4300000000047,799.4300000000047,799.4300000000047,799.4300000000047,799.4300000000047,799.4300000000047,799.4300000000047,799.4300000000047,799.4300000000047,799.4300000000047,799.4300000000047,799.4300000000047,799.4300000000047,799.4300000000047,799.4300000000047,799.4300000000047,799.4300000000047,800.4200000000008,800.4200000000008,800.4200000000008,800.4200000000008,800.4200000000008,800.4200000000008,800.4200000000008,800.4200000000008,800.4200000000008,800.4200000000008,800.4200000000008,800.4200000000008,799.4300000000047,799.4300000000047,799.4300000000047,799.4300000000047,799.4300000000047,799.4300000000047,799.4300000000047,799.4300000000047,799.4300000000047,799.4300000000047,799.4300000000047,799.4300000000047,799.4300000000047,799.4300000000047,799.4300000000047,799.4300000000047,799.4300000000047,799.4300000000047,799.4300000000047,799.4300000000047,799.4300000000047,799.4300000000047,799.4300000000047,799.4300000000047,799.4300000000047,799.4300000000047,799.4300000000047,799.4300000000047,799.4300000000047,799.4300000000047,799.4300000000047,799.4300000000047,799.4300000000047,799.4300000000047,799.4300000000047,799.4300000000047,799.4300000000047,799.4300000000047,799.4300000000047,799.4300000000047,799.4300000000047,799.4300000000047,799.4300000000047,799.4300000000047,799.4300000000047,799.4300000000047,799.4300000000047,799.4300000000047,799.4300000000047,799.4300000000047,799.4300000000047,799.4300000000047,799.4300000000047,799.4300000000047,799.4300000000047,799.4300000000047,799.4400000000047,799.4400000000047,799.4400000000047,799.4400000000047,799.4400000000047,799.4400000000047,799.4400000000047,799.4400000000047,799.4400000000047,799.4400000000047,799.4400000000047,799.4400000000047,799.4400000000047,799.4400000000047,799.4400000000047,799.4400000000047,799.4400000000047,799.4400000000047,799.4400000000047,799.4400000000047,799.4400000000047,799.4400000000047,799.4400000000047,799.4400000000047,799.4400000000047,799.4400000000047,799.4400000000047,799.4400000000047,799.4400000000047,799.4400000000047,800.7400000000009,800.7400000000009,800.7400000000009,799.4400000000047,799.4400000000047,799.4400000000047,799.4400000000047,799.4400000000047,799.4400000000047,799.4400000000047,799.4400000000047,799.4400000000047,799.4400000000047,799.4400000000047,799.4400000000047,799.4400000000047,799.4400000000047,799.4400000000047,799.4400000000047,799.4400000000047,799.4400000000047,799.4400000000047,801.0600000000009,801.0600000000009,801.0600000000009,801.0600000000009,801.0600000000009,801.0600000000009,801.0600000000009,801.0600000000009,801.0600000000009,801.0600000000009,801.0600000000009,801.0600000000009,801.0600000000009,801.0600000000009,799.4400000000047,799.4400000000047,799.4400000000047,799.4400000000047,
799.4400000000047,799.4400000000047,799.4400000000047,799.4400000000047,799.4400000000047,799.4400000000047,799.4400000000047,799.4400000000047,799.4400000000047,799.4400000000047,799.4400000000047,799.4400000000047,799.4400000000047,799.4400000000047,799.4400000000047,799.4400000000047,799.4400000000047,799.4400000000047,799.4400000000047,799.4400000000047,799.4400000000047,799.4400000000047,799.4500000000047,799.4600000000047,799.4600000000047,799.4600000000047,799.4600000000047,799.4600000000047,799.4600000000047,799.4600000000047,799.4600000000047,799.4600000000047,799.4700000000047,799.4700000000047,799.4700000000047,799.4700000000047,799.4700000000047,799.4700000000047,799.4700000000047,799.4700000000047,799.4700000000047,799.4800000000047,799.4800000000047,799.4800000000047,799.4800000000047,799.4800000000047,799.4800000000047,799.4800000000047,801.380000000001,801.380000000001,799.5000000000047,799.5000000000047,799.5000000000047,799.5100000000047,799.5200000000046,799.5500000000046,799.5800000000046,799.6100000000046,799.6400000000045,799.6600000000045,799.6600000000045,799.6700000000045,799.6700000000045,799.6700000000045,799.6700000000045,799.6700000000045,799.6700000000045,799.6900000000045,799.6900000000045,799.6900000000045,799.6900000000045,799.6900000000045,799.6900000000045,799.7000000000045,799.7000000000045,799.7000000000045,799.7000000000045,799.7100000000045,799.7400000000044,799.7400000000044,799.7400000000044,799.7800000000044,799.7800000000044,799.7800000000044,799.7800000000044,799.7800000000044,799.7800000000044,799.7800000000044,799.7800000000044,799.7800000000044,799.7800000000044,799.8000000000046,799.8500000000046,799.8500000000046,799.8700000000046,799.8700000000046,799.8700000000046,799.9000000000045,799.9000000000045,799.9000000000045,799.9000000000045,799.9000000000045,799.9000000000045,799.9200000000045,801.700000000001,801.700000000001,801.700000000001,801.700000000001,801.700000000001,800.0000000000044,800.0200000000046,800.0400000000046,800.0400000000046,800.0400000000046,800.0900000000046,800.1700000000045,800.1700000000045,800.2300000000047,802.0200000000011,802.0200000000011,802.0200000000011,802.0200000000011,802.0200000000011,802.0200000000011,802.0200000000011,802.0200000000011,802.0200000000011,800.2600000000047,802.0200000000011,802.0200000000011,802.0200000000011,802.0300000000011,802.0300000000011,800.2900000000046,800.2900000000046,800.3200000000046,800.3500000000046,800.3500000000046,800.3500000000046,800.3500000000046,800.4200000000045,800.4800000000047,800.4800000000047,800.4800000000047,802.360000000001,802.360000000001,802.360000000001,802.360000000001,800.5500000000046,802.360000000001,800.5800000000046,800.5800000000046,800.6100000000046,800.6400000000045,800.6400000000045,800.6800000000045,800.6800000000045,800.7500000000044,800.7500000000044,802.690000000001,800.8200000000044,800.8200000000044,800.8900000000045,800.8900000000045,800.8900000000045,800.8900000000045,800.8900000000045,800.8900000000045,800.8900000000045,800.9300000000045,803.0200000000011,800.9700000000047,801.0500000000046,801.0500000000046,801.0500000000046,801.0500000000046,801.0900000000046,801.1300000000048,801.1300000000048,801.1300000000048,801.1300000000048,803.350000000001,801.2100000000047,803.350000000001,801.2100000000047,803.350000000001,801.2100000000047,803.350000000001,803.350000000001,803.350000000001,803.350000000001,803.350000000001,803.350000000001,803.350000000001,803.350000000001,803.350000000001,803.350000000001,803.350000000001,803.350000000001,803.350000000001,803.350000000001,803.350000000001,801.2600000000047,801.2600000000047,801.2600000000047,801.3100000000048,801.3600000000048,801.4100000000047,803.350000000001,801.5000000000047,803.350000000001,803.350000000001,803.350000000001,803.350000000001,803.350000000001,801.5400000000046,801.6300000000045,801.6700000000045,801.7200000000047,801.7700000000046,801.7700000000046,801.7700000000046,803.350000000001,803.350000000001,801.8200000000046,801.8200000000046,801.8200000000046,801.8700000000046,801.9200000000045,801.9300000000045,801.9300000000045,801.9300000000045,801.9300000000045,801.9300000000045,801.9300000000045,802.0400000000044,802.0400000000044,802.0400000000044,802.0400000000044,802.0400000000044,802.0400000000044,802.0400000000044,803.350000000001,803.350000000001,802.0900000000044,803.350000000001,803.350000000001,802.1500000000043,802.2000000000045,802.2000000000045,802.2000000000045,802.2000000000045,802.2000000000045,802.2000000000045,802.2600000000044,802.3200000000044,802.3200000000044,802.3200000000044,802.3300000000044,802.3300000000044,802.3300000000044,802.3900000000045,803.350000000001,803.350000000001,803.350000000001,803.350000000001,803.350000000001,802.4500000000045,802.4500000000045,802.6200000000043,802.6200000000043,802.6800000000045,802.6800000000045,802.6800000000045,803.680000000001,803.680000000001,803.680000000001,803.690000000001,803.690000000001,803.690000000001,803.690000000001,802.7400000000044,803.690000000001,803.690000000001,803.690000000001,802.8600000000043,802.9200000000045,802.9200000000045,802.9200000000045,802.9800000000045,802.9800000000045,802.9800000000045,803.0500000000044,804.0200000000009,804.0200000000009,804.0200000000009,804.0200000000009,804.0200000000009,803.1100000000046,803.1100000000046,803.1100000000046,803.2300000000045,803.2300000000045,803.2300000000045,803.2300000000045,803.2300000000045,803.3600000000046,803.3600000000046,804.3500000000008,803.3600000000046,804.3500000000008,804.3500000000008,804.3500000000008,804.3500000000008,804.3500000000008,803.4200000000045,803.4800000000045,803.5500000000046,803.6200000000046,804.6800000000007,804.6800000000007,804.6800000000007,803.7500000000044,803.7500000000044,803.7500000000044,803.7600000000044,803.7600000000044,803.8300000000046,803.8300000000046,803.8400000000046,803.8400000000046,803.8400000000046,803.9100000000045,803.9100000000045,805.0100000000009,805.0100000000009,805.0100000000009,805.0100000000009,805.0100000000009,805.0100000000009,805.0100000000009,805.0200000000009,805.0200000000009,805.0200000000009,803.9800000000047,803.9800000000047,803.9800000000047,803.9800000000047,803.9800000000047,804.0500000000046,804.0500000000046,804.0500000000046,804.1900000000047,804.1900000000047,805.3500000000008,804.2600000000047,804.2600000000047,804.2600000000047,804.3300000000046,804.4100000000045,804.4800000000045,805.6800000000007,805.6800000000007,805.6800000000007,804.5500000000044,804.5500000000044,804.5500000000044,804.5500000000044,804.6300000000045,804.6300000000045,804.6300000000045,804.6300000000045,804.6300000000045,804.7100000000045,804.7100000000045,804.7100000000045,804.7100000000045,804.7800000000044,806.0200000000009,806.0200000000009,806.0200000000009,806.0300000000009,806.0300000000009,806.0300000000009,806.0300000000009,806.0300000000009,806.0300000000009,806.0300000000009,806.0300000000009,806.0300000000009,806.0300000000009,806.0300000000009,806.0300000000009,806.0300000000009,806.0300000000009,806.0300000000009,806.0300000000009,806.0300000000009,806.0300000000009,806.0300000000009,806.0300000000009,806.0300000000009,806.0300000000009,806.0300000000009,806.0300000000009,806.0300000000009,806.0300000000009,806.0300000000009,806.0300000000009,806.0300000000009,806.0300000000009,806.0300000000009,806.0300000000009,806.0300000000009,806.0300000000009,806.0300000000009,806.0300000000009,806.0300000000009,806.0300000000009,806.0300000000009,806.0300000000009,804.9300000000045,806.0300000000009,806.0300000000009,806.0400000000009,806.0400000000009,806.0400000000009,806.0400000000009,806.0400000000009,806.0400000000009,806.0400000000009,806.0400000000009,806.0400000000009,806.0400000000009,806.0400000000009,806.0400000000009,806.0400000000009,806.0400000000009,806.0400000000009,806.0400000000009,806.0400000000009,806.0400000000009,806.0400000000009,806.0400000000009,806.0400000000009,806.0400000000009,806.0400000000009,806.0400000000009,806.0400000000009,806.0400000000009,806.0400000000009,806.0400000000009,806.0400000000009,806.0400000000009,806.0400000000009,806.0400000000009,806.0400000000009,806.0400000000009,806.0400000000009,806.0400000000009,806.0400000000009,806.0400000000009,806.0400000000009,806.0400000000009,806.0400000000009,806.0400000000009,806.0400000000009,806.0400000000009,806.0400000000009,805.0800000000046,806.0400000000009,805.0800000000046,806.0400000000009,806.0400000000009,806.0400000000009,806.0400000000009,806.0400000000009,806.0400000000009,806.0400000000009,806.0400000000009,806.0400000000009,806.0400000000009,806.0400000000009,806.0400000000009,806.0400000000009,806.0400000000009,806.0400000000009,806.0400000000009,806.0400000000009,806.0400000000009,806.0400000000009,806.0400000000009,806.0400000000009,806.0400000000009,806.0400000000009,806.0400000000009,806.0400000000009,805.1600000000045,806.0400000000009,806.0400000000009,806.0400000000009,806.0400000000009,806.0400000000009,806.0400000000009,806.0400000000009,806.0400000000009,806.0400000000009,806.0400000000009,806.0400000000009,806.0400000000009,806.0400000000009,806.0400000000009,806.0400000000009,806.0400000000009,806.0400000000009,806.0400000000009,806.0400000000009,806.0400000000009,806.0400000000009,806.0400000000009,806.0400000000009,806.0400000000009,806.0400000000009,805.2400000000044,806.0400000000009,805.2400000000044,806.0400000000009,805.2400000000044,806.0400000000009,806.0400000000009,806.0400000000009,806.0400000000009,806.0400000000009,806.0400000000009,806.0400000000009,806.0400000000009,806.0400000000009,806.0400000000009,806.0400000000009,806.0400000000009,806.0400000000009,806.0400000000009,806.0400000000009,806.0400000000009,806.0400000000009,806.0400000000009,806.0400000000009,806.0400000000009,806.0400000000009,806.0400000000009,806.0400000000009,806.0400000000009,806.0400000000009,806.0400000000009,805.3100000000046,806.0400000000009,806.0400000000009,806.0400000000009,806.0400000000009,806.0400000000009,806.0400000000009,806.0400000000009,806.0400000000009,806.0400000000009,806.0400000000009,806.0400000000009,806.0500000000009,806.0500000000009,806.0500000000009,806.0500000000009,806.0500000000009,806.0500000000009,806.0500000000009,806.0500000000009,806.0500000000009,806.0500000000009,806.0500000000009,806.0500000000009,806.0500000000009,806.0500000000009,806.0500000000009,806.0500000000009,805.3900000000045,806.0500000000009,805.3900000000045,806.0500000000009,805.3900000000045,806.0500000000009,805.3900000000045,806.0500000000009,805.3900000000045,806.0500000000009,806.0500000000009,805.3900000000045,806.0500000000009,806.0500000000009,806.0500000000009,806.0500000000009,806.0500000000009,806.0500000000009,806.0500000000009,806.0500000000009,806.0500000000009,806.0500000000009,806.0500000000009,806.0500000000009,806.0500000000009,806.0500000000009,806.0500000000009,806.0500000000009,806.0500000000009,806.0500000000009,806.0500000000009,806.0500000000009,806.0500000000009,806.0500000000009,806.0500000000009,806.0500000000009,806.0500000000009,805.4700000000045,806.0500000000009,805.4700000000045,806.0500000000009,806.0500000000009,806.0500000000009,806.0500000000009,806.0500000000009,806.0500000000009,806.0500000000009,806.0500000000009,806.0500000000009,806.0500000000009,806.0500000000009,806.0500000000009,806.0500000000009,806.0500000000009,806.0500000000009,806.0500000000009,806.0500000000009,806.0500000000009,805.5500000000046,805.5500000000046,805.6300000000045,805.6300000000045,805.7100000000045,805.7900000000046,806.0500000000009,806.0500000000009,806.0500000000009,806.0500000000009,806.0500000000009,806.0500000000009,806.0500000000009,806.0500000000009,806.0500000000009,806.0500000000009,806.0500000000009,806.0500000000009,806.0500000000009,806.0500000000009,806.0500000000009,806.0500000000009,806.0500000000009,806.0500000000009,806.0500000000009,806.0500000000009,806.0500000000009,806.0500000000009,806.0500000000009,806.0500000000009,806.0500000000009,806.0500000000009,806.0500000000009,806.0500000000009,806.0500000000009,806.0500000000009,806.0500000000009,806.0500000000009,806.0500000000009,806.0500000000009,806.0500000000009,806.0500000000009,806.0500000000009,806.0500000000009,806.0500000000009,805.9500000000045,806.0500000000009,805.9500000000045,806.0500000000009,805.9500000000045,806.0500000000009,805.9500000000045,806.0500000000009,805.9500000000045,806.0500000000009,806.0500000000009,806.0500000000009,806.0500000000009,806.0500000000009,806.0500000000009,806.0500000000009,806.0500000000009,806.0500000000009,806.0500000000009,806.0500000000009,806.0500000000009,806.0500000000009,806.0500000000009,806.0500000000009,806.0500000000009,806.0500000000009,806.0500000000009,806.0500000000009,806.0500000000009,806.0500000000009,806.0500000000009,806.0500000000009,806.0500000000009,806.0500000000009,806.0500000000009,806.0500000000009,806.0500000000009,806.0500000000009,806.0500000000009,806.0500000000009,806.0500000000009,806.0500000000009,806.0500000000009,806.0500000000009,806.0500000000009,806.0500000000009,806.0500000000009,806.0500000000009,806.0500000000009,806.0500000000009,806.0500000000009,806.0500000000009,806.0500000000009,806.0500000000009,806.0500000000009,806.0500000000009,806.0500000000009,806.0500000000009,806.0500000000009,806.0500000000009,806.0500000000009,806.0500000000009,806.0400000000044,806.0500000000009,806.0400000000044,806.0500000000009,806.0500000000009,806.0500000000009,806.0500000000009,806.0500000000009,806.0500000000009,806.0500000000009,806.0500000000009,806.0500000000009,806.0500000000009,806.0500000000009,806.0500000000009,806.0500000000009,806.0500000000009,806.0600000000009,806.0600000000009,806.0600000000009,806.0600000000009,806.0600000000009,806.0600000000009,806.0600000000009,806.0600000000009,806.0700000000008,806.0700000000008,806.0700000000008,806.0700000000008,806.0700000000008,806.0700000000008,806.0700000000008,806.0700000000008,806.0700000000008,806.0700000000008,806.0700000000008,806.0700000000008,806.0700000000008,806.0700000000008,806.0700000000008,806.0700000000008,806.0700000000008,806.0700000000008,806.0700000000008,806.0700000000008,806.0700000000008,806.0700000000008,806.0700000000008,806.0700000000008,806.0700000000008,806.0700000000008,806.0700000000008,806.0700000000008,806.0700000000008,806.0700000000008,806.2100000000045,806.0800000000008,806.0800000000008,806.0800000000008,806.0800000000008,806.0800000000008,806.0800000000008,806.0800000000008,806.0800000000008,806.0800000000008,806.0800000000008,806.0800000000008,806.0800000000008,806.0800000000008,806.0800000000008,806.0800000000008,806.0800000000008,806.0800000000008,806.0800000000008,806.0800000000008,806.0800000000008,806.0800000000008,806.0800000000008,806.0800000000008,806.0800000000008,806.0800000000008,806.0800000000008,806.0800000000008,806.3000000000044,806.0800000000008,806.3000000000044,806.0800000000008,806.3000000000044,806.0800000000008,806.3000000000044,806.0800000000008,806.3000000000044,806.0800000000008,806.0800000000008,806.0800000000008,806.0800000000008,806.0800000000008,806.0800000000008,806.0800000000008,806.0800000000008,806.0800000000008,806.0800000000008,806.0800000000008,806.0800000000008,806.0800000000008,806.0800000000008,806.0800000000008,806.0800000000008,806.0800000000008,806.0800000000008,806.0800000000008,806.0800000000008,806.0800000000008,806.0800000000008,806.0800000000008,806.0800000000008,806.0900000000008,806.0900000000008,806.0900000000008,806.3900000000045,806.0900000000008,806.0900000000008,806.0900000000008,806.0900000000008,806.0900000000008,806.0900000000008,806.0900000000008,806.0900000000008,806.0900000000008,806.0900000000008,806.0900000000008,806.0900000000008,806.0900000000008,806.0900000000008,806.0900000000008,806.0900000000008,806.0900000000008,806.0900000000008,806.0900000000008,806.0900000000008,806.0900000000008,806.0900000000008,806.0900000000008,806.0900000000008,806.0900000000008,806.0900000000008,806.0900000000008,806.0900000000008,806.4800000000045,806.0900000000008,806.4800000000045,806.0900000000008,806.4800000000045,806.0900000000008,806.0900000000008,806.0900000000008,806.0900000000008,806.0900000000008,806.0900000000008,806.0900000000008,806.5600000000044,806.7300000000045,806.8200000000044,806.420000000001,806.420000000001,806.420000000001,806.420000000001,806.420000000001,806.420000000001,806.420000000001,806.420000000001,806.420000000001,806.420000000001,806.420000000001,806.420000000001,806.420000000001,806.420000000001,806.420000000001,806.420000000001,806.420000000001,806.420000000001,806.420000000001,806.420000000001,806.420000000001,806.420000000001,806.420000000001,806.420000000001,806.420000000001,806.420000000001,806.420000000001,806.9100000000045,806.420000000001,806.9100000000045,806.420000000001,806.420000000001,806.430000000001,806.430000000001,806.430000000001,806.430000000001,806.430000000001,806.430000000001,806.430000000001,806.430000000001,806.430000000001,806.430000000001,806.430000000001,806.430000000001,806.430000000001,806.430000000001,806.430000000001,806.430000000001,806.430000000001,806.430000000001,806.430000000001,806.430000000001,806.430000000001,806.430000000001,806.430000000001,806.440000000001,806.440000000001,806.440000000001,806.440000000001,806.440000000001,806.440000000001,806.440000000001,806.440000000001,806.440000000001,806.440000000001,806.440000000001,806.440000000001,806.440000000001,806.440000000001,806.440000000001,806.440000000001,806.440000000001,806.440000000001,806.440000000001,806.440000000001,806.440000000001,806.440000000001,806.440000000001,806.440000000001,806.440000000001,806.440000000001,806.440000000001,806.440000000001,806.440000000001,806.440000000001,807.0900000000046,806.440000000001,806.440000000001,806.440000000001,806.440000000001,806.450000000001,806.450000000001,806.450000000001,806.450000000001,806.450000000001,806.450000000001,806.450000000001,806.450000000001,806.460000000001,806.460000000001,806.460000000001,806.460000000001,806.460000000001,806.460000000001,806.460000000001,806.460000000001,806.460000000001,806.460000000001,806.460000000001,806.460000000001,806.460000000001,806.460000000001,806.460000000001,806.460000000001,806.460000000001,806.460000000001,806.460000000001,806.460000000001,806.460000000001,806.460000000001,806.460000000001,806.460000000001,806.460000000001,806.460000000001,806.460000000001,806.460000000001,806.4700000000009,806.4700000000009,806.4700000000009,806.4700000000009,806.4700000000009,806.4700000000009,806.4700000000009,806.4700000000009,806.4700000000009,807.2700000000044,807.2700000000044,807.3600000000046,807.4500000000045,807.4500000000045,807.5400000000044,806.4700000000009,806.4700000000009,806.4700000000009,806.4700000000009,806.4700000000009,806.4700000000009,806.4700000000009,806.4700000000009,806.4700000000009,806.4700000000009,806.4700000000009,806.4700000000009,806.4700000000009,806.4700000000009,806.4700000000009,806.4700000000009,806.4700000000009,806.4700000000009,806.4700000000009,806.4700000000009,806.4700000000009,806.4700000000009,806.4700000000009,806.4700000000009,806.4700000000009,806.4700000000009,806.4700000000009,806.4700000000009,806.4700000000009,806.4700000000009,806.4700000000009,806.4700000000009,806.4700000000009,806.4700000000009,806.4700000000009,806.4700000000009,806.4700000000009,806.4700000000009,806.4700000000009,806.4700000000009,806.4700000000009,806.4700000000009,806.4700000000009,806.4700000000009,806.4700000000009,806.4700000000009,806.4700000000009,806.4700000000009,806.4700000000009,806.4700000000009,806.4700000000009,807.7200000000045,806.4700000000009,806.4700000000009,806.4700000000009,806.4700000000009,807.8100000000046,807.9100000000045,807.9100000000045,807.9100000000045,807.9100000000045,807.9100000000045,807.9100000000045,807.9100000000045,808.0000000000044,808.0000000000044,806.4700000000009,806.4700000000009,806.4700000000009,806.4700000000009,806.4700000000009,806.4700000000009,806.4700000000009,806.4700000000009,806.4700000000009,806.4700000000009,806.4700000000009,806.4700000000009,806.4700000000009,806.4700000000009,806.4700000000009,806.4700000000009,806.4700000000009,806.4700000000009,806.4700000000009,806.4700000000009,808.0100000000044,806.4700000000009,808.0100000000044,806.4700000000009,808.0100000000044,806.4800000000009,806.4800000000009,806.4800000000009,806.4800000000009,806.4800000000009,806.4800000000009,806.4800000000009,806.4800000000009,806.4800000000009,806.4800000000009,806.4800000000009,806.4800000000009,806.4800000000009,806.4800000000009,806.4800000000009,806.4800000000009,806.4800000000009,806.4800000000009,806.4800000000009,806.4800000000009,806.4800000000009,806.4800000000009,806.4800000000009,806.4800000000009,806.4800000000009,806.4800000000009,806.4800000000009,806.4800000000009,806.4800000000009,806.4800000000009,806.4800000000009,808.1000000000043,806.4800000000009,806.4800000000009,806.4800000000009,806.4800000000009,806.4800000000009,806.4800000000009,806.4900000000009,806.4900000000009,806.4900000000009,806.4900000000009,806.4900000000009,806.4900000000009,806.4900000000009,806.4900000000009,806.4900000000009,806.4900000000009,806.4900000000009,806.4900000000009,806.4900000000009,806.4900000000009,806.4900000000009,806.4900000000009,806.4900000000009,806.4900000000009,806.4900000000009,806.4900000000009,806.4900000000009,806.4900000000009,806.4900000000009,806.4900000000009,808.1900000000045,806.4900000000009,808.1900000000045,806.4900000000009,806.4900000000009,806.4900000000009,806.4900000000009,806.4900000000009,806.4900000000009,806.4900000000009,806.4900000000009,806.4900000000009,806.4900000000009,806.4900000000009,806.4900000000009,806.4900000000009,806.4900000000009,806.4900000000009,806.4900000000009,806.4900000000009,806.4900000000009,806.4900000000009,806.4900000000009,806.4900000000009,806.4900000000009,806.4900000000009,806.5000000000009,806.5000000000009,806.5000000000009,806.5000000000009,806.5100000000009,806.5100000000009,806.5100000000009,806.5100000000009,808.2800000000044,806.5100000000009,806.5100000000009,806.5100000000009,806.5100000000009,806.5100000000009,806.5100000000009,806.5100000000009,806.5100000000009,806.5100000000009,806.5100000000009,806.5100000000009,806.5100000000009,806.5100000000009,806.5100000000009,806.5100000000009,806.5100000000009,806.5100000000009,806.5100000000009,806.5100000000009,806.5100000000009,806.5100000000009,806.5100000000009,806.5100000000009,806.5100000000009,806.5100000000009,806.5100000000009,806.5100000000009,806.5100000000009,806.5100000000009,808.3700000000043,806.5100000000009,808.3800000000043,806.5100000000009,806.5100000000009,806.5100000000009,806.5100000000009,806.5100000000009,806.5100000000009,806.5100000000009,806.5100000000009,806.5100000000009,806.5100000000009,806.5100000000009,806.5100000000009,806.5100000000009,806.5100000000009,806.5100000000009,806.5100000000009,806.5100000000009,806.5100000000009,806.5100000000009,806.5100000000009,806.5100000000009,806.5100000000009,806.5100000000009,806.5100000000009,806.5100000000009,806.5100000000009,806.5100000000009,806.5100000000009,806.5100000000009,806.5100000000009,808.4700000000045,806.5100000000009,806.5100000000009,806.5100000000009,806.5100000000009,806.5100000000009,806.5100000000009,806.5100000000009,806.5100000000009,806.5100000000009,806.5100000000009,806.5100000000009,806.5100000000009,806.5100000000009,806.5100000000009,806.5100000000009,806.5100000000009,806.5100000000009,806.5100000000009,806.5100000000009,806.5100000000009,806.5100000000009,806.5100000000009,806.5100000000009,806.5100000000009,806.5100000000009,806.5100000000009,806.5100000000009,806.5100000000009,806.5100000000009,806.5100000000009,806.5100000000009,808.4700000000045,806.5100000000009,808.4700000000045,806.5100000000009,808.4700000000045,806.5100000000009,806.5100000000009,806.5100000000009,806.5100000000009,806.5100000000009,806.5100000000009,806.5100000000009,806.5100000000009,806.5100000000009,806.5100000000009,806.5100000000009,806.5100000000009,806.5100000000009,806.5100000000009,806.5100000000009,806.5100000000009,806.5100000000009,806.5100000000009,806.5100000000009,806.5100000000009,806.5100000000009,806.5100000000009,806.5100000000009,806.5100000000009,806.5100000000009,806.5100000000009,806.5100000000009,806.5100000000009,806.5100000000009,806.5100000000009,806.5100000000009,808.5700000000046,806.5100000000009,806.5100000000009,806.5100000000009,806.5100000000009,806.5100000000009,806.5100000000009,806.5100000000009,806.5100000000009,806.5100000000009,806.5100000000009,806.5100000000009,806.5100000000009,806.5100000000009,806.5100000000009,806.5100000000009,806.5100000000009,806.5100000000009,806.5100000000009,806.5100000000009,806.5100000000009,806.5100000000009,806.5200000000009,806.5200000000009,806.5200000000009,806.5200000000009,806.5200000000009,806.5200000000009,806.5200000000009,806.5200000000009,806.5200000000009,808.6700000000045,806.5200000000009,808.6700000000045,806.5200000000009,806.5200000000009,806.5200000000009,806.5200000000009,806.5200000000009,806.5200000000009,806.5200000000009,806.5200000000009,806.5200000000009,806.5200000000009,806.5200000000009,806.5200000000009,806.5200000000009,806.5200000000009,806.5200000000009,806.5200000000009,806.5200000000009,806.5200000000009,806.5200000000009,806.5200000000009,806.5200000000009,806.5200000000009,806.5200000000009,806.5200000000009,806.5200000000009,806.5200000000009,806.5200000000009,806.5200000000009,806.5200000000009,806.5200000000009,806.5200000000009,808.7700000000044,806.5200000000009,806.5200000000009,806.5200000000009,806.5200000000009,806.5300000000009,806.5300000000009,806.5300000000009,806.5300000000009,806.5300000000009,806.5300000000009,806.5300000000009,806.5300000000009,806.5300000000009,806.5300000000009,806.5300000000009,806.5300000000009,806.5300000000009,806.5300000000009,806.5300000000009,806.5300000000009,806.5300000000009,806.5300000000009,806.5300000000009,806.5300000000009,806.5300000000009,806.5300000000009,806.5300000000009,806.5300000000009,806.5300000000009,806.5300000000009,806.5300000000009,808.8700000000046,806.5300000000009,806.5300000000009,806.5300000000009,806.5300000000009,806.5300000000009,806.5300000000009,806.5300000000009,806.5300000000009,806.5300000000009,806.5300000000009,806.5300000000009,806.5300000000009,806.5300000000009,806.5300000000009,806.5300000000009,806.5300000000009,806.5300000000009,806.5300000000009,808.9700000000045,809.1700000000045,809.1800000000045,809.1800000000045,806.860000000001,806.860000000001,809.2800000000046,809.3800000000045,809.3800000000045,809.3800000000045,809.3800000000045,809.4700000000045,806.860000000001,806.860000000001,806.860000000001,806.860000000001,806.860000000001,806.860000000001,806.860000000001,806.860000000001,809.6700000000045,809.6700000000045,809.6700000000045,809.6700000000045,809.6700000000045,809.7700000000044,809.7700000000044,807.2000000000012,807.2000000000012,807.2000000000012,807.2000000000012,809.8800000000045,809.8800000000045,809.8900000000045,809.9900000000044,807.5300000000011,810.1000000000046,810.2100000000045,810.2100000000045,810.3200000000046,807.860000000001,807.860000000001,807.860000000001,807.860000000001,807.860000000001,807.870000000001,807.870000000001,807.870000000001,807.870000000001,807.870000000001,807.870000000001,807.870000000001,807.870000000001,810.4300000000045,807.870000000001,810.4300000000045,807.870000000001,810.4300000000045,807.870000000001,807.870000000001,807.870000000001,807.870000000001,807.870000000001,807.870000000001,807.870000000001,807.870000000001,807.870000000001,807.870000000001,807.870000000001,807.870000000001,807.870000000001,807.870000000001,807.870000000001,807.870000000001,807.870000000001,807.870000000001,807.870000000001,807.870000000001,807.870000000001,807.870000000001,807.870000000001,807.870000000001,807.870000000001,807.870000000001,807.870000000001,807.870000000001,807.870000000001,807.870000000001,807.870000000001,807.870000000001,807.870000000001,807.870000000001,807.870000000001,810.5300000000046,807.870000000001,810.5300000000046,807.870000000001,810.5300000000046,807.870000000001,810.5300000000046,807.870000000001,807.870000000001,807.870000000001,807.870000000001,807.870000000001,807.870000000001,807.870000000001,807.870000000001,807.880000000001,807.880000000001,807.880000000001,807.880000000001,807.880000000001,807.880000000001,807.880000000001,807.880000000001,807.880000000001,807.880000000001,807.880000000001,807.880000000001,807.890000000001,807.890000000001,807.890000000001,807.890000000001,807.890000000001,807.890000000001,807.890000000001,807.890000000001,807.890000000001,807.890000000001,807.890000000001,807.890000000001,807.890000000001,807.890000000001,810.6400000000045,807.890000000001,807.890000000001,810.6400000000045,807.890000000001,807.890000000001,807.890000000001,807.890000000001,807.890000000001,807.890000000001,807.890000000001,807.890000000001,807.900000000001,807.900000000001,807.900000000001,807.900000000001,807.900000000001,807.900000000001,807.900000000001,807.900000000001,807.900000000001,807.900000000001,807.900000000001,807.900000000001,807.900000000001,807.900000000001,807.900000000001,807.900000000001,807.900000000001,807.900000000001,807.900000000001,807.900000000001,807.900000000001,807.900000000001,807.900000000001,807.900000000001,807.900000000001,807.900000000001,810.6400000000045,807.900000000001,807.900000000001,807.900000000001,807.900000000001,807.900000000001,807.900000000001,807.900000000001,807.900000000001,807.900000000001,807.900000000001,807.900000000001,807.900000000001,807.910000000001,807.910000000001,807.910000000001,807.910000000001,807.910000000001,807.910000000001,807.910000000001,807.910000000001,807.910000000001,807.910000000001,807.910000000001,807.910000000001,807.910000000001,807.910000000001,807.910000000001,807.910000000001,807.910000000001,807.910000000001,807.920000000001,807.920000000001,807.920000000001,807.920000000001,807.920000000001,807.920000000001,807.920000000001,807.920000000001,807.920000000001,807.920000000001,807.920000000001,807.920000000001,807.920000000001,807.920000000001,807.920000000001,807.920000000001,807.920000000001,807.920000000001,807.920000000001,807.920000000001,807.920000000001,807.920000000001,807.920000000001,807.920000000001,807.920000000001,807.920000000001,807.920000000001,807.920000000001,807.920000000001,807.920000000001,807.920000000001,807.930000000001,807.930000000001,807.930000000001,810.7400000000044,807.930000000001,807.930000000001,807.930000000001,807.930000000001,807.930000000001,807.930000000001,807.930000000001,807.930000000001,807.930000000001,807.930000000001,807.930000000001,807.930000000001,807.930000000001,807.930000000001,807.930000000001,807.930000000001,807.930000000001,807.930000000001,807.930000000001,807.930000000001,807.930000000001,807.930000000001,807.930000000001,807.930000000001,807.930000000001,807.930000000001,807.930000000001,807.930000000001,807.930000000001,807.930000000001,807.930000000001,807.930000000001,807.930000000001,807.930000000001,807.930000000001,807.930000000001,810.8500000000046,807.930000000001,810.8500000000046,807.930000000001,810.8500000000046,807.930000000001,807.930000000001,807.930000000001,807.930000000001,807.930000000001,807.930000000001,807.930000000001,807.930000000001,807.930000000001,807.930000000001,807.930000000001,807.930000000001,807.930000000001,807.930000000001,807.930000000001,807.930000000001,807.930000000001,807.930000000001,807.930000000001,807.930000000001,807.930000000001,807.930000000001,807.930000000001,807.930000000001,807.930000000001,807.930000000001,807.930000000001,807.930000000001,807.930000000001,807.930000000001,807.930000000001,807.930000000001,807.930000000001,807.930000000001,807.930000000001,810.9600000000045,807.930000000001,810.9600000000045,807.930000000001,807.930000000001,807.930000000001,807.930000000001,807.930000000001,807.930000000001,807.930000000001,807.930000000001,807.930000000001,807.930000000001,807.930000000001,807.930000000001,807.930000000001,807.930000000001,807.930000000001,807.930000000001,807.930000000001,807.930000000001,807.930000000001,807.930000000001,807.930000000001,807.930000000001,807.930000000001,807.930000000001,807.930000000001,807.930000000001,807.930000000001,807.930000000001,807.930000000001,807.930000000001,807.930000000001,807.930000000001,807.930000000001,807.930000000001,807.930000000001,811.0700000000046,807.930000000001,807.930000000001,811.0700000000046,807.930000000001,811.0700000000046,807.930000000001,807.930000000001,807.930000000001,807.930000000001,807.930000000001,807.930000000001,807.930000000001,807.930000000001,807.930000000001,807.930000000001,807.930000000001,807.930000000001,807.930000000001,807.930000000001,807.930000000001,807.930000000001,807.930000000001,807.930000000001,807.930000000001,807.930000000001,807.930000000001,807.940000000001,807.940000000001,807.940000000001,807.940000000001,807.950000000001,807.950000000001,807.950000000001,807.950000000001,807.950000000001,807.950000000001,807.950000000001,807.950000000001,807.950000000001,807.950000000001,811.1800000000045,807.950000000001,807.950000000001,807.950000000001,807.950000000001,807.950000000001,807.950000000001,807.950000000001,807.950000000001,807.950000000001,807.950000000001,807.950000000001,807.950000000001,807.950000000001,807.950000000001,807.950000000001,807.950000000001,807.950000000001,807.950000000001,807.950000000001,807.950000000001,807.950000000001,807.950000000001,807.950000000001,807.950000000001,807.950000000001,807.950000000001,807.950000000001,807.950000000001,807.950000000001,807.950000000001,807.950000000001,807.950000000001,807.950000000001,807.950000000001,811.2800000000046,811.2800000000046,811.2800000000046,811.3900000000045,811.3900000000045,811.3900000000045,811.5000000000047,811.5000000000047,808.2800000000011,808.2800000000011,808.2800000000011,808.2800000000011,808.2800000000011,808.2800000000011,808.2800000000011,811.6100000000046,808.2800000000011,811.6100000000046,808.2800000000011,811.6100000000046,808.2800000000011,808.2800000000011,811.6100000000046,808.2800000000011,811.6100000000046,808.2800000000011,808.2800000000011,808.2800000000011,808.2800000000011,808.2800000000011,808.2800000000011,808.2800000000011,808.2900000000011,808.2900000000011,808.2900000000011,808.2900000000011,808.2900000000011,808.2900000000011,808.2900000000011,808.2900000000011,808.2900000000011,808.2900000000011,808.2900000000011,808.2900000000011,808.2900000000011,808.2900000000011,808.2900000000011,808.2900000000011,808.2900000000011,808.2900000000011,808.2900000000011,808.2900000000011,808.2900000000011,808.2900000000011,808.2900000000011,808.2900000000011,808.2900000000011,808.2900000000011,808.2900000000011,808.2900000000011,811.7200000000047,808.2900000000011,811.7200000000047,808.2900000000011,808.2900000000011,808.2900000000011,808.2900000000011,808.2900000000011,808.2900000000011,808.2900000000011,808.2900000000011,808.2900000000011,808.2900000000011,808.2900000000011,808.2900000000011,808.2900000000011,808.2900000000011,808.2900000000011,808.2900000000011,808.2900000000011,808.2900000000011,808.2900000000011,808.2900000000011,808.2900000000011,808.2900000000011,808.2900000000011,808.2900000000011,808.2900000000011,808.2900000000011,808.2900000000011,808.2900000000011,808.2900000000011,808.2900000000011,808.2900000000011,808.2900000000011,808.2900000000011,808.2900000000011,808.2900000000011,811.8300000000046,808.2900000000011,811.8300000000046,808.2900000000011,811.8300000000046,808.2900000000011,808.2900000000011,811.8300000000046,808.2900000000011,808.2900000000011,808.2900000000011,808.2900000000011,808.3000000000011,808.3000000000011,808.3000000000011,808.3000000000011,808.3000000000011,808.3000000000011,808.3000000000011,808.3000000000011,808.3000000000011,808.3000000000011,808.3000000000011,811.9400000000047,811.9400000000047,811.9400000000047,811.9400000000047,811.9400000000047,812.0500000000046,812.1600000000047,812.1600000000047,812.1600000000047,808.640000000001,808.640000000001,808.640000000001,808.640000000001,808.640000000001,808.640000000001,808.640000000001,808.640000000001,808.640000000001,808.640000000001,808.640000000001,808.640000000001,808.640000000001,808.640000000001,808.640000000001,808.640000000001,808.640000000001,808.640000000001,808.640000000001,808.640000000001,808.640000000001,808.650000000001,808.650000000001,808.650000000001,808.650000000001,808.650000000001,808.650000000001,808.650000000001,808.650000000001,808.650000000001,808.650000000001,812.2800000000046,808.650000000001,808.650000000001,812.2800000000046,812.2800000000046,812.3900000000048,812.3900000000048,812.5000000000047,808.650000000001,808.650000000001,808.650000000001,808.650000000001,808.650000000001,808.650000000001,808.650000000001,812.6200000000048,808.650000000001,808.650000000001,808.650000000001,808.650000000001,808.650000000001,808.650000000001,808.650000000001,808.650000000001,808.650000000001,808.650000000001,808.650000000001,808.650000000001,808.650000000001,808.650000000001,808.650000000001,808.650000000001,808.650000000001,808.650000000001,808.650000000001,808.650000000001,808.650000000001,808.650000000001,808.650000000001,808.650000000001,808.650000000001,808.650000000001,808.650000000001,808.650000000001,808.650000000001,808.650000000001,808.650000000001,808.650000000001,808.650000000001,808.650000000001,808.650000000001,808.650000000001,808.650000000001,808.650000000001,808.650000000001,808.650000000001,808.650000000001,808.650000000001,808.650000000001,808.650000000001,808.650000000001,808.650000000001,808.650000000001,808.650000000001,808.650000000001,808.650000000001,808.650000000001,808.650000000001,808.650000000001,808.650000000001,808.650000000001,808.650000000001,808.650000000001,808.650000000001,808.650000000001,808.650000000001,808.650000000001,808.650000000001,808.650000000001,808.650000000001,808.650000000001,808.650000000001,808.650000000001,808.650000000001,808.650000000001,808.650000000001,808.650000000001,808.650000000001,808.650000000001,808.650000000001,808.650000000001,808.650000000001,808.650000000001,808.650000000001,808.650000000001,808.650000000001,808.650000000001,808.650000000001,808.650000000001,808.650000000001,808.650000000001,808.650000000001,808.660000000001,808.660000000001,808.660000000001,808.660000000001,808.660000000001,808.660000000001,808.660000000001,808.660000000001,808.660000000001,808.660000000001,808.660000000001,808.660000000001,808.660000000001,808.660000000001,808.660000000001,808.660000000001,808.660000000001,808.660000000001,812.9700000000047,808.660000000001,812.9700000000047,808.660000000001,812.9700000000047,808.660000000001,808.660000000001,808.660000000001,808.660000000001,808.660000000001,808.660000000001,808.660000000001,808.660000000001,808.660000000001,808.660000000001,808.660000000001,808.660000000001,808.660000000001,808.660000000001,808.660000000001,808.660000000001,808.660000000001,808.660000000001,808.660000000001,808.660000000001,808.660000000001,808.660000000001,808.660000000001,808.660000000001,808.660000000001,808.660000000001,808.660000000001,808.660000000001,808.660000000001,808.660000000001,808.660000000001,808.660000000001,808.660000000001,808.660000000001,808.660000000001,808.660000000001,813.0900000000046,808.660000000001,808.660000000001,813.0900000000046,808.660000000001,813.0900000000046,808.660000000001,808.660000000001,808.660000000001,808.660000000001,808.660000000001,808.660000000001,808.670000000001,808.670000000001,808.670000000001,808.670000000001,808.670000000001,808.670000000001,808.670000000001,808.670000000001,808.670000000001,808.670000000001,808.670000000001,808.670000000001,808.670000000001,808.670000000001,808.670000000001,808.670000000001,808.670000000001,808.670000000001,808.670000000001,808.670000000001,808.670000000001,808.670000000001,808.670000000001,808.670000000001,808.670000000001,808.670000000001,808.670000000001,808.670000000001,808.670000000001,808.670000000001,813.2000000000047,808.670000000001,813.2000000000047,808.670000000001,808.670000000001,808.670000000001,808.670000000001,808.670000000001,808.670000000001,808.670000000001,808.670000000001,808.670000000001,808.670000000001,808.670000000001,808.670000000001,808.670000000001,808.670000000001,808.670000000001,808.670000000001,808.670000000001,808.670000000001,808.670000000001,808.670000000001,808.670000000001,808.680000000001,808.680000000001,808.680000000001,808.680000000001,808.680000000001,808.680000000001,808.680000000001,808.680000000001,808.680000000001,808.680000000001,808.680000000001,808.690000000001,808.690000000001,808.690000000001,813.3200000000046,808.690000000001,813.3200000000046,808.690000000001,808.690000000001,813.5500000000046,813.5500000000046,809.0300000000011,809.0300000000011,809.0300000000011,809.0300000000011,809.0300000000011,809.0300000000011,809.0300000000011,813.6700000000047,809.0300000000011,813.6700000000047,809.0300000000011,813.6700000000047,809.0300000000011,813.6700000000047,809.0300000000011,813.6700000000047,809.0300000000011,813.6700000000047,809.0300000000011,813.6700000000047,809.0300000000011,809.0300000000011,809.0300000000011,809.0400000000011,809.0400000000011,809.0400000000011,809.0400000000011,809.0400000000011,809.0400000000011,809.0400000000011,809.0400000000011,809.0400000000011,809.0400000000011,809.0400000000011,809.0400000000011,809.0400000000011,809.0400000000011,809.0400000000011,809.0400000000011,809.0400000000011,809.0400000000011,809.0400000000011,809.0400000000011,809.0400000000011,809.0400000000011,809.0400000000011,809.0400000000011,809.0400000000011,809.0400000000011,809.0400000000011,809.0400000000011,809.0400000000011,809.0500000000011,809.0500000000011,809.0500000000011,809.0500000000011,809.0500000000011,813.6700000000047,809.0500000000011,809.0500000000011,809.0500000000011,809.0500000000011,809.0500000000011,809.0500000000011,809.0500000000011,809.0500000000011,809.0500000000011,809.0500000000011,809.0500000000011,809.0500000000011,809.0500000000011,809.0500000000011,809.0500000000011,809.0500000000011,809.0500000000011,809.0500000000011,809.0500000000011,809.0500000000011,809.0500000000011,809.0500000000011,809.0500000000011,809.0500000000011,813.7900000000046,813.7900000000046,813.9200000000047,813.9200000000047,814.0400000000046,814.0400000000046,814.0400000000046,809.390000000001,809.390000000001,809.390000000001,809.390000000001,809.390000000001,809.390000000001,809.390000000001,809.390000000001,809.390000000001,809.390000000001,809.390000000001,809.390000000001,809.390000000001,809.390000000001,809.390000000001,809.390000000001,809.390000000001,809.390000000001,809.390000000001,809.390000000001,809.390000000001,809.390000000001,809.390000000001,809.390000000001,809.390000000001,809.390000000001,809.390000000001,809.390000000001,809.390000000001,809.390000000001,814.1700000000047,809.390000000001,814.1700000000047,809.390000000001,809.390000000001,809.390000000001,809.390000000001,809.390000000001,809.390000000001,809.390000000001,809.390000000001,809.390000000001,809.390000000001,809.390000000001,809.390000000001,809.390000000001,809.390000000001,809.390000000001,809.390000000001,809.390000000001,809.390000000001,809.390000000001,809.390000000001,809.390000000001,809.390000000001,809.390000000001,809.390000000001,809.390000000001,809.390000000001,809.390000000001,809.390000000001,809.390000000001,809.390000000001,809.390000000001,809.390000000001,809.390000000001,809.390000000001,809.390000000001,809.390000000001,809.390000000001,809.390000000001,814.2900000000046,809.390000000001,814.2900000000046,809.390000000001,809.390000000001,809.390000000001,809.390000000001,809.390000000001,809.390000000001,809.390000000001,809.390000000001,809.390000000001,809.390000000001,809.390000000001,809.390000000001,809.390000000001,809.390000000001,809.390000000001,809.390000000001,809.390000000001,809.390000000001,809.390000000001,809.390000000001,809.390000000001,809.390000000001,809.390000000001,809.390000000001,809.390000000001,809.390000000001,809.390000000001,809.390000000001,809.390000000001,809.390000000001,809.390000000001,809.390000000001,809.390000000001,809.390000000001,809.390000000001,809.390000000001,809.390000000001,809.390000000001,814.4100000000047,809.390000000001,809.390000000001,814.4100000000047,809.390000000001,809.390000000001,809.390000000001,809.390000000001,809.390000000001,809.390000000001,809.390000000001,809.390000000001,809.390000000001,809.390000000001,809.390000000001,809.390000000001,809.390000000001,809.390000000001,809.390000000001,809.390000000001,809.390000000001,809.390000000001,809.390000000001,809.390000000001,809.390000000001,809.390000000001,809.390000000001,809.390000000001,809.390000000001,809.390000000001,809.390000000001,809.390000000001,809.390000000001,809.390000000001,809.390000000001,809.390000000001,809.390000000001,809.390000000001,809.390000000001,809.390000000001,809.390000000001,809.390000000001,814.5300000000046,809.390000000001,809.390000000001,809.400000000001,809.400000000001,809.400000000001,809.400000000001,809.400000000001,809.400000000001,809.400000000001,809.400000000001,809.400000000001,809.400000000001,809.400000000001,809.400000000001,809.400000000001,809.400000000001,814.6500000000048,814.6500000000048,814.7700000000046,814.8900000000048,814.8900000000048,814.8900000000048,815.0200000000046,815.0200000000046,815.1400000000048,815.1400000000048,809.7400000000009,809.7400000000009,809.7400000000009,809.7400000000009,809.7400000000009,809.7400000000009,809.7400000000009,809.7400000000009,809.7400000000009,809.7400000000009,809.7400000000009,809.7400000000009,809.7400000000009,809.7400000000009,809.7400000000009,809.7400000000009,809.7400000000009,809.7400000000009,809.7400000000009,809.7400000000009,815.2600000000047,809.7400000000009,815.2600000000047,809.7400000000009,815.2600000000047,809.7400000000009,809.7400000000009,809.7400000000009,809.7400000000009,809.7400000000009,809.7400000000009,809.7400000000009,809.7400000000009,809.7400000000009,809.7400000000009,809.7400000000009,809.7400000000009,809.7400000000009,809.7400000000009,809.7500000000009,809.7500000000009,809.7500000000009,809.7500000000009,809.7500000000009,809.7500000000009,809.7500000000009,809.7500000000009,809.7500000000009,809.7500000000009,809.7500000000009,809.7500000000009,809.7500000000009,809.7500000000009,809.7500000000009,809.7500000000009,809.7500000000009,809.7500000000009,809.7500000000009,809.7500000000009,809.7500000000009,809.7500000000009,809.7500000000009,809.7500000000009,809.7500000000009,815.3900000000048,809.7500000000009,815.3900000000048,809.7500000000009,815.3900000000048,809.7500000000009,809.7500000000009,809.7500000000009,809.7500000000009,809.7500000000009,809.7500000000009,809.7500000000009,809.7500000000009,809.7500000000009,809.7500000000009,809.7500000000009,809.7500000000009,809.7500000000009,809.7500000000009,809.7500000000009,809.7500000000009,809.7500000000009,809.7500000000009,809.7500000000009,809.7500000000009,809.7500000000009,809.7500000000009,809.7500000000009,809.7500000000009,809.7500000000009,809.7500000000009,809.7500000000009,809.7500000000009,809.7500000000009,809.7500000000009,809.7500000000009,809.7500000000009,809.7500000000009,809.7500000000009,809.7500000000009,809.7500000000009,809.7500000000009,809.7500000000009,815.5200000000046,809.7500000000009,815.5200000000046,809.7500000000009,815.5300000000046,809.7500000000009,815.5300000000046,809.7500000000009,815.5300000000046,809.7600000000009,809.7600000000009,809.7600000000009,809.7700000000009,809.7700000000009,809.7700000000009,809.7700000000009,809.7700000000009,809.7700000000009,809.7700000000009,
809.7700000000009,809.7700000000009,809.7700000000009,809.7700000000009,809.7700000000009,809.7700000000009,809.7700000000009,809.7700000000009,809.7700000000009,809.7700000000009,809.7700000000009,809.7700000000009,809.7700000000009,809.7700000000009,809.7700000000009,809.7700000000009,809.7700000000009,809.7700000000009,809.7700000000009,809.7900000000009,809.7900000000009,809.7900000000009,815.6500000000048,809.8000000000009,809.8000000000009,809.8000000000009,809.8000000000009,809.8000000000009,809.8000000000009,809.8000000000009,809.8000000000009,809.8000000000009,809.8000000000009,809.8000000000009,809.8000000000009,809.8000000000009,809.8000000000009,809.8000000000009,809.8000000000009,809.8000000000009,809.8100000000009,809.8100000000009,809.8200000000011,809.8300000000011,809.8300000000011,809.8300000000011,815.7700000000046,815.7700000000046,809.850000000001,815.7700000000046,809.850000000001,809.860000000001,809.870000000001,809.880000000001,809.880000000001,809.880000000001,809.880000000001,809.900000000001,809.900000000001,809.920000000001,809.920000000001,809.930000000001,815.9000000000048,809.930000000001,809.940000000001,809.940000000001,809.950000000001,809.950000000001,809.950000000001,809.9700000000009,810.0200000000011,816.0300000000049,816.0300000000049,816.0300000000049,816.0300000000049,810.0400000000011,816.0300000000049,810.0400000000011,816.0300000000049,810.0400000000011,816.0300000000049,810.0400000000011,810.0400000000011,810.0400000000011,810.0400000000011,810.0400000000011,810.0400000000011,810.0400000000011,810.0400000000011,810.0400000000011,810.0600000000011,810.0600000000011,810.0800000000011,810.100000000001,810.120000000001,810.120000000001,810.120000000001,816.1600000000047,810.150000000001,810.1900000000012,810.1900000000012,810.2100000000012,810.2300000000012,810.2300000000012,816.2900000000049,816.2900000000049,816.2900000000049,816.2900000000049,810.2500000000011,810.2500000000011,810.2500000000011,810.2800000000011,810.2800000000011,810.360000000001,810.3900000000012,810.3900000000012,810.4500000000012,810.4500000000012,816.5500000000048,810.5300000000011,810.5600000000011,810.5600000000011,816.6800000000047,816.6800000000047,816.6800000000047,816.6800000000047,810.5900000000013,810.5900000000013,810.5900000000013,810.5900000000013,810.6200000000013,810.6500000000012,810.6800000000012,816.8100000000048,810.7400000000011,810.7400000000011,810.7400000000011,810.7400000000011,810.7400000000011,810.7500000000011,810.7500000000011,810.7800000000011,816.9400000000047,810.8100000000013,810.8500000000013,810.8900000000012,817.0700000000048,810.9300000000012,810.9700000000012,817.2100000000049,811.0400000000013,811.0700000000013,811.1000000000013,811.1000000000013,811.1000000000013,811.1000000000013,817.3400000000048,811.1400000000012,811.1400000000012,811.1400000000012,811.2100000000014,817.4700000000049,811.2500000000014,811.2500000000014,811.2500000000014,811.2900000000013,811.2900000000013,811.3300000000013,811.3300000000013,811.4100000000012,811.4100000000012,811.4500000000012,811.4500000000012,811.4500000000012,811.4500000000012,817.7300000000049,817.7300000000049,817.7300000000049,811.4900000000011,811.4900000000011,811.4900000000011,817.8700000000048,811.5800000000013,811.5800000000013,811.6200000000013,818.0100000000049,811.6600000000012,818.0100000000049,811.7100000000012,818.1500000000048,811.8000000000013,811.8400000000013,811.8400000000013,818.2800000000049,811.8400000000013,811.8900000000012,811.9400000000014,818.410000000005,818.410000000005,818.410000000005,818.410000000005,818.410000000005,811.9800000000014,811.9800000000014,812.0800000000013,812.0900000000013,818.5400000000049,818.5400000000049,818.5400000000049,812.1400000000012,812.1900000000014,812.1900000000014,812.1900000000014,818.680000000005,812.2500000000014,812.2500000000014,812.2500000000014,812.2500000000014,812.3000000000013,818.8200000000048,818.8200000000048,812.3500000000013,818.8200000000048,812.4100000000014,812.4600000000014,812.5700000000013,819.1000000000048,819.1000000000048,812.6300000000015,812.6900000000014,812.6900000000014,812.6900000000014,812.6900000000014,812.6900000000014,812.6900000000014,812.6900000000014,812.6900000000014,812.6900000000014,812.6900000000014,819.2300000000049,819.2300000000049,819.2300000000049,819.2300000000049,819.2300000000049,812.7400000000014,819.2300000000049,819.2300000000049,812.8000000000013,812.8000000000013,812.8600000000015,812.9200000000014,812.9200000000014,812.9200000000014,812.9200000000014,812.9200000000014,812.9200000000014,812.9200000000014,812.9800000000014,812.9800000000014,812.9800000000014,812.9800000000014,812.9800000000014,819.5100000000049,812.9800000000014,819.5100000000049,812.9800000000014,812.9800000000014,812.9800000000014,813.0400000000016,813.1000000000015,813.1000000000015,819.650000000005,819.650000000005,813.2200000000014,819.7900000000049,813.2800000000016,813.2800000000016,813.2800000000016,813.3400000000015,813.3400000000015,813.3400000000015,813.3400000000015,813.3400000000015,819.930000000005,819.930000000005,819.930000000005,813.4000000000015,813.4000000000015,813.5300000000016,813.5900000000015,813.5900000000015,813.5900000000015,820.2200000000049,820.2200000000049,813.6600000000014,820.360000000005,813.8500000000015,813.9200000000014,813.9200000000014,813.9200000000014,813.9200000000014,813.9200000000014,820.5100000000049,813.9800000000016,814.0500000000015,820.650000000005,820.650000000005,820.650000000005,820.660000000005,814.1800000000014,814.1800000000014,814.1800000000014,814.1800000000014,814.2500000000016,814.3200000000015,820.9500000000049,820.9500000000049,814.4600000000016,814.4600000000016,821.100000000005,814.5300000000016,814.6000000000015,814.7500000000016,814.7500000000016,814.7500000000016,814.7500000000016,814.7500000000016,814.7500000000016,814.7500000000016,814.7500000000016,814.8300000000015,814.8300000000015,814.8300000000015,814.8300000000015,821.5500000000051,821.5500000000051,814.9100000000017,814.9800000000016,821.7000000000049,821.7000000000049,821.7000000000049,815.0500000000015,821.7000000000049,815.0500000000015,815.0500000000015,815.0500000000015,815.0500000000015,821.850000000005,821.850000000005,821.850000000005,821.850000000005,815.1900000000016,821.850000000005,815.1900000000016,821.850000000005,815.1900000000016,821.850000000005,821.850000000005,815.1900000000016,815.3400000000015,822.140000000005,815.5700000000015,815.5700000000015,822.2800000000051,822.2800000000051,822.2800000000051,822.2800000000051,822.2800000000051,815.6400000000017,822.2800000000051,815.6400000000017,815.7200000000016,815.7200000000016,815.7200000000016,815.7200000000016,815.7200000000016,815.8000000000015,815.8700000000017,822.580000000005,815.9500000000016,815.9500000000016,816.0300000000016,816.0300000000016,822.7300000000051,822.7300000000051,822.7300000000051,816.1100000000017,816.1100000000017,816.1100000000017,822.880000000005,823.0300000000051,816.2700000000016,816.3600000000015,816.3600000000015,816.3600000000015,816.3600000000015,823.1800000000052,823.1800000000052,823.1800000000052,823.1800000000052,823.1800000000052,816.4400000000016,816.5300000000016,816.5300000000016,816.5300000000016,816.5400000000016,816.5400000000016,816.7000000000016,816.7000000000016,823.330000000005,823.330000000005,823.330000000005,816.7900000000016,823.4900000000049,816.8800000000017,823.640000000005,823.640000000005,816.9600000000016,823.640000000005,816.9600000000016,823.640000000005,816.9600000000016,823.640000000005,816.9600000000016,816.9600000000016,817.0500000000015,817.1400000000017,817.2300000000016,823.9500000000049,817.3200000000018,817.4100000000017,823.9500000000049,823.9500000000049,817.5000000000016,817.5000000000016,817.5000000000016,817.5000000000016,824.110000000005,824.110000000005,824.110000000005,817.5900000000017,817.6800000000017,824.2600000000049,817.7700000000016,817.7700000000016,817.7700000000016,817.7700000000016,817.8700000000017,817.8700000000017,817.8700000000017,817.8700000000017,824.410000000005,824.410000000005,824.410000000005,824.410000000005,824.410000000005,824.410000000005,824.410000000005,824.410000000005,824.410000000005,824.410000000005,824.410000000005,824.410000000005,824.410000000005,824.410000000005,824.410000000005,824.410000000005,818.0500000000018,818.0500000000018,824.5600000000051,824.5600000000051,824.5600000000051,818.1400000000017,818.1400000000017,818.2400000000016,818.2400000000016,818.2400000000016,824.880000000005,818.3300000000015,818.4300000000017,818.4300000000017,818.4300000000017,825.0400000000051,825.0400000000051,818.5200000000016,818.5200000000016,818.5200000000016,818.5200000000016,825.2000000000049,818.6200000000015,818.6200000000015,818.7200000000016,818.8200000000015,825.5200000000051,818.8200000000015,825.5200000000051,818.8200000000015,825.5200000000051,818.9200000000014,818.9200000000014,819.1100000000015,819.1100000000015,819.1100000000015,819.1100000000015,825.680000000005,825.680000000005,825.680000000005,825.680000000005,825.680000000005,819.2000000000014,825.840000000005,825.840000000005,819.2000000000014,819.2000000000014,819.3000000000013,826.0000000000049,826.0000000000049,819.4000000000012,819.5000000000014,819.5000000000014,819.5000000000014,826.160000000005,819.5000000000014,819.5000000000014,819.5000000000014,826.320000000005,819.8000000000015,826.4800000000049,826.4800000000049,819.9000000000015,820.0000000000014,826.640000000005,826.640000000005,826.640000000005,826.640000000005,826.640000000005,826.640000000005,826.640000000005,820.1000000000015,820.2000000000014,820.3100000000015,826.9600000000049,826.9600000000049,826.9600000000049,820.5300000000016,820.6400000000015,820.6400000000015,827.120000000005,820.7500000000014,820.8600000000013,827.2800000000051,827.4400000000052,827.4400000000052,827.4400000000052,820.9700000000012,820.9700000000012,821.0800000000011,821.0800000000011,821.0800000000011,827.610000000005,827.610000000005,827.610000000005,821.0800000000011,827.7700000000049,827.7700000000049,821.2900000000011,821.390000000001,821.390000000001,821.390000000001,821.390000000001,828.100000000005,828.100000000005,821.390000000001,821.4900000000009,828.2600000000049,828.2600000000049,828.2600000000049,821.5900000000008,821.5900000000008,821.5900000000008,828.2600000000049,821.8100000000009,821.8100000000009,821.8100000000009,821.8100000000009,828.430000000005,828.6000000000048,828.6000000000048,828.6000000000048,822.0300000000009,822.0300000000009,822.0300000000009,822.140000000001,822.2500000000009,828.930000000005,828.9400000000049,828.9400000000049,822.360000000001,822.360000000001,822.360000000001,822.360000000001,822.360000000001,822.360000000001,822.360000000001,822.360000000001,822.360000000001,829.1100000000048,822.4700000000009,822.4800000000009,822.4800000000009,822.4800000000009,822.4800000000009,829.2800000000049,822.5900000000008,822.5900000000008,822.5900000000008,822.5900000000008,829.4500000000049,822.8200000000008,829.6200000000048,822.940000000001,822.940000000001,829.6200000000048,829.6300000000048,829.6300000000048,829.6300000000048,823.0600000000009,823.0600000000009,823.0600000000009,823.0600000000009,823.0600000000009,823.0600000000009,823.0600000000009,823.180000000001,823.180000000001,823.3000000000009,823.3000000000009,829.9800000000049,829.9800000000049,823.410000000001,823.410000000001,830.1600000000047,823.5300000000009,823.5300000000009,823.5300000000009,830.1600000000047,823.650000000001,830.1600000000047,830.1600000000047,823.890000000001,823.890000000001,823.890000000001,823.890000000001,823.890000000001,823.890000000001,830.1600000000047,830.1600000000047,830.1600000000047,830.1600000000047,830.1600000000047,823.890000000001,823.890000000001,830.3300000000046,830.3300000000046,830.3300000000046,830.3300000000046,830.3300000000046,824.0100000000009,824.0100000000009,824.130000000001,824.130000000001,830.5000000000047,830.5000000000047,824.2500000000009,824.2500000000009,824.2500000000009,824.2500000000009,830.6700000000047,830.6700000000047,830.6700000000047,824.370000000001,824.370000000001,824.370000000001,824.370000000001,824.370000000001,824.5000000000011,830.8500000000048,824.620000000001,831.0300000000049,831.0300000000049,824.7400000000011,824.7400000000011,824.7400000000011,824.870000000001,831.0300000000049,824.870000000001,824.870000000001,831.2100000000047,825.0000000000009,825.0000000000009,825.0000000000009,825.0000000000009,825.0000000000009,825.0000000000009,831.3900000000048,831.3900000000048,825.1200000000008,825.1200000000008,825.2500000000009,825.2500000000009,831.5700000000048,825.2500000000009,825.3800000000008,831.7500000000049,825.5100000000009,825.5100000000009,825.5100000000009,825.5200000000009,831.9300000000047,825.7800000000009,832.1200000000048,825.9100000000008,832.3000000000048,832.3000000000048,826.0400000000009,826.0400000000009,826.0400000000009,832.3000000000048,832.3000000000048,832.3000000000048,826.1700000000008,832.4800000000047,832.4800000000047,826.3000000000009,826.3000000000009,832.6600000000047,832.6600000000047,832.6600000000047,826.5600000000009,826.5600000000009,826.5600000000009,826.5600000000009,826.5600000000009,832.6600000000047,826.5600000000009,832.6600000000047,832.6600000000047,826.5600000000009,832.8400000000048,826.690000000001,826.690000000001,826.690000000001,832.8400000000048,832.8400000000048,826.8300000000008,826.9700000000007,826.9700000000007,833.2100000000049,833.2100000000049,833.2100000000049,827.1100000000008,827.1100000000008,827.1100000000008,833.390000000005,827.2500000000007,827.3900000000008,827.3900000000008,833.5700000000048,833.5700000000048,833.5700000000048,827.5300000000009,827.5300000000009,827.5300000000009,827.5300000000009,827.5300000000009,833.7600000000049,827.8000000000009,827.8000000000009,827.9400000000007,834.140000000005,834.140000000005,834.140000000005,834.140000000005,828.0800000000008,834.3300000000048,834.3300000000048,834.3300000000048,834.5100000000047,828.3600000000008,828.3600000000008,828.3600000000008,828.3600000000008,828.3600000000008,828.3600000000008,828.3600000000008,828.3700000000008,828.3700000000008,828.3700000000008,828.3700000000008,828.3700000000008,828.5100000000009,834.7000000000047,828.7900000000009,828.7900000000009,834.8900000000048,834.8900000000048,834.8900000000048,828.9300000000007,835.0700000000046,835.0700000000046,829.2200000000007,829.2200000000007,835.2600000000047,835.2600000000047,829.3600000000006,829.3600000000006,829.3600000000006,829.3600000000006,829.3600000000006,829.3600000000006,829.3600000000006,835.4500000000047,835.4500000000047,835.4500000000047,829.5100000000007,829.5100000000007,829.5100000000007,835.6400000000048,835.6400000000048,829.6500000000008,829.7900000000006,829.7900000000006,835.8300000000046,829.9300000000007,829.9300000000007,836.0200000000044,830.0700000000006,836.2100000000045,836.2100000000045,836.2100000000045,830.2100000000007,830.3500000000008,836.4000000000045,836.4000000000045,836.4000000000045,830.5000000000007,830.5000000000007,836.6000000000046,836.6000000000046,836.6000000000046,836.6000000000046,836.6000000000046,830.6400000000008,830.6400000000008,830.6400000000008,830.6400000000008,836.6000000000046,836.6000000000046,830.7800000000007,830.7800000000007,830.7800000000007,830.7900000000006,836.8000000000044,836.8000000000044,830.9400000000007,831.0900000000008,831.0900000000008,831.0900000000008,831.0900000000008,837.0000000000044,837.0000000000044,831.2400000000007,837.2000000000045,837.3900000000045,831.5300000000007,831.5300000000007,831.5300000000007,831.5300000000007,831.5300000000007,831.6800000000005,831.6800000000005,837.5900000000046,837.5900000000046,831.8300000000006,837.5900000000046,831.9800000000005,831.9800000000005,831.9800000000005,831.9800000000005,831.9800000000005,831.9900000000005,837.5900000000046,837.5900000000046,837.5900000000046,837.5900000000046,832.2900000000006,832.4400000000005,837.7900000000046,837.7900000000046,832.6000000000006,832.6000000000006,832.6000000000006,832.6000000000006,832.6000000000006,832.6000000000006,837.9900000000047,837.9900000000047,837.9900000000047,837.9900000000047,838.1900000000045,832.9000000000005,833.0500000000006,838.3900000000045,838.3900000000045,833.2000000000005,833.2000000000005,833.2000000000005,838.5900000000046,838.5900000000046,833.2000000000005,833.2000000000005,833.2000000000005,833.2000000000005,833.2000000000005,833.2000000000005,833.2100000000005,833.2100000000005,833.2100000000005,833.2100000000005,833.2100000000005,838.7900000000046,838.7900000000046,838.7900000000046,838.7900000000046,838.7900000000046,838.7900000000046,838.7900000000046,833.3600000000006,833.3600000000006,838.7900000000046,838.7900000000046,833.6700000000008,838.9900000000044,833.8300000000006,833.8300000000006,833.8300000000006,833.8300000000006,833.8300000000006,833.8300000000006,833.8300000000006,833.8300000000006,833.8300000000006,833.8300000000006,839.3900000000045,839.3900000000045,833.9800000000007,833.9800000000007,833.9800000000007,833.9800000000007,833.9800000000007,833.9800000000007,833.9800000000007,834.1300000000006,834.1300000000006,839.6000000000046,839.6000000000046,834.2900000000006,834.2900000000006,839.8100000000046,839.8100000000046,839.8100000000046,839.8100000000046,834.6100000000006,834.6100000000006,840.0200000000044,834.9300000000007,835.0900000000006,840.4300000000045,840.4300000000045,840.4300000000045,840.4300000000045,835.4100000000008,835.4100000000008,835.4100000000008,835.4100000000008,835.4100000000008,835.5700000000006,840.6300000000045,840.6300000000045,840.6300000000045,840.6300000000045,835.7300000000007,835.7300000000007,835.7300000000007,835.7300000000007,835.7300000000007,835.7300000000007,835.7300000000007,840.8400000000046,835.9000000000008,841.0500000000044,841.0500000000044,841.0500000000044,841.0500000000044,841.0500000000044,836.2200000000007,836.2200000000007,836.2200000000007,836.3900000000008,836.3900000000008,841.2600000000044,836.3900000000008,841.4700000000045,841.4700000000045,836.5500000000009,841.6800000000045,836.7200000000009,841.8900000000045,841.8900000000045,836.8800000000008,836.8800000000008,836.8800000000008,837.0400000000006,837.0400000000006,842.0900000000046,842.0900000000046,837.2000000000007,837.2000000000007,837.2000000000007,842.3000000000044,842.3000000000044,842.5100000000044,842.5100000000044,842.5100000000044,842.5100000000044,837.6900000000007,842.7200000000045,842.7200000000045,838.0200000000007,838.0200000000007,842.9300000000045,842.9300000000045,838.1900000000007,838.1900000000007,838.1900000000007,843.1400000000045,843.1400000000045,843.1400000000045,838.1900000000007,838.1900000000007,838.1900000000007,843.3500000000046,838.3600000000006,843.3500000000046,843.3500000000046,843.3500000000046,843.3500000000046,843.3500000000046,843.3500000000046,843.3500000000046,843.3500000000046,843.3500000000046,843.5600000000046,843.5600000000046,843.5600000000046,838.5300000000007,838.5300000000007,838.5300000000007,838.5300000000007,843.7700000000046,843.7700000000046,838.7000000000005,838.7000000000005,838.7000000000005,843.9800000000045,843.9800000000045,838.8700000000006,839.0400000000006,844.1900000000045,844.1900000000045,844.1900000000045,844.1900000000045,844.1900000000045,844.1900000000045,844.1900000000045,844.1900000000045,844.1900000000045,839.0400000000006,839.0400000000006,839.0400000000006,844.4000000000045,844.4000000000045,844.4000000000045,844.4000000000045,844.4000000000045,844.4000000000045,844.4000000000045,844.4100000000045,844.4100000000045,844.4100000000045,844.4100000000045,844.4100000000045,844.4100000000045,839.2100000000005,839.2100000000005,839.2100000000005,844.6300000000045,844.6300000000045,839.3800000000006,839.3800000000006,839.3800000000006,844.8500000000046,844.8500000000046,844.8500000000046,844.8500000000046,839.5500000000004,845.0700000000046,845.0700000000046,839.7200000000005,845.2800000000046,845.2800000000046,845.2800000000046,845.2800000000046,845.2800000000046,845.2800000000046,839.8900000000006,845.2800000000046,845.2800000000046,845.2800000000046,845.2800000000046,845.2800000000046,845.2800000000046,845.2800000000046,845.2800000000046,845.2800000000046,845.2800000000046,845.2800000000046,845.2800000000046,845.2800000000046,845.2800000000046,845.2800000000046,845.2800000000046,845.2800000000046,845.2800000000046,845.2800000000046,845.2800000000046,845.5000000000047,845.5000000000047,845.5000000000047,840.2300000000005,840.2300000000005,840.2300000000005,840.2300000000005,845.7100000000047,845.7100000000047,845.7100000000047,845.7100000000047,840.5700000000006,845.9300000000047,845.9300000000047,845.9300000000047,845.9300000000047,845.9300000000047,845.9300000000047,840.7400000000005,840.7400000000005,840.7400000000005,840.7400000000005,840.7400000000005,840.7400000000005,840.7400000000005,840.7400000000005,840.7400000000005,846.1500000000048,846.1500000000048,846.1500000000048,846.1500000000048,846.1500000000048,846.1500000000048,846.1500000000048,840.9200000000005,840.9200000000005,840.9200000000005,840.9200000000005,840.9200000000005,840.9200000000005,846.3700000000048,846.3700000000048,846.3700000000048,846.5900000000048,841.0900000000006,846.5900000000048,846.5900000000048,846.5900000000048,846.5900000000048,846.5900000000048,846.5900000000048,846.5900000000048,841.4400000000005,841.4400000000005,847.0300000000049,847.0400000000049,847.2600000000049,847.2600000000049,847.2600000000049,841.8000000000006,847.4800000000049,847.4800000000049,841.8000000000006,847.7000000000049,847.7000000000049,847.7000000000049,841.9800000000007,841.9800000000007,841.9800000000007,841.9800000000007,841.9800000000007,842.1600000000005,842.1600000000005,847.9300000000047,842.3400000000006,842.3400000000006,842.3400000000006,842.3400000000006,842.3400000000006,842.5200000000007,848.1600000000047,848.1600000000047,848.1600000000047,842.7000000000007,842.7000000000007,848.3800000000048,848.3800000000048,848.6100000000048,848.6100000000048,843.0600000000006,843.0600000000006,848.8400000000048,848.8400000000048,848.8400000000048,848.8400000000048,848.8400000000048,848.8400000000048,848.8400000000048,848.8400000000048,848.8400000000048,848.8400000000048,843.2400000000007,848.8400000000048,843.2400000000007,843.4200000000008,849.0700000000048,849.0700000000048,849.0700000000048,843.6000000000006,843.6000000000006,843.6000000000006,843.7800000000004,843.7800000000004,843.7800000000004,843.7800000000004,843.7800000000004,843.7800000000004,843.7800000000004,843.7800000000004,843.7900000000004,843.7900000000004,849.5200000000049,849.5200000000049,849.5200000000049,849.5200000000049,849.5300000000049,843.9800000000005,844.1700000000005,849.7600000000049,849.7600000000049,849.7600000000049,849.7600000000049,849.7600000000049,849.7600000000049,849.7600000000049,849.7600000000049,849.7600000000049,849.7600000000049,849.7600000000049,849.7600000000049,849.7600000000049,849.7600000000049,849.7600000000049,844.3600000000004,844.3600000000004,844.3600000000004,844.3600000000004,844.3600000000004,849.9900000000049,849.9900000000049,844.5500000000004,844.5500000000004,844.5500000000004,844.5500000000004,850.2200000000049,850.2200000000049,844.7400000000005,850.4500000000049,850.4500000000049,844.9300000000005,844.9300000000005,844.9300000000005,844.9300000000005,845.1200000000006,845.1200000000006,845.1200000000006,850.680000000005,850.680000000005,850.680000000005,850.680000000005,850.680000000005,845.3100000000004,850.910000000005,850.910000000005,850.910000000005,850.910000000005,850.910000000005,850.910000000005,850.910000000005,845.5000000000005,845.5000000000005,851.140000000005,851.140000000005,851.140000000005,845.6900000000005,845.6900000000005,851.370000000005,845.8800000000006,851.600000000005,851.610000000005,851.610000000005,851.610000000005,851.610000000005,851.610000000005,851.610000000005,851.610000000005,846.0700000000004,851.840000000005,846.2600000000004,846.4500000000005,852.080000000005,852.080000000005,852.080000000005,846.6400000000006,846.6400000000006,846.6400000000006,846.6400000000006,846.6400000000006,846.8400000000004,846.8400000000004,852.320000000005,852.320000000005,852.320000000005,852.320000000005,852.320000000005,847.0300000000004,852.5600000000051,852.5600000000051,852.5600000000051,852.7900000000051,852.7900000000051,852.7900000000051,847.4100000000005,847.6000000000006,847.6000000000006,847.6000000000006,847.6000000000006,847.6000000000006,847.6000000000006,847.6000000000006,853.2600000000051,847.6000000000006,853.2600000000051,853.2600000000051,853.2600000000051,853.2600000000051,853.2600000000051,853.2600000000051,853.2600000000051,853.2600000000051,853.2600000000051,853.2600000000051,853.2600000000051,853.2600000000051,853.2600000000051,847.7900000000006,847.7900000000006,853.4900000000051,853.7200000000051,847.9800000000007,853.9600000000052,853.9600000000052,853.9600000000052,853.9600000000052,853.9600000000052,853.9600000000052,853.9600000000052,853.9600000000052,848.1800000000007,848.3800000000006,848.3800000000006,854.2000000000052,854.2000000000052,848.3800000000006,848.3800000000006,854.4400000000052,854.6800000000052,854.6800000000052,848.5700000000006,854.9200000000052,848.7700000000007,855.1600000000052,855.1600000000052,855.1600000000052,855.4000000000052,849.1500000000005,855.6400000000052,849.3500000000006,849.3500000000006,849.3500000000006,849.3500000000006,849.3500000000006,849.3500000000006,855.8900000000052,855.8900000000052,849.5600000000006,856.1300000000052,856.1300000000052,856.1300000000052,856.1300000000052,849.7600000000004,856.3700000000052,849.9700000000005,849.9700000000005,849.9700000000005,856.6200000000052,850.1700000000005,856.8700000000052,850.3800000000006,850.3800000000006,850.3800000000006,857.1100000000052,857.1100000000052,857.1100000000052,850.5800000000006,850.5800000000006,850.5800000000006,857.3600000000052,857.3600000000052,857.3600000000052,857.3600000000052,850.7800000000007,850.7800000000007,850.7800000000007,857.6100000000052,857.6100000000052,857.6100000000052,857.6100000000052,857.6100000000052,857.6100000000052,850.9800000000007,850.9800000000007,850.9800000000007,851.1900000000007,858.1000000000053,851.1900000000007,858.3400000000053,858.3400000000053,858.3400000000053,858.3400000000053,858.3400000000053,851.4000000000008,851.6100000000006,858.5900000000053,858.5900000000053,858.5900000000053,851.8200000000006,851.8200000000006,851.8200000000006,851.8200000000006,851.8200000000006,858.8400000000053,858.8400000000053,858.8400000000053,858.8400000000053,858.8400000000053,852.0300000000007,852.0300000000007,852.0300000000007,852.0300000000007,852.0300000000007,852.0300000000007,852.0300000000007,852.0300000000007,852.0300000000007,852.0300000000007,852.0300000000007,852.0300000000007,852.0300000000007,859.3400000000053,859.3400000000053,859.3400000000053,859.3400000000053,852.2400000000007,852.2400000000007,852.2400000000007,852.4400000000007,859.5900000000053,852.6400000000008,859.5900000000053,852.6400000000008,859.5900000000053,852.6400000000008,859.8400000000053,859.8400000000053,852.8500000000006,852.8500000000006,852.8500000000006,852.8500000000006,860.0900000000053,860.0900000000053,860.0900000000053,860.0900000000053,853.0600000000006,853.0600000000006,853.0600000000006,853.0600000000006,853.0600000000006,853.0600000000006,853.0600000000006,853.0600000000006,860.3400000000053,860.3400000000053,853.2700000000007,853.2700000000007,853.2700000000007,853.2700000000007,853.2700000000007,853.2700000000007,853.2700000000007,853.2700000000007,853.2700000000007,853.2700000000007,853.2700000000007,853.2700000000007,853.2700000000007,853.2700000000007,853.2700000000007,853.2700000000007,853.2700000000007,853.2700000000007,853.2700000000007,853.2700000000007,853.2700000000007,853.2700000000007,853.2700000000007,860.5900000000053,860.5900000000053,853.4800000000007,853.4800000000007,853.4800000000007,853.4800000000007,853.4800000000007,853.4800000000007,853.4800000000007,853.4800000000007,853.4800000000007,853.4800000000007,853.4800000000007,853.4800000000007,853.4800000000007,853.4800000000007,853.4800000000007,853.4800000000007,853.4800000000007,853.4800000000007,853.4800000000007,853.4800000000007,853.4800000000007,853.4800000000007,853.4800000000007,853.4800000000007,853.4800000000007,860.8400000000053,860.8400000000053,860.8400000000053,860.8400000000053,860.8400000000053,860.8400000000053,853.6900000000005,853.6900000000005,853.6900000000005,853.6900000000005,853.6900000000005,853.6900000000005,853.6900000000005,861.0900000000053,853.9100000000003,861.3400000000053,854.1200000000003,854.1200000000003,854.1200000000003,861.5900000000053,861.5900000000053,854.3300000000004,861.8400000000053,861.8400000000053,861.8400000000053,861.8400000000053,861.8400000000053,861.8400000000053,861.8400000000053,854.7500000000005,854.9600000000005,854.9600000000005,854.9600000000005,854.9600000000005,854.9600000000005,854.9600000000005,854.9600000000005,862.1000000000053,862.1000000000053,855.1700000000005,855.1700000000005,855.1700000000005,855.1700000000005,855.1700000000005,855.1700000000005,862.3600000000052,862.3600000000052,862.3600000000052,855.3900000000006,855.3900000000006,855.3900000000006,855.3900000000006,855.3900000000006,862.6200000000052,862.6200000000052,862.6200000000052,862.8800000000052,855.8200000000004,855.8200000000004,855.8200000000004,863.1400000000054,863.1400000000054,863.1400000000054,856.0400000000004,856.0400000000004,856.0400000000004,856.0400000000004,856.2600000000004,856.2600000000004,863.4000000000054,863.4000000000054,863.4000000000054,863.4000000000054,863.4000000000054,856.4800000000005,856.4800000000005,863.6600000000054,863.6600000000054,863.6600000000054,856.7000000000005,863.9200000000054,856.9200000000005,864.1800000000054,864.1800000000054,864.1800000000054,864.1800000000054,857.1400000000006,857.1400000000006,864.4400000000054,864.4400000000054,864.4400000000054,864.4400000000054,857.3600000000006,857.3600000000006,857.3600000000006,857.3600000000006,857.3600000000006,857.3600000000006,857.3600000000006,857.5800000000006,864.7000000000054,857.8000000000006,857.8000000000006,857.8000000000006,864.9600000000054,864.9600000000054,864.9600000000054,858.0200000000007,858.0200000000007,865.2300000000054,865.2300000000054,865.2300000000054,865.2300000000054,858.2400000000005,858.2400000000005,865.2300000000054,865.2300000000054,865.2300000000054,865.2300000000054,865.2300000000054,865.2300000000054,865.2300000000054,865.2300000000054,865.2300000000054,865.2300000000054,865.2300000000054,865.2300000000054,865.2300000000054,865.2300000000054,865.2300000000054,858.4600000000003,865.2300000000054,858.6900000000003,858.6900000000003,858.9200000000003,865.2300000000054,865.2300000000054,865.2300000000054,859.1400000000003,859.1400000000003,859.1400000000003,859.1400000000003,859.1400000000003,859.1400000000003,865.2300000000054,865.2300000000054,865.2300000000054,865.2300000000054,865.2300000000054,865.2300000000054,865.2300000000054,859.3700000000003,865.2300000000054,865.5000000000053,859.6000000000004,859.6000000000004,859.6000000000004,859.6000000000004,865.7700000000053,865.7700000000053,865.7700000000053,859.8300000000004,859.8300000000004,860.0500000000004,866.0300000000053,860.0500000000004,866.0300000000053,860.0500000000004,866.0300000000053,866.0300000000053,860.2800000000004,866.0300000000053,866.0300000000053,860.5100000000004,860.5100000000004,860.5100000000004,860.5100000000004,860.5100000000004,860.5100000000004,860.5100000000004,860.5100000000004,866.3000000000053,866.3000000000053,866.3000000000053,866.3000000000053,866.3000000000053,866.3000000000053,866.3000000000053,866.3000000000053,866.3000000000053,860.7400000000005,860.7500000000005,860.7500000000005,860.7500000000005,860.7500000000005,860.7500000000005,866.3000000000053,866.5600000000055,866.5600000000055,866.5600000000055,861.2000000000005,861.2000000000005,861.2000000000005,861.2000000000005,861.2000000000005,861.2000000000005,861.2000000000005,861.2000000000005,861.2000000000005,861.4300000000005,861.4300000000005,861.4300000000005,866.8300000000055,861.6500000000005,861.6500000000005,861.6500000000005,861.6500000000005,861.6500000000005,861.6500000000005,866.8300000000055,861.6500000000005,866.8300000000055,861.6500000000005,866.8300000000055,861.6500000000005,861.6500000000005,861.6500000000005,867.1000000000055,867.1000000000055,867.1000000000055,862.1000000000004,862.1000000000004,867.3600000000055,867.3600000000055,862.3300000000004,862.3300000000004,862.5700000000004,862.5700000000004,867.6300000000055,862.8000000000004,867.6300000000055,867.6300000000055,863.0300000000004,863.0300000000004,863.0300000000004,863.0300000000004,863.0300000000004,867.9000000000054,863.2600000000004,863.4900000000005,868.1700000000054,868.1700000000054,863.7200000000005,863.7200000000005,863.7200000000005,868.4400000000054,868.4400000000054,868.4400000000054,863.9600000000005,863.9600000000005,863.9600000000005,863.9600000000005,863.9600000000005,868.4400000000054,864.2000000000005,864.2000000000005,864.2000000000005,864.2000000000005,868.7200000000054,868.7200000000054,868.7200000000054,868.7300000000054,864.6700000000005,869.0000000000053,869.0000000000053,869.0000000000053,864.9000000000005,864.9000000000005,869.2700000000053,869.2700000000053,869.2700000000053,869.2700000000053,869.2700000000053,865.1300000000006,865.1300000000006,865.1300000000006,865.1300000000006,869.2700000000053,869.2700000000053,869.2700000000053,865.3600000000006,865.3600000000006,869.5500000000055,869.5500000000055,869.5500000000055,865.6000000000006,865.6000000000006,869.8300000000055,869.8300000000055,869.8300000000055,869.8300000000055,865.8400000000006,870.1100000000055,870.1100000000055,870.1100000000055,870.1100000000055,870.1100000000055,866.0800000000006,870.3900000000054,870.3900000000054,870.3900000000054,866.3100000000006,870.6700000000054,870.6700000000054,870.6700000000054,866.3100000000006,866.3100000000006,866.3100000000006,866.3200000000006,866.3200000000006,870.9400000000054,870.9400000000054,866.5600000000006,870.9400000000054,870.9400000000054,870.9400000000054,870.9400000000054,870.9400000000054,866.8000000000006,871.2200000000054,871.2200000000054,871.2200000000054,871.2200000000054,866.8000000000006,867.0400000000006,867.0400000000006,867.0400000000006,871.5000000000053,867.2800000000007,867.2800000000007,871.7800000000053,871.7800000000053,867.5300000000007,867.5300000000007,867.5300000000007,867.5300000000007,867.5300000000007,867.5300000000007,867.5400000000006,867.5400000000006,867.5400000000006,871.7800000000053,867.7800000000007,867.7800000000007,867.7800000000007,872.0600000000053,868.0200000000007,868.0200000000007,872.3400000000053,872.3400000000053,872.3400000000053,868.2600000000007,868.2600000000007,868.2600000000007,868.2600000000007,872.6300000000055,872.6300000000055,872.6300000000055,872.6300000000055,868.5000000000007,868.5000000000007,868.5000000000007,872.6300000000055,868.7400000000007,868.7400000000007,868.7400000000007,868.7400000000007,868.7500000000007,868.7500000000007,868.7500000000007,868.7500000000007,868.7500000000007,868.7500000000007,868.7500000000007,868.7500000000007,872.6300000000055,872.6300000000055,868.9900000000007,868.9900000000007,868.9900000000007,868.9900000000007,868.9900000000007,868.9900000000007,868.9900000000007,868.9900000000007,868.9900000000007,872.9200000000054,872.9200000000054,869.2300000000007,869.2300000000007,869.4700000000007,869.4700000000007,869.4700000000007,869.4700000000007,869.4700000000007,869.4700000000007,873.2000000000054,873.2000000000054,873.2000000000054,873.2000000000054,873.2000000000054,873.2000000000054,873.2000000000054,873.2000000000054,873.2000000000054,873.2000000000054,869.7200000000007,873.2000000000054,869.9600000000007,873.2000000000054,870.2000000000007,870.4400000000007,870.4400000000007,873.7700000000053,870.6800000000007,874.0500000000053,874.0500000000053,874.0500000000053,874.0500000000053,871.1700000000008,874.3400000000053,874.6300000000052,874.6300000000052,871.6700000000008,871.6700000000008,874.9200000000054,874.9200000000054,874.9200000000054,874.9200000000054,874.9200000000054,871.9100000000008,871.9100000000008,874.9200000000054,872.1600000000008,872.1600000000008,875.2100000000054,875.2100000000054,875.2100000000054,875.2100000000054,875.2100000000054,872.4100000000008,872.4100000000008,872.4100000000008,872.4100000000008,875.2100000000054,875.2100000000054,872.6600000000008,872.6600000000008,872.6600000000008,872.6600000000008,872.6600000000008,872.6600000000008,872.9100000000008,872.9100000000008,872.9100000000008,872.9100000000008,872.9200000000008,873.1700000000008,873.1700000000008,873.1700000000008,875.5000000000053,875.5000000000053,873.4200000000008,873.4200000000008,873.4200000000008,873.4200000000008,875.5000000000053,875.5000000000053,873.6700000000008,873.6700000000008,875.7900000000053,875.7900000000053,875.7900000000053,873.9200000000008,875.7900000000053,875.7900000000053,875.7900000000053,875.7900000000053,874.1700000000008,874.1700000000008,874.1700000000008,876.0800000000053,874.4200000000008,874.4200000000008,874.4200000000008,874.4200000000008,874.4300000000007,874.4300000000007,876.0800000000053,876.0800000000053,874.4300000000007,874.4300000000007,874.4300000000007,876.3700000000055,874.9400000000007,874.9400000000007,876.6600000000054,874.9400000000007,874.9400000000007,874.9400000000007,875.1900000000007,876.9500000000054,876.9500000000054,876.9500000000054,876.9500000000054,876.9500000000054,876.9500000000054,876.9500000000054,876.9500000000054,876.9500000000054,876.9500000000054,875.1900000000007,875.1900000000007,875.1900000000007,877.2400000000054,877.2400000000054,875.1900000000007,877.2400000000054,877.2400000000054,875.4400000000007,875.4400000000007,877.5300000000053,877.5300000000053,875.6900000000007,875.6900000000007,877.8200000000053,877.8300000000053,877.8300000000053,877.8300000000053,877.8300000000053,877.8300000000053,877.8300000000053,877.8300000000053,877.8300000000053,877.8300000000053,877.8300000000053,877.8300000000053,877.8300000000053,877.8300000000053,877.8300000000053,875.6900000000007,877.8300000000053,877.8300000000053,877.8300000000053,877.8300000000053,877.8300000000053,877.8300000000053,877.8300000000053,877.8300000000053,877.8300000000053,877.8400000000053,877.8400000000053,877.8400000000053,877.8400000000053,877.8400000000053,877.8400000000053,877.8400000000053,877.8400000000053,877.8400000000053,877.8400000000053,877.8500000000053,877.8500000000053,877.8500000000053,877.8500000000053,877.8500000000053,877.8500000000053,877.8500000000053,877.8500000000053,877.8500000000053,877.8500000000053,877.8500000000053,877.8500000000053,877.8500000000053,877.8600000000052,877.8600000000052,877.8600000000052,877.8600000000052,877.8600000000052,875.9500000000007,875.9500000000007,878.1500000000052,878.1500000000052,878.1500000000052,878.1500000000052,878.1500000000052,875.9500000000007,875.9500000000007,875.9500000000007,875.9500000000007,875.9500000000007,875.9500000000007,875.9500000000007,875.9500000000007,878.4400000000052,878.4400000000052,878.4400000000052,878.4400000000052,878.4400000000052,878.4400000000052,878.4400000000052,876.2100000000007,876.2100000000007,878.7400000000051,878.7400000000051,878.7400000000051,876.4700000000007,878.7400000000051,878.7400000000051,878.7400000000051,878.7400000000051,878.7400000000051,878.7400000000051,878.7400000000051,878.7400000000051,878.7400000000051,878.7400000000051,878.7400000000051,878.7400000000051,878.7400000000051,878.7400000000051,878.7400000000051,878.7400000000051,876.7300000000007,876.7300000000007,876.7300000000007,879.0300000000053,879.0300000000053,879.0300000000053,879.0300000000053,879.0300000000053,876.7300000000007,879.3200000000053,876.9900000000007,876.9900000000007,879.6100000000052,879.6100000000052,879.6100000000052,879.6100000000052,879.6100000000052,879.6100000000052,879.6100000000052,879.6100000000052,877.2500000000007,877.2500000000007,879.9100000000052,877.5100000000007,877.5100000000007,877.5100000000007,880.2100000000054,880.2100000000054,877.5100000000007,880.2100000000054,877.5100000000007,880.2100000000054,877.5100000000007,880.2100000000054,880.2100000000054,880.2100000000054,880.2100000000054,880.2100000000054,880.2200000000054,880.2200000000054,880.2200000000054,880.2200000000054,880.2200000000054,880.2200000000054,880.2200000000054,880.2200000000054,880.2200000000054,880.2200000000054,880.2200000000054,880.2200000000054,877.5100000000007,877.5100000000007,877.5100000000007,877.5100000000007,877.5100000000007,877.5100000000007,877.5100000000007,877.5100000000007,880.5200000000053,880.5200000000053,880.5200000000053,880.5200000000053,880.5200000000053,880.5200000000053,880.5200000000053,880.5200000000053,880.5200000000053,880.5200000000053,880.5200000000053,880.5200000000053,880.5200000000053,880.5200000000053,880.5200000000053,880.5300000000053,880.5300000000053,880.5300000000053,880.5300000000053,880.5300000000053,877.7700000000007,880.8300000000053,880.8300000000053,880.8300000000053,880.8300000000053,881.1300000000052,881.1300000000052,878.0300000000007,878.0300000000007,881.4300000000052,881.4300000000052,881.4300000000052,881.4300000000052,881.4300000000052,881.4300000000052,881.4300000000052,881.4300000000052,881.4300000000052,881.4300000000052,881.4300000000052,881.4300000000052,881.4300000000052,878.0300000000007,878.0300000000007,881.4300000000052,878.0300000000007,878.0300000000007,878.0300000000007,878.0300000000007,878.0300000000007,878.0300000000007,881.4300000000052,881.4300000000052,881.4300000000052,881.4300000000052,881.4300000000052,881.4300000000052,881.4300000000052,881.4300000000052,878.0300000000007,878.0300000000007,881.7300000000051,881.7300000000051,881.7300000000051,881.7300000000051,881.7300000000051,881.7300000000051,878.3000000000006,878.3000000000006,882.0400000000051,882.0400000000051,882.0400000000051,882.0400000000051,882.0400000000051,882.0400000000051,882.0400000000051,882.0400000000051,882.0400000000051,882.0400000000051,882.0400000000051,882.0500000000051,882.0500000000051,882.0500000000051,878.3000000000006,878.3000000000006,878.3000000000006,878.3000000000006,878.3000000000006,878.3000000000006,878.3000000000006,878.3000000000006,878.3000000000006,882.3600000000052,878.3000000000006,882.3600000000052,878.3000000000006,882.3600000000052,878.3000000000006,882.3600000000052,878.3000000000006,878.3000000000006,882.6600000000052,882.6700000000052,882.6700000000052,882.6700000000052,882.6700000000052,882.6700000000052,882.6700000000052,882.6700000000052,882.6700000000052,882.6700000000052,882.6700000000052,882.6700000000052,878.5700000000006,878.5700000000006,882.9700000000051,882.9700000000051,882.9700000000051,882.9700000000051,882.9700000000051,882.9700000000051,882.9700000000051,882.9700000000051,882.9700000000051,882.9700000000051,882.9700000000051,882.9700000000051,882.9700000000051,878.5700000000006,878.5700000000006,878.5700000000006,878.5700000000006,878.5700000000006,883.2700000000051,883.2700000000051,883.2700000000051,883.2700000000051,883.2700000000051,883.2700000000051,883.2700000000051,883.2700000000051,883.2700000000051,883.2700000000051,883.2800000000051,883.2800000000051,883.2800000000051,883.2800000000051,883.2800000000051,883.2800000000051,883.2800000000051,883.2800000000051,883.2800000000051,883.2800000000051,883.2800000000051,883.2800000000051,883.2800000000051,883.2800000000051,883.2800000000051,883.2800000000051,883.2800000000051,883.2800000000051,878.5700000000006,883.2800000000051,878.5700000000006,883.2800000000051,878.5700000000006,883.2800000000051,883.2800000000051,883.2800000000051,883.2800000000051,883.2800000000051,883.2800000000051,883.2800000000051,883.2800000000051,883.2800000000051,878.8400000000006,878.8400000000006,883.590000000005,883.590000000005,883.600000000005,883.600000000005,883.600000000005,883.600000000005,883.600000000005,883.600000000005,883.600000000005,883.600000000005,883.600000000005,883.600000000005,883.600000000005,883.600000000005,883.600000000005,883.600000000005,883.610000000005,883.610000000005,879.1100000000006,879.1100000000006,883.9200000000052,883.9200000000052,879.3800000000006,884.2300000000051,879.3800000000006,879.3800000000006,879.3800000000006,879.3800000000006,884.5500000000051,884.5500000000051,884.5500000000051,884.5500000000051,884.5500000000051,884.5500000000051,884.5500000000051,884.5500000000051,884.5500000000051,884.5500000000051,884.5500000000051,879.6500000000005,884.5500000000051,879.6500000000005,879.6500000000005,879.6500000000005,879.6500000000005,884.5500000000051,879.9200000000005,879.9200000000005,879.9200000000005,884.870000000005,884.870000000005,884.870000000005,884.870000000005,884.870000000005,884.880000000005,884.880000000005,884.880000000005,884.880000000005,884.880000000005,884.880000000005,884.880000000005,884.880000000005,879.9200000000005,879.9200000000005,879.9200000000005,885.2000000000049,885.2000000000049,885.2000000000049,885.2000000000049,885.2000000000049,885.2000000000049,885.2000000000049,885.2000000000049,879.9200000000005,879.9200000000005,879.9300000000005,879.9300000000005,885.5200000000051,885.5200000000051,885.5200000000051,885.5200000000051,885.5200000000051,885.5200000000051,885.5200000000051,885.5300000000051,885.5300000000051,885.5300000000051,885.5300000000051,885.5300000000051,885.5300000000051,885.5300000000051,885.5300000000051,885.5300000000051,885.5300000000051,880.2000000000005,885.840000000005,885.840000000005,885.840000000005,880.4700000000005,880.4700000000005,886.1500000000052,886.1500000000052,886.1500000000052,886.1500000000052,886.1500000000052,886.1500000000052,880.7400000000005,880.7400000000005,880.7400000000005,880.7400000000005,880.7400000000005,880.7400000000005,886.4700000000051,886.4700000000051,886.4700000000051,886.4700000000051,886.4700000000051,886.4700000000051,881.0100000000004,881.0100000000004,886.7900000000051,886.7900000000051,886.7900000000051,886.7900000000051,886.7900000000051,886.7900000000051,886.7900000000051,886.7900000000051,886.7900000000051,886.7900000000051,886.7900000000051,886.7900000000051,886.7900000000051,886.7900000000051,886.7900000000051,886.7900000000051,886.7900000000051,886.7900000000051,886.7900000000051,881.2800000000004,881.2800000000004,881.2800000000004,881.2800000000004,881.5500000000004,887.1100000000052,887.1100000000052,887.1100000000052,887.1100000000052,887.1100000000052,887.1100000000052,887.1100000000052,881.5500000000004,881.5500000000004,881.5500000000004,887.4300000000052,887.4300000000052,881.8200000000004,881.8200000000004,881.8200000000004,887.7600000000051,887.7600000000051,882.1000000000004,882.1000000000004,882.1000000000004,882.1000000000004,888.0800000000053,888.0800000000053,888.0800000000053,882.3800000000003,882.3800000000003,882.3800000000003,882.3800000000003,882.3800000000003,888.4100000000052,882.6600000000005,888.7300000000051,888.7400000000051,888.7400000000051,888.7400000000051,882.9400000000005,882.9400000000005,882.9400000000005,883.2200000000005,883.2200000000005,883.2200000000005,889.0700000000053,889.0700000000053,889.0700000000053,889.0700000000053,889.0700000000053,883.4900000000005,889.3900000000052,889.3900000000052,889.3900000000052,889.3900000000052,889.3900000000052,889.3900000000052,889.3900000000052,889.3900000000052,889.3900000000052,889.3900000000052,889.3900000000052,889.3900000000052,883.7700000000004,883.7700000000004,883.7700000000004,883.7700000000004,889.7100000000054,889.7100000000054,889.7100000000054,889.7100000000054,889.7100000000054,889.7100000000054,889.7100000000054,889.7100000000054,889.7100000000054,889.7100000000054,889.7100000000054,889.7100000000054,890.0400000000053,890.0400000000053,890.0400000000053,890.0400000000053,890.0400000000053,890.0400000000053,890.0400000000053,890.0400000000053,890.0400000000053,890.0400000000053,884.0500000000004,884.3300000000006,884.3300000000006,890.3600000000052,890.3600000000052,890.3600000000052,890.3600000000052,890.3600000000052,884.6100000000006,884.6100000000006,884.6100000000006,884.6100000000006,884.6100000000006,884.6100000000006,884.6100000000006,884.6100000000006,884.6100000000006,884.6100000000006,884.6100000000006,884.6100000000006,884.6100000000006,890.6900000000054,890.6900000000054,890.6900000000054,890.6900000000054,890.6900000000054,890.6900000000054,884.8900000000006,884.8900000000006,884.8900000000006,891.0100000000053,891.0100000000053,891.0100000000053,891.0100000000053,891.0100000000053,891.0100000000053,891.0100000000053,891.0100000000053,891.0100000000053,891.0100000000053,891.0100000000053,891.0100000000053,891.0100000000053,891.0100000000053,884.8900000000006,884.8900000000006,891.3400000000055,885.1700000000005,885.1700000000005,891.6700000000054,891.6700000000054,891.6700000000054,885.4500000000005,885.4500000000005,892.0000000000053,892.0000000000053,892.0000000000053,892.0000000000053,892.0000000000053,892.0000000000053,892.0000000000053,892.0000000000053,892.0000000000053,892.0000000000053,892.0000000000053,892.0000000000053,892.0100000000053,892.0100000000053,892.0100000000053,885.7300000000005,892.0100000000053,892.0100000000053,892.0100000000053,892.0100000000053,892.0100000000053,892.0100000000053,892.0100000000053,892.0100000000053,892.0100000000053,886.0200000000004,886.0200000000004,886.0200000000004,892.0100000000053,886.3000000000004,892.0100000000053,892.0100000000053,892.0100000000053,886.3100000000004,886.3100000000004,886.3100000000004,886.3100000000004,892.0100000000053,892.0100000000053,892.0100000000053,892.0100000000053,892.0100000000053,886.3100000000004,886.3100000000004,886.3100000000004,886.6000000000006,886.6000000000006,886.6100000000006,892.3400000000053,892.3400000000053,892.3400000000053,892.3400000000053,892.3400000000053,892.3400000000053,892.3400000000053,892.3400000000053,886.8900000000006,886.8900000000006,886.8900000000006,886.8900000000006,892.6700000000052,892.6700000000052,892.6800000000052,892.6800000000052,892.6800000000052,892.6800000000052,892.6800000000052,892.6800000000052,892.6800000000052,892.6800000000052,892.6800000000052,892.6800000000052,892.6800000000052,892.6800000000052,887.1700000000005,887.1700000000005,887.1700000000005,887.1700000000005,893.0100000000051,893.0100000000051,887.4500000000005,887.4500000000005,887.4500000000005,887.4500000000005,887.4500000000005,887.4500000000005,887.4500000000005,887.4500000000005,887.4500000000005,887.4500000000005,887.4500000000005,887.4500000000005,887.4500000000005,887.4500000000005,887.4500000000005,887.4500000000005,887.4500000000005,887.4500000000005,887.4500000000005,887.4500000000005,887.4500000000005,887.4500000000005,887.4500000000005,887.4500000000005,887.4500000000005,887.4500000000005,887.4500000000005,893.3500000000053,893.3500000000053,887.7400000000005,887.7400000000005,887.7400000000005,887.7400000000005,887.7400000000005,893.6900000000052,893.6900000000052,893.6900000000052,893.6900000000052,893.6900000000052,888.0300000000004,888.0300000000004,888.0300000000004,894.0200000000053,894.0200000000053,894.0200000000053,894.0200000000053,894.0200000000053,888.0300000000004,888.0300000000004,888.0300000000004,888.0300000000004,888.0300000000004,894.3500000000053,894.3500000000053,888.0300000000004,888.0300000000004,888.0300000000004,888.0300000000004,888.0300000000004,888.0300000000004,888.0300000000004,888.0300000000004,888.0300000000004,888.0300000000004,888.0300000000004,894.6900000000052,894.6900000000052,894.6900000000052,894.6900000000052,894.6900000000052,894.6900000000052,888.3100000000004,894.6900000000052,888.3100000000004,894.6900000000052,888.3100000000004,894.6900000000052,888.3100000000004,894.6900000000052,888.3100000000004,894.6900000000052,888.3100000000004,894.6900000000052,888.3100000000004,888.3100000000004,888.3100000000004,888.3100000000004,888.3100000000004,894.6900000000052,894.6900000000052,894.6900000000052,894.6900000000052,894.6900000000052,894.6900000000052,888.6000000000004,888.6000000000004,888.6000000000004,888.6000000000004,888.6000000000004,888.6100000000004,888.6100000000004,888.6100000000004,888.6100000000004,888.6100000000004,888.6100000000004,888.6100000000004,888.6100000000004,888.6100000000004,888.6100000000004,888.6100000000004,888.6100000000004,888.6100000000004,888.6100000000004,888.6200000000003,894.7000000000052,894.7100000000052,894.7100000000052,894.7100000000052,894.7100000000052,894.7100000000052,894.7100000000052,888.9100000000005,888.9100000000005,888.9100000000005,888.9100000000005,888.9100000000005,888.9100000000005,888.9100000000005,888.9100000000005,888.9100000000005,888.9100000000005,888.9100000000005,888.9100000000005,888.9100000000005,888.9100000000005,888.9100000000005,888.9100000000005,888.9100000000005,888.9100000000005,888.9100000000005,888.9100000000005,888.9100000000005,888.9100000000005,888.9100000000005,888.9100000000005,894.7100000000052,894.7100000000052,894.7100000000052,894.7100000000052,889.2000000000005,889.2000000000005,889.2000000000005,889.2000000000005,889.2000000000005,889.2000000000005,894.7100000000052,894.7100000000052,894.7100000000052,894.7100000000052,894.7100000000052,894.7100000000052,894.7100000000052,894.7100000000052,894.7100000000052,894.7100000000052,894.7100000000052,894.7100000000052,894.7100000000052,894.7100000000052,894.7100000000052,894.7100000000052,894.7100000000052,894.7100000000052,894.7100000000052,894.7100000000052,894.7100000000052,894.7100000000052,894.7100000000052,894.7100000000052,894.7100000000052,894.7100000000052,894.7100000000052,894.7100000000052,894.7100000000052,894.7100000000052,894.7100000000052,894.7100000000052,894.7100000000052,894.7100000000052,894.7100000000052,894.7100000000052,894.7100000000052,894.7100000000052,894.7100000000052,894.7100000000052,894.7100000000052,894.7200000000051,894.7200000000051,894.7200000000051,894.7200000000051,894.7200000000051,894.7200000000051,894.7200000000051,894.7200000000051,894.7200000000051,894.7200000000051,894.7200000000051,894.7200000000051,894.7200000000051,894.7200000000051,894.7200000000051,894.7200000000051,889.2000000000005,894.7200000000051,889.2000000000005,894.7200000000051,894.7200000000051,894.7200000000051,894.7200000000051,894.7200000000051,894.7200000000051,894.7200000000051,894.7200000000051,894.7200000000051,894.7200000000051,894.7200000000051,894.7200000000051,894.7200000000051,894.7200000000051,894.7200000000051,894.7200000000051,894.7200000000051,894.7200000000051,894.7200000000051,894.7200000000051,894.7200000000051,894.7200000000051,894.7200000000051,894.7200000000051,894.7200000000051,894.7200000000051,894.7200000000051,894.7200000000051,894.7200000000051,894.7200000000051,894.7200000000051,894.7200000000051,894.7200000000051,894.7200000000051,894.7200000000051,894.7200000000051,894.7200000000051,894.7200000000051,894.7200000000051,894.7200000000051,894.7200000000051,894.7200000000051,894.7200000000051,894.7200000000051,894.7200000000051,894.7200000000051,894.7200000000051,894.7200000000051,894.7200000000051,894.7200000000051,894.7200000000051,894.7200000000051,894.7200000000051,894.7200000000051,894.7200000000051,894.7200000000051,894.7300000000051,894.7300000000051,894.7300000000051,894.7300000000051,894.7300000000051,894.7300000000051,894.7300000000051,894.7300000000051,894.7300000000051,894.7300000000051,894.7300000000051,894.7300000000051,894.7300000000051,894.7300000000051,894.7300000000051,894.7300000000051,894.7300000000051,894.7300000000051,889.4900000000005,894.7300000000051,894.7300000000051,894.7300000000051,894.7300000000051,894.7300000000051,894.7300000000051,894.7300000000051,894.7300000000051,894.7300000000051,894.7300000000051,894.7400000000051,894.7400000000051,894.7400000000051,894.7400000000051,894.7400000000051,894.7400000000051,894.7400000000051,894.7400000000051,894.7400000000051,894.7400000000051,894.7400000000051,894.7400000000051,894.7400000000051,894.7400000000051,894.7400000000051,894.7400000000051,894.7400000000051,894.7400000000051,894.7400000000051,894.7400000000051,894.7400000000051,894.7400000000051,894.7400000000051,894.7400000000051,894.7400000000051,894.7400000000051,894.7400000000051,894.7400000000051,894.7400000000051,894.7400000000051,894.7400000000051,894.7400000000051,894.7400000000051,894.7400000000051,894.7400000000051,894.7400000000051,894.7400000000051,894.7400000000051,894.7400000000051,894.7400000000051,894.7400000000051,894.7400000000051,894.7400000000051,894.7400000000051,894.7400000000051,894.7400000000051,894.7400000000051,894.7400000000051,894.7400000000051,894.7400000000051,894.7400000000051,894.7400000000051,894.7400000000051,894.7400000000051,894.7400000000051,894.7400000000051,894.7400000000051,894.7400000000051,894.7400000000051,894.7400000000051,894.7400000000051,894.7400000000051,894.7400000000051,894.7400000000051,894.7400000000051,894.7400000000051,889.4900000000005,894.7400000000051,889.4900000000005,894.7400000000051,889.4900000000005,894.7400000000051,889.4900000000005,894.7400000000051,894.7400000000051,894.7400000000051,894.7400000000051,894.7400000000051,894.7400000000051,894.7400000000051,894.7400000000051,894.7400000000051,894.7400000000051,894.7400000000051,894.7400000000051,894.7400000000051,894.7400000000051,894.7400000000051,894.7400000000051,889.4900000000005,889.4900000000005,889.4900000000005,895.0800000000053,895.0800000000053,895.0800000000053,895.0800000000053,895.0800000000053,895.0800000000053,895.0800000000053,895.0800000000053,895.0800000000053,895.0800000000053,895.0800000000053,895.0800000000053,895.0800000000053,895.0800000000053,895.0800000000053,895.0900000000053,895.0900000000053,895.0900000000053,895.0900000000053,895.0900000000053,895.0900000000053,895.0900000000053,895.0900000000053,895.0900000000053,895.0900000000053,895.0900000000053,895.0900000000053,895.0900000000053,895.0900000000053,895.0900000000053,895.0900000000053,895.0900000000053,895.0900000000053,895.0900000000053,895.0900000000053,895.0900000000053,895.0900000000053,895.0900000000053,895.0900000000053,895.0900000000053,895.0900000000053,895.0900000000053,895.0900000000053,895.0900000000053,895.0900000000053,895.0900000000053,895.0900000000053,895.0900000000053,895.0900000000053,895.0900000000053,895.0900000000053,895.0900000000053,895.0900000000053,895.0900000000053,895.0900000000053,889.7800000000004,895.0900000000053,889.7800000000004,895.0900000000053,889.7800000000004,895.0900000000053,889.7800000000004,895.0900000000053,889.7800000000004,895.0900000000053,889.7800000000004,895.0900000000053,895.0900000000053,889.7800000000004,895.0900000000053,889.7800000000004,895.0900000000053,889.7800000000004,895.0900000000053,889.7800000000004,895.0900000000053,889.7800000000004,895.0900000000053,889.7800000000004,895.0900000000053,889.7800000000004,895.0900000000053,889.7800000000004,895.0900000000053,889.7800000000004,895.0900000000053,889.7800000000004,895.0900000000053,889.7800000000004,895.0900000000053,889.7800000000004,895.0900000000053,889.7800000000004,895.0900000000053,889.7800000000004,895.0900000000053,889.7800000000004,895.0900000000053,889.7800000000004,895.0900000000053,889.7800000000004,895.0900000000053,889.7800000000004,895.0900000000053,889.7800000000004,895.0900000000053,889.7800000000004,895.0900000000053,889.7800000000004,895.0900000000053,889.7800000000004,895.0900000000053,889.7800000000004,895.0900000000053,895.0900000000053,895.0900000000053,895.0900000000053,895.0900000000053,895.0900000000053,895.0900000000053,895.0900000000053,895.0900000000053,895.0900000000053,895.0900000000053,895.0900000000053,895.0900000000053,895.0900000000053,895.0900000000053,890.0800000000006,890.0800000000006,890.0800000000006,890.0800000000006,890.0800000000006,890.0800000000006,890.0800000000006,890.0800000000006,890.0800000000006,890.0800000000006,890.0800000000006,890.0800000000006,890.0800000000006,890.0800000000006,890.0800000000006,890.0800000000006,890.0800000000006,890.0800000000006,895.4400000000052,895.4400000000052,895.4400000000052,895.4400000000052,895.4400000000052,895.4400000000052,895.4400000000052,895.4400000000052,895.4400000000052,895.4400000000052,895.4400000000052,895.4400000000052,895.4400000000052,895.4400000000052,895.4400000000052,895.4400000000052,895.4400000000052,895.4400000000052,895.4400000000052,895.4400000000052,895.4400000000052,895.4400000000052,895.4400000000052,895.4400000000052,895.4400000000052,895.4400000000052,895.4400000000052,895.4400000000052,895.4400000000052,895.4400000000052,895.4400000000052,895.4400000000052,895.4400000000052,895.4400000000052,895.4400000000052,895.4400000000052,895.4400000000052,895.4400000000052,895.4400000000052,895.4400000000052,895.4400000000052,895.4400000000052,895.4400000000052,895.4400000000052,895.4400000000052,895.4400000000052,895.4400000000052,895.4400000000052,895.4400000000052,890.3800000000006,890.3800000000006,890.3800000000006,890.3800000000006,890.3800000000006,890.3800000000006,890.3800000000006,890.3800000000006,890.3800000000006,890.3800000000006,890.3800000000006,890.3800000000006,890.3800000000006,890.3800000000006,890.3800000000006,895.7900000000051,895.7900000000051,895.7900000000051,895.7900000000051,895.7900000000051,895.7900000000051,895.7900000000051,895.7900000000051,895.7900000000051,895.7900000000051,895.7900000000051,895.7900000000051,895.7900000000051,895.7900000000051,895.7900000000051,895.7900000000051,895.7900000000051,895.7900000000051,895.7900000000051,895.7900000000051,890.6700000000008,895.7900000000051,890.6700000000008,895.7900000000051,890.6700000000008,895.7900000000051,890.6700000000008,895.7900000000051,890.6700000000008,895.7900000000051,890.6700000000008,895.7900000000051,890.6700000000008,895.7900000000051,890.6700000000008,895.8000000000051,895.8000000000051,895.8000000000051,895.8000000000051,895.8000000000051,895.8000000000051,895.8000000000051,895.8000000000051,895.8000000000051,895.8000000000051,895.8000000000051,895.8000000000051,895.8000000000051,895.8000000000051,895.8000000000051,895.8100000000051,895.8100000000051,895.8100000000051,895.8100000000051,895.8100000000051,895.8100000000051,895.8100000000051,895.8100000000051,895.8100000000051,895.8100000000051,895.8100000000051,895.8100000000051,895.8100000000051,895.8100000000051,895.8100000000051,895.8100000000051,895.8100000000051,895.8100000000051,895.8100000000051,895.8100000000051,895.8100000000051,895.8100000000051,895.8100000000051,895.8100000000051,895.8100000000051,895.8100000000051,895.8100000000051,895.8100000000051,895.8100000000051,895.8100000000051,895.8100000000051,895.8100000000051,895.8100000000051,895.8100000000051,895.8100000000051,895.8100000000051,895.8100000000051,895.8100000000051,895.8100000000051,895.8100000000051,895.8100000000051,895.8100000000051,895.8100000000051,895.8100000000051,895.8100000000051,895.8100000000051,895.8100000000051,895.8100000000051,895.8100000000051,895.8100000000051,895.8100000000051,895.8100000000051,895.8100000000051,895.8100000000051,895.8100000000051,895.8100000000051,895.8100000000051,895.8100000000051,895.8100000000051,895.8100000000051,895.8100000000051,895.8100000000051,895.8100000000051,895.8100000000051,895.8100000000051,895.8100000000051,895.8100000000051,895.8100000000051,890.9700000000007,895.8100000000051,890.9700000000007,895.8100000000051,895.8100000000051,895.8100000000051,895.820000000005,895.820000000005,895.820000000005,895.820000000005,895.820000000005,895.820000000005,895.820000000005,895.820000000005,895.820000000005,895.820000000005,895.820000000005,895.820000000005,895.820000000005,895.820000000005,895.820000000005,895.820000000005,895.820000000005,895.820000000005,895.820000000005,895.820000000005,895.820000000005,895.820000000005,895.820000000005,895.820000000005,895.820000000005,895.820000000005,895.820000000005,895.820000000005,895.820000000005,895.820000000005,895.820000000005,895.820000000005,895.820000000005,895.820000000005,895.820000000005,895.820000000005,895.820000000005,895.820000000005,895.820000000005,895.820000000005,895.820000000005,895.820000000005,895.820000000005,895.820000000005,895.820000000005,895.820000000005,895.820000000005,895.820000000005,895.820000000005,895.820000000005,895.820000000005,895.820000000005,895.820000000005,895.820000000005,895.8300000000053,895.8300000000053,895.8300000000053,895.8300000000053,895.8300000000053,895.8300000000053,895.8300000000053,895.8300000000053,895.8300000000053,895.8300000000053,895.8300000000053,895.8300000000053,895.8300000000053,895.8300000000053,895.8300000000053,895.8300000000053,895.8300000000053,895.8300000000053,895.8300000000053,895.8300000000053,895.8300000000053,895.8300000000053,895.8300000000053,895.8300000000053,895.8300000000053,891.2600000000007,895.8300000000053,891.2700000000007,895.8300000000053,891.2700000000007,895.8300000000053,891.2700000000007,895.8300000000053,891.2700000000007,895.8300000000053,891.2700000000007,895.8300000000053,891.2700000000007,895.8300000000053,891.2700000000007,895.8300000000053,891.2700000000007,895.8300000000053,891.2700000000007,895.8300000000053,891.2700000000007,895.8300000000053,891.2700000000007,895.8300000000053,891.2700000000007,895.8300000000053,891.2700000000007,895.8300000000053,891.2700000000007,895.8300000000053,891.2700000000007,895.8300000000053,891.2700000000007,895.8300000000053,891.2700000000007,895.8300000000053,891.2700000000007,895.8300000000053,891.2700000000007,895.8300000000053,891.2700000000007,895.8300000000053,891.2700000000007,895.8300000000053,891.2700000000007,895.8300000000053,891.2700000000007,895.8300000000053,895.8300000000053,895.8300000000053,895.8300000000053,895.8300000000053,895.8300000000053,895.8300000000053,895.8300000000053,895.8300000000053,895.8300000000053,895.8300000000053,895.8300000000053,895.8300000000053,895.8300000000053,895.8300000000053,895.8300000000053,895.8300000000053,895.8300000000053,895.8300000000053,895.8300000000053,895.8300000000053,895.8300000000053,895.8300000000053,895.8300000000053,895.8300000000053,895.8300000000053,895.8300000000053,895.8300000000053,895.8300000000053,895.8300000000053,895.8300000000053,895.8300000000053,895.8300000000053,895.8300000000053,895.8400000000053,895.8400000000053,895.8400000000053,895.8400000000053,895.8400000000053,895.8400000000053,895.8400000000053,895.8400000000053,895.8400000000053,895.8400000000053,895.8400000000053,895.8400000000053,895.8400000000053,895.8400000000053,895.8400000000053,895.8400000000053,895.8400000000053,895.8400000000053,895.8400000000053,895.8400000000053,895.8400000000053,895.8400000000053,895.8400000000053,895.8400000000053,895.8400000000053,895.8400000000053,895.8400000000053,895.8400000000053,895.8400000000053,895.8400000000053,895.8400000000053,895.8400000000053,895.8400000000053,895.8400000000053,895.8400000000053,895.8400000000053,895.8400000000053,895.8400000000053,895.8400000000053,895.8400000000053,891.5600000000009,895.8400000000053,891.5600000000009,895.8400000000053,895.8400000000053,895.8400000000053,895.8400000000053,895.8400000000053,895.8400000000053,895.8400000000053,895.8400000000053,895.8400000000053,895.8400000000053,895.8400000000053,895.8400000000053,895.8400000000053,895.8400000000053,895.8400000000053,895.8400000000053,895.8400000000053,895.8400000000053,895.8400000000053,895.8400000000053,895.8400000000053,895.8400000000053,895.8400000000053,895.8400000000053,895.8400000000053,895.8400000000053,895.8400000000053,895.8400000000053,895.8500000000053,895.8500000000053,895.8500000000053,895.8500000000053,895.8500000000053,895.8500000000053,895.8500000000053,895.8500000000053,895.8500000000053,895.8500000000053,895.8500000000053,895.8500000000053,895.8500000000053,895.8500000000053,895.8500000000053,895.8500000000053,895.8500000000053,895.8500000000053,895.8500000000053,895.8500000000053,895.8500000000053,895.8500000000053,895.8500000000053,895.8500000000053,895.8500000000053,895.8500000000053,895.8500000000053,895.8500000000053,895.8500000000053,895.8500000000053,895.8500000000053,895.8500000000053,895.8500000000053,895.8500000000053,895.8500000000053,895.8500000000053,895.8500000000053,895.8500000000053,895.8500000000053,895.8500000000053,895.8500000000053,895.8500000000053,895.8500000000053,891.8600000000008,895.8500000000053,891.8600000000008,895.8500000000053,891.8600000000008,895.8500000000053,892.1600000000008,892.1600000000008,892.1600000000008,892.1600000000008,892.1600000000008,892.1600000000008,896.1900000000054,896.1900000000054,896.1900000000054,896.1900000000054,896.1900000000054,896.1900000000054,896.1900000000054,896.1900000000054,896.1900000000054,896.1900000000054,896.1900000000054,896.1900000000054,896.1900000000054,896.1900000000054,896.1900000000054,896.1900000000054,896.1900000000054,896.1900000000054,896.1900000000054,896.1900000000054,896.1900000000054,896.1900000000054,896.2000000000054,896.2000000000054,896.2000000000054,896.2000000000054,896.2000000000054,896.2000000000054,896.2000000000054,896.2000000000054,896.2000000000054,896.2000000000054,896.2000000000054,896.2000000000054,896.2000000000054,896.2000000000054,896.2000000000054,896.2000000000054,896.2000000000054,896.2000000000054,896.2000000000054,896.2000000000054,896.2000000000054,896.2000000000054,896.2000000000054,896.2000000000054,896.2000000000054,896.2000000000054,896.2000000000054,896.2000000000054,896.2000000000054,896.2100000000054,896.2100000000054,896.2100000000054,896.2100000000054,896.2100000000054,896.2100000000054,896.2100000000054,896.2100000000054,896.2100000000054,896.2100000000054,896.2100000000054,896.2100000000054,896.2100000000054,896.2100000000054,896.2100000000054,896.2100000000054,896.2100000000054,892.4500000000007,896.2100000000054,892.4500000000007,896.2100000000054,892.4500000000007,896.2100000000054,892.4500000000007,896.2100000000054,892.4500000000007,896.2100000000054,892.4500000000007,896.2100000000054,892.4500000000007,896.2100000000054,892.4500000000007,896.2100000000054,896.2100000000054,896.2100000000054,896.2100000000054,896.2100000000054,896.2100000000054,896.2100000000054,896.2100000000054,896.2100000000054,896.2100000000054,896.2100000000054,896.2100000000054,896.2100000000054,896.2100000000054,896.2100000000054,896.2100000000054,896.2100000000054,896.2100000000054,896.2100000000054,896.2100000000054,896.2100000000054,896.2100000000054,896.2100000000054,896.2100000000054,896.2100000000054,896.2100000000054,896.2100000000054,896.2100000000054,896.2100000000054,896.2100000000054,896.2100000000054,896.2200000000054,896.2200000000054,896.2200000000054,896.2200000000054,896.2200000000054,896.2200000000054,896.2200000000054,896.2200000000054,896.2200000000054,896.2200000000054,896.2200000000054,896.2200000000054,896.2200000000054,896.2200000000054,896.2200000000054,896.2200000000054,896.2200000000054,896.2200000000054,896.2200000000054,896.2200000000054,896.2200000000054,896.2200000000054,896.2200000000054,896.2200000000054,896.2200000000054,896.2200000000054,896.2200000000054,896.2200000000054,896.2200000000054,896.2200000000054,896.2200000000054,896.2200000000054,896.2200000000054,896.2200000000054,896.2200000000054,896.2200000000054,896.2200000000054,896.2200000000054,896.2200000000054,896.2200000000054,896.2200000000054,896.2200000000054,896.2200000000054,896.2200000000054,892.7500000000009,896.2200000000054,892.7500000000009,896.2200000000054,892.7500000000009,896.2200000000054,896.2200000000054,896.2200000000054,896.2200000000054,896.2200000000054,896.2200000000054,896.2200000000054,896.2200000000054,896.2200000000054,896.2200000000054,896.2200000000054,896.2200000000054,896.2200000000054,896.2200000000054,896.2200000000054,896.2200000000054,896.2200000000054,896.2200000000054,896.2200000000054,896.2200000000054,896.2200000000054,896.2200000000054,896.2200000000054,896.2200000000054,896.2300000000054,896.2300000000054,896.2300000000054,896.2300000000054,896.2300000000054,896.2300000000054,896.2300000000054,896.2300000000054,896.2300000000054,896.2300000000054,896.2300000000054,896.2300000000054,896.2300000000054,896.2300000000054,896.2300000000054,896.2300000000054,896.2300000000054,896.2300000000054,896.2300000000054,896.2300000000054,896.2300000000054,896.2300000000054,896.2300000000054,896.2300000000054,896.2300000000054,896.2300000000054,896.2300000000054,896.2300000000054,896.2300000000054,896.2300000000054,896.2300000000054,896.2300000000054,896.2300000000054,896.2300000000054,896.2300000000054,896.2300000000054,896.2300000000054,896.2300000000054,896.2300000000054,896.2300000000054,896.2300000000054,896.2300000000054,896.2300000000054,896.2300000000054,896.2300000000054,896.2300000000054,896.2300000000054,896.2300000000054,896.2300000000054,896.2300000000054,896.2300000000054,896.2300000000054,896.2300000000054,896.2300000000054,896.2300000000054,893.0600000000009,896.2300000000054,893.0600000000009,896.2300000000054,893.0600000000009,896.2300000000054,893.0600000000009,896.2300000000054,893.0600000000009,896.2300000000054,893.0600000000009,896.2300000000054,893.0600000000009,896.2300000000054,893.0600000000009,896.2300000000054,893.0600000000009,896.2300000000054,893.0600000000009,896.2300000000054,893.0600000000009,896.2300000000054,893.0600000000009,896.2300000000054,893.0600000000009,896.2300000000054,896.2300000000054,896.2300000000054,896.2300000000054,896.2300000000054,896.2300000000054,896.2300000000054,896.2300000000054,896.2300000000054,896.2300000000054,896.2300000000054,896.2300000000054,896.2300000000054,896.2300000000054,896.2300000000054,896.2300000000054,896.2300000000054,896.2300000000054,896.2300000000054,896.2300000000054,896.2300000000054,896.2300000000054,896.2300000000054,896.2300000000054,896.2300000000054,896.2300000000054,896.2300000000054,896.2300000000054,896.2300000000054,896.2300000000054,896.2300000000054,896.2300000000054,896.2300000000054,896.2300000000054,896.2300000000054,896.2300000000054,896.2300000000054,896.2300000000054,896.2300000000054,896.2300000000054,896.2300000000054,896.2300000000054,896.2300000000054,896.2300000000054,896.2300000000054,896.2300000000054,896.2300000000054,896.2300000000054,896.2400000000054,896.2400000000054,896.2400000000054,896.2400000000054,896.2400000000054,896.2400000000054,896.2500000000053,896.2500000000053,896.2500000000053,896.2500000000053,896.2500000000053,896.2500000000053,896.2500000000053,896.2500000000053,896.2500000000053,896.2500000000053,896.2500000000053,896.2500000000053,896.2500000000053,896.2500000000053,896.2600000000053,896.2600000000053,896.2600000000053,896.2600000000053,896.2600000000053,896.2600000000053,896.2700000000053,896.2700000000053,896.2700000000053,896.2800000000053,896.2800000000053,896.2800000000053,896.2800000000053,893.3600000000008,896.2800000000053,893.3600000000008,896.2800000000053,896.2800000000053,896.2800000000053,896.2800000000053,896.2800000000053,896.2800000000053,896.2800000000053,896.2800000000053,896.2800000000053,896.2800000000053,896.2800000000053,896.2800000000053,896.2800000000053,896.2800000000053,896.2800000000053,896.2800000000053,896.2800000000053,896.2800000000053,896.2800000000053,896.2800000000053,896.2800000000053,896.2800000000053,896.2800000000053,896.2800000000053,896.2800000000053,896.2800000000053,896.2800000000053,896.2800000000053,896.2800000000053,896.2800000000053,896.2800000000053,896.2800000000053,896.2800000000053,896.2800000000053,896.2800000000053,896.2800000000053,896.2800000000053,896.2800000000053,896.2800000000053,896.2800000000053,896.2800000000053,896.2800000000053,896.2800000000053,896.2800000000053,896.2800000000053,896.2800000000053,896.2800000000053,896.2800000000053,896.2800000000053,896.2800000000053,896.2800000000053,896.2800000000053,896.2800000000053,896.2800000000053,896.2800000000053,896.2800000000053,896.2800000000053,896.2800000000053,896.2800000000053,896.2800000000053,896.2800000000053,896.2800000000053,896.2800000000053,896.2800000000053,896.2800000000053,896.2800000000053,896.2800000000053,896.2800000000053,896.2800000000053,896.2800000000053,896.2800000000053,896.2800000000053,896.2800000000053,896.2800000000053,896.2800000000053,896.2800000000053,893.670000000001,896.2800000000053,893.670000000001,896.2800000000053,893.670000000001,896.2800000000053,893.670000000001,896.2800000000053,893.670000000001,896.2800000000053,893.670000000001,896.2800000000053,893.670000000001,896.2800000000053,893.670000000001,896.2800000000053,893.670000000001,896.2900000000055,893.670000000001,896.2900000000055,893.670000000001,896.2900000000055,896.3000000000055,896.3000000000055,896.3000000000055,896.3000000000055,896.3000000000055,896.3000000000055,896.3000000000055,896.3000000000055,896.3000000000055,896.3000000000055,896.3000000000055,896.3000000000055,896.3000000000055,896.3000000000055,896.3100000000055,896.3100000000055,896.3100000000055,896.3100000000055,896.3100000000055,896.3100000000055,896.3100000000055,896.3100000000055,896.3100000000055,896.3100000000055,896.3100000000055,896.3100000000055,896.3100000000055,896.3100000000055,896.3100000000055,896.3100000000055,896.3100000000055,896.3100000000055,896.3100000000055,896.3100000000055,896.3100000000055,896.3100000000055,896.3100000000055,896.3100000000055,896.3100000000055,896.3100000000055,896.3100000000055,896.3100000000055,896.3100000000055,896.3100000000055,896.3100000000055,896.3100000000055,896.3100000000055,896.3100000000055,896.3100000000055,896.3100000000055,896.3100000000055,896.3100000000055,896.3100000000055,896.3100000000055,896.3100000000055,896.3100000000055,896.3100000000055,896.3100000000055,896.3100000000055,896.3100000000055,896.3100000000055,896.3100000000055,896.3100000000055,896.3100000000055,896.3100000000055,896.3100000000055,896.3100000000055,896.3100000000055,896.3100000000055,896.3100000000055,896.3100000000055,896.3100000000055,896.3100000000055,893.9700000000009,896.3100000000055,896.3100000000055,896.3100000000055,896.3100000000055,896.3100000000055,896.3100000000055,896.3100000000055,896.3100000000055,896.3100000000055,896.3100000000055,896.3100000000055,896.3100000000055,896.3100000000055,896.3100000000055,896.3100000000055,896.3100000000055,896.3100000000055,896.3100000000055,896.3100000000055,896.3100000000055,896.3100000000055,896.3100000000055,896.3100000000055,896.3100000000055,896.3100000000055,896.3100000000055,896.3100000000055,896.3100000000055,896.3100000000055,896.3100000000055,896.3100000000055,896.3100000000055,896.3100000000055,896.3100000000055,896.3100000000055,896.3100000000055,896.3100000000055,896.3100000000055,896.3100000000055,896.3100000000055,896.3100000000055,896.3100000000055,896.3100000000055,896.3100000000055,896.3100000000055,896.3100000000055,896.3100000000055,896.3100000000055,896.3100000000055,896.3100000000055,896.3100000000055,896.3100000000055,896.3100000000055,896.3100000000055,896.3100000000055,896.3100000000055,896.3100000000055,896.3100000000055,896.3100000000055,896.3100000000055,896.3200000000055,896.3200000000055,896.3200000000055,896.3200000000055,896.3200000000055,896.3200000000055,896.3200000000055,896.3200000000055,896.3200000000055,896.3200000000055,896.3200000000055,896.3200000000055,896.3200000000055,896.3200000000055,896.3200000000055,896.3200000000055,896.3200000000055,896.3200000000055,896.3200000000055,896.3200000000055,896.3200000000055,896.3200000000055,896.3200000000055,896.3200000000055,894.2800000000009,896.3200000000055,894.2800000000009,896.3200000000055,894.2800000000009,896.3200000000055,894.2800000000009,896.3200000000055,894.2800000000009,896.3200000000055,894.2800000000009,896.3200000000055,894.2800000000009,896.3200000000055,896.3200000000055,896.3200000000055,896.3200000000055,896.3200000000055,896.3200000000055,896.3200000000055,896.3200000000055,896.3200000000055,896.3200000000055,896.3200000000055,896.3200000000055,896.3200000000055,896.3200000000055,896.3200000000055,896.3200000000055,896.3200000000055,896.3200000000055,896.3200000000055,896.3200000000055,896.3200000000055,896.3200000000055,896.3200000000055,896.3200000000055,896.3200000000055,896.3200000000055,896.3200000000055,896.3200000000055,896.3200000000055,896.3200000000055,896.3200000000055,896.3200000000055,896.3200000000055,896.3200000000055,896.3200000000055,896.3200000000055,896.3200000000055,896.3200000000055,896.3200000000055,896.3200000000055,896.3200000000055,896.3200000000055,896.3200000000055,896.3200000000055,896.3200000000055,896.3200000000055,896.3200000000055,896.3200000000055,896.3200000000055,896.3200000000055,896.3200000000055,896.3200000000055,896.3200000000055,896.3200000000055,896.3300000000055,896.3300000000055,896.3300000000055,896.3300000000055,896.3300000000055,896.3300000000055,896.3300000000055,896.3300000000055,896.3300000000055,896.3300000000055,896.3300000000055,896.3300000000055,896.3300000000055,896.3300000000055,896.3300000000055,896.3300000000055,896.3300000000055,896.3300000000055,896.3300000000055,896.3300000000055,896.3300000000055,896.3300000000055,896.3300000000055,896.3300000000055,894.590000000001,896.3300000000055,894.590000000001,896.3300000000055,894.590000000001,896.3300000000055,894.590000000001,896.3300000000055,894.590000000001,896.3300000000055,894.590000000001,896.3300000000055,896.3300000000055,896.3300000000055,896.3300000000055,896.3300000000055,896.3300000000055,896.3300000000055,896.3300000000055,896.3300000000055,896.3300000000055,896.3300000000055,896.3300000000055,896.3300000000055,896.3300000000055,896.3300000000055,896.3300000000055,896.3300000000055,896.3300000000055,896.3300000000055,896.3300000000055,896.3300000000055,896.3300000000055,896.3300000000055,896.3300000000055,896.3300000000055,896.3300000000055,896.3300000000055,896.3300000000055,896.3300000000055,896.3300000000055,896.3300000000055,896.3300000000055,896.3300000000055,896.3300000000055,896.3300000000055,896.3400000000057,896.3400000000057,896.3400000000057,896.3400000000057,896.3400000000057,896.3400000000057,896.3400000000057,896.3400000000057,896.3400000000057,896.3400000000057,896.3400000000057,896.3400000000057,896.3400000000057,896.3400000000057,896.3400000000057,896.3500000000057,896.3500000000057,896.3500000000057,894.900000000001,894.900000000001,894.900000000001,894.900000000001,896.6900000000056,896.6900000000056,896.6900000000056,896.6900000000056,896.7000000000056,896.7000000000056,896.7000000000056,896.7000000000056,896.7000000000056,896.7000000000056,896.7000000000056,896.7000000000056,896.7000000000056,896.7000000000056,896.7000000000056,896.7000000000056,896.7000000000056,896.7000000000056,896.7000000000056,896.7000000000056,896.7000000000056,896.7000000000056,895.2200000000009,896.7000000000056,895.2200000000009,896.7000000000056,895.2300000000009,896.7000000000056,895.2300000000009,896.7000000000056,895.2300000000009,896.7000000000056,895.2300000000009,896.7000000000056,895.2300000000009,896.7000000000056,895.2300000000009,896.7000000000056,895.2300000000009,896.7000000000056,895.2300000000009,896.7000000000056,895.2300000000009,896.7000000000056,895.2300000000009,896.7000000000056,895.2300000000009,896.7000000000056,895.2400000000009,896.7000000000056,895.2400000000009,896.7000000000056,895.2400000000009,896.7000000000056,895.2400000000009,896.7000000000056,895.2400000000009,896.7000000000056,895.2400000000009,896.7000000000056,895.2400000000009,896.7000000000056,895.2400000000009,896.7000000000056,895.2400000000009,896.7000000000056,895.2400000000009,896.7000000000056,895.2400000000009,896.7000000000056,895.2500000000009,896.7000000000056,895.2500000000009,895.2500000000009,896.7000000000056,896.7000000000056,896.7000000000056,896.7000000000056,896.7000000000056,896.7000000000056,896.7000000000056,896.7000000000056,896.7000000000056,896.7000000000056,896.7000000000056,896.7000000000056,896.7000000000056,896.7000000000056,896.7000000000056,896.7000000000056,896.7000000000056,896.7000000000056,896.7000000000056,896.7000000000056,896.7000000000056,896.7000000000056,896.7000000000056,896.7000000000056,896.7000000000056,896.7000000000056,896.7000000000056,896.7000000000056,896.7000000000056,896.7000000000056,896.7000000000056,896.7000000000056,896.7000000000056,896.7000000000056,896.7000000000056,896.7000000000056,896.7000000000056,896.7000000000056,896.7000000000056,896.7000000000056,896.7000000000056,896.7100000000056,896.7100000000056,896.7100000000056,896.7100000000056,896.7100000000056,896.7100000000056,896.7100000000056,896.7200000000058,896.7200000000058,896.7200000000058,896.7200000000058,896.7200000000058,896.7200000000058,896.7200000000058,896.7200000000058,896.7200000000058,896.7200000000058,896.7200000000058,896.7200000000058,896.7200000000058,896.7200000000058,896.7200000000058,896.7200000000058,896.7200000000058,896.7200000000058,896.7200000000058,896.7200000000058,896.7200000000058,896.7200000000058,896.7200000000058,896.7200000000058,896.7200000000058,896.7200000000058,896.7200000000058,896.7200000000058,896.7200000000058,896.7200000000058,896.7200000000058,896.7200000000058,896.7200000000058,896.7200000000058,895.5700000000008,896.7200000000058,895.5700000000008,896.7200000000058,895.5700000000008,896.7200000000058,895.5700000000008,896.7200000000058,895.5700000000008,896.7200000000058,895.5700000000008,896.7200000000058,895.5700000000008,896.7200000000058,895.5700000000008,896.7200000000058,896.7200000000058,896.7200000000058,896.7200000000058,896.7200000000058,896.7200000000058,896.7200000000058,896.7200000000058,896.7200000000058,896.7200000000058,896.7200000000058,896.7200000000058,896.7300000000058,896.7300000000058,896.7300000000058,896.7300000000058,896.7300000000058,896.7300000000058,896.7300000000058,896.7300000000058,896.7300000000058,896.7300000000058,896.7300000000058,896.7300000000058,896.7300000000058,896.7300000000058,896.7300000000058,896.7300000000058,896.7300000000058,896.7300000000058,896.7300000000058,896.7300000000058,896.7300000000058,896.7300000000058,896.7300000000058,896.7300000000058,895.8800000000008,895.8800000000008,895.8800000000008,895.8800000000008,897.0700000000057,897.0700000000057,897.0700000000057,897.0700000000057,897.0700000000057,897.0700000000057,897.0700000000057,897.0700000000057,897.0700000000057,897.0700000000057,897.0700000000057,897.0700000000057,897.0700000000057,897.0700000000057,897.0700000000057,897.0700000000057,897.0700000000057,897.0700000000057,897.0700000000057,897.0700000000057,897.0700000000057,897.0700000000057,896.200000000001,896.200000000001,897.4100000000059,897.4100000000059,897.4100000000059,897.4100000000059,897.4100000000059,897.4100000000059,897.4100000000059,897.4100000000059,897.4100000000059,897.4100000000059,897.4100000000059,897.4100000000059,897.4100000000059,897.4100000000059,897.4100000000059,896.200000000001,897.4100000000059,896.200000000001,897.4100000000059,896.200000000001,897.4100000000059,896.200000000001,897.4100000000059,896.200000000001,897.4100000000059,896.200000000001,897.4100000000059,896.200000000001,897.4100000000059,896.200000000001,897.4100000000059,896.200000000001,897.4100000000059,896.200000000001,897.4100000000059,896.200000000001,897.4100000000059,896.200000000001,897.4100000000059,896.200000000001,897.4100000000059,896.200000000001,897.4100000000059,896.200000000001,897.4100000000059,896.200000000001,897.4100000000059,896.200000000001,897.4100000000059,897.4100000000059,897.4100000000059,897.4100000000059,897.4100000000059,897.4100000000059,897.4100000000059,897.4100000000059,897.4100000000059,897.4100000000059,897.4100000000059,897.4100000000059,897.4100000000059,897.4200000000059,897.4200000000059,897.4200000000059,897.4200000000059,897.4200000000059,897.4200000000059,897.4200000000059,897.4200000000059,897.4200000000059,897.4200000000059,897.4200000000059,897.4200000000059,897.4200000000059,897.4200000000059,897.4200000000059,897.4200000000059,897.4200000000059,897.4200000000059,897.4200000000059,897.4300000000059,897.4300000000059,897.4300000000059,897.4300000000059,897.4300000000059,897.4300000000059,897.4300000000059,897.4300000000059,897.4300000000059,897.4300000000059,897.4300000000059,897.4300000000059,897.4300000000059,897.4300000000059,897.4300000000059,897.4300000000059,897.4300000000059,897.4300000000059,897.4300000000059,897.4300000000059,897.4300000000059,897.4300000000059,897.4300000000059,897.4300000000059,897.4300000000059,897.4300000000059,897.4300000000059,897.4300000000059,897.4300000000059,897.4300000000059,897.4300000000059,897.4400000000059,897.4400000000059,897.4400000000059,897.4400000000059,897.4400000000059,897.4400000000059,897.4400000000059,897.4400000000059,897.4400000000059,897.4400000000059,897.4400000000059,896.5200000000009,897.4400000000059,896.5200000000009,897.4400000000059,896.5200000000009,897.4400000000059,896.5200000000009,897.4400000000059,896.5200000000009,897.4400000000059,896.5200000000009,897.4400000000059,896.5200000000009,897.4400000000059,896.5200000000009,897.4400000000059,896.5200000000009,897.4400000000059,896.5200000000009,897.4400000000059,896.5200000000009,897.4400000000059,896.5200000000009,897.4500000000058,896.5200000000009,897.4500000000058,896.5200000000009,897.4500000000058,896.5200000000009,897.4500000000058,896.5200000000009,897.4500000000058,896.5200000000009,897.4500000000058,896.5200000000009,897.4500000000058,896.5200000000009,897.4500000000058,896.5200000000009,897.4500000000058,896.5200000000009,897.4500000000058,896.5200000000009,897.4500000000058,896.5200000000009,897.4500000000058,896.5200000000009,897.4500000000058,896.5200000000009,897.4500000000058,896.5200000000009,897.4500000000058,896.5200000000009,897.4500000000058,897.4500000000058,897.4500000000058,897.4500000000058,897.4500000000058,897.4500000000058,897.4500000000058,897.4500000000058,897.4500000000058,897.4500000000058,897.4500000000058,897.4500000000058,897.4500000000058,897.4500000000058,897.4500000000058,897.4500000000058,897.4500000000058,897.4500000000058,897.4500000000058,897.4500000000058,897.4500000000058,897.4500000000058,897.4500000000058,897.4500000000058,897.4500000000058,897.4500000000058,897.4500000000058,897.4500000000058,897.4500000000058,897.4500000000058,897.4500000000058,897.4500000000058,897.4600000000058,897.4600000000058,897.4600000000058,897.4600000000058,897.4600000000058,897.4600000000058,897.4600000000058,897.4600000000058,897.4600000000058,897.4600000000058,897.4600000000058,897.4600000000058,896.8400000000008,896.8400000000008,896.8400000000008,896.8400000000008,897.800000000006,897.800000000006,897.800000000006,897.800000000006,897.800000000006,897.800000000006,897.800000000006,897.800000000006,897.800000000006,897.800000000006,897.800000000006,897.800000000006,897.800000000006,897.800000000006,897.800000000006,897.800000000006,897.800000000006,897.800000000006,897.800000000006,897.810000000006,897.810000000006,897.810000000006,897.810000000006,897.810000000006,897.810000000006,897.810000000006,897.810000000006,897.810000000006,897.810000000006,897.810000000006,897.810000000006,897.810000000006,897.820000000006,897.820000000006,897.820000000006,897.820000000006,897.820000000006,897.820000000006,897.820000000006,897.1500000000008,897.820000000006,897.1500000000008,897.820000000006,897.1500000000008,897.820000000006,897.1500000000008,897.820000000006,897.1500000000008,897.820000000006,897.1500000000008,897.820000000006,897.1500000000008,897.820000000006,897.1500000000008,897.820000000006,897.820000000006,897.820000000006,897.820000000006,897.820000000006,897.820000000006,897.820000000006,897.820000000006,897.820000000006,897.820000000006,897.820000000006,897.820000000006,897.820000000006,897.820000000006,897.820000000006,897.820000000006,897.820000000006,897.820000000006,897.820000000006,897.820000000006,897.820000000006,897.820000000006,897.820000000006,897.8300000000062,897.8300000000062,897.8300000000062,897.8300000000062,897.8300000000062,897.8300000000062,897.8300000000062,897.8300000000062,897.8300000000062,897.8300000000062,897.8300000000062,897.8300000000062,897.8300000000062,897.8300000000062,897.8300000000062,897.8300000000062,897.8300000000062,897.8300000000062,897.8300000000062,897.8300000000062,897.8300000000062,897.8300000000062,897.8300000000062,897.8300000000062,897.8300000000062,897.8300000000062,897.8300000000062,897.8300000000062,897.8300000000062,897.8300000000062,897.8300000000062,897.8300000000062,897.8300000000062,897.8300000000062,897.8300000000062,897.8300000000062,897.8400000000062,897.8400000000062,897.8400000000062,897.8400000000062,897.8400000000062,897.8400000000062,897.8400000000062,897.8400000000062,897.8400000000062,897.8400000000062,897.8400000000062,897.8400000000062,897.8400000000062,897.8400000000062,897.8400000000062,897.8400000000062,897.8400000000062,897.8400000000062,897.8400000000062,897.8400000000062,897.4700000000007,897.8400000000062,897.4700000000007,897.8400000000062,897.4700000000007,897.8400000000062,897.4700000000007,897.8400000000062,897.4700000000007,897.8400000000062,897.4700000000007,897.8400000000062,897.4700000000007,897.8400000000062,897.4700000000007,897.8400000000062,897.4700000000007,897.8400000000062,897.4700000000007,897.8400000000062,897.4700000000007,897.8400000000062,897.4700000000007,897.8400000000062,897.4700000000007,897.8400000000062,897.4700000000007,897.8400000000062,897.4700000000007,897.8400000000062,897.4700000000007,897.8400000000062,897.4700000000007,897.8400000000062,897.4700000000007,897.8400000000062,897.4700000000007,897.8400000000062,897.4700000000007,897.8400000000062,897.8400000000062,897.8400000000062,897.8400000000062,897.8400000000062,897.8400000000062,897.8400000000062,897.8400000000062,897.8400000000062,897.8400000000062,897.8400000000062,897.8400000000062,897.8400000000062,897.8400000000062,897.8400000000062,897.8400000000062,897.8400000000062,897.8400000000062,897.8400000000062,897.8400000000062,897.8400000000062,897.8400000000062,897.8400000000062,897.8400000000062,897.8400000000062,897.8400000000062,897.8400000000062,897.8400000000062,897.8400000000062,897.8400000000062,897.8400000000062,897.8400000000062,897.8400000000062,897.8400000000062,897.8400000000062,897.8400000000062,897.8400000000062,897.8400000000062,897.8400000000062,897.8400000000062,897.8400000000062,897.8400000000062,897.8400000000062,897.8400000000062,897.8400000000062,897.8400000000062,897.8400000000062,897.8400000000062,897.8400000000062,897.8500000000062,897.8500000000062,897.8500000000062,897.8500000000062,897.8500000000062,897.8500000000062,897.8500000000062,897.8500000000062,897.8500000000062,897.8500000000062,897.8500000000062,897.8500000000062,897.8500000000062,897.8500000000062,897.8500000000062,897.8500000000062,897.8500000000062,897.8500000000062,897.8500000000062,897.8500000000062,897.8500000000062,897.8500000000062,897.8600000000062,897.8600000000062,897.8600000000062,897.8600000000062,897.8600000000062,897.8600000000062,897.8600000000062,897.8600000000062,897.8600000000062,897.8600000000062,897.8600000000062,897.8600000000062,897.8600000000062,
897.8600000000062,897.8600000000062,897.8600000000062,897.7900000000006,897.8600000000062,897.7900000000006,897.8600000000062,897.7900000000006,897.8600000000062,897.7900000000006,897.8600000000062,897.7900000000006,897.8700000000061,897.7900000000006,897.8700000000061,897.7900000000006,897.8700000000061,897.7900000000006,897.8700000000061,897.7900000000006,897.8700000000061,897.7900000000006,897.7900000000006,897.7900000000006,897.8800000000061,897.8800000000061,897.8800000000061,897.8800000000061,897.8800000000061,897.8800000000061,897.8800000000061,897.8800000000061,897.8800000000061,897.8800000000061,897.8800000000061,897.8800000000061,897.8800000000061,897.8800000000061,897.8800000000061,897.8800000000061,897.8900000000061,897.8900000000061,897.8900000000061,897.8900000000061,897.8900000000061,897.8900000000061,897.8900000000061,897.9000000000061,897.9100000000061,897.9100000000061,897.9200000000061,897.9300000000061,897.9300000000061,897.9300000000061,897.9300000000061,897.9300000000061,897.9300000000061,897.9300000000061,897.9300000000061,897.9300000000061,897.9400000000061,897.9400000000061,897.9500000000061,897.9600000000061,897.990000000006,897.990000000006,897.990000000006,898.1100000000006,898.1100000000006,898.000000000006,898.1100000000006,898.000000000006,898.1200000000006,898.000000000006,898.1200000000006,898.000000000006,898.1200000000006,898.000000000006,898.1200000000006,898.010000000006,898.010000000006,898.020000000006,898.030000000006,898.0500000000062,898.0500000000062,898.0600000000062,898.0600000000062,898.0900000000062,898.1100000000062,898.1100000000062,898.1100000000062,898.1300000000061,898.1300000000061,898.1400000000061,898.1400000000061,898.1400000000061,898.2000000000061,898.220000000006,898.4400000000005,898.240000000006,898.240000000006,898.240000000006,898.240000000006,898.260000000006,898.260000000006,898.280000000006,898.310000000006,898.310000000006,898.310000000006,898.330000000006,898.3500000000059,898.3500000000059,898.3500000000059,898.3700000000059,898.3700000000059,898.3700000000059,898.4000000000059,898.4200000000059,898.4300000000059,898.4300000000059,898.4600000000061,898.4600000000061,898.490000000006,898.490000000006,898.7600000000007,898.7600000000007,898.520000000006,898.520000000006,898.520000000006,898.520000000006,898.520000000006,898.550000000006,898.580000000006,898.580000000006,898.590000000006,898.6400000000059,898.6600000000059,898.6600000000059,898.6600000000059,898.6900000000061,898.740000000006,898.770000000006,899.0900000000006,899.0900000000006,899.0900000000006,899.0900000000006,898.800000000006,898.830000000006,898.830000000006,898.830000000006,898.8900000000061,898.9400000000061,898.9400000000061,898.970000000006,898.970000000006,898.970000000006,899.010000000006,899.010000000006,899.010000000006,899.010000000006,899.010000000006,899.010000000006,899.4100000000005,899.010000000006,899.4100000000005,899.010000000006,899.4100000000005,899.4100000000005,899.4100000000005,899.4100000000005,899.4100000000005,899.4100000000005,899.040000000006,899.040000000006,899.1000000000059,899.1000000000059,899.2000000000058,899.2000000000058,899.7400000000007,899.7400000000007,899.2400000000058,899.2400000000058,899.3100000000057,899.3100000000057,899.3100000000057,899.3500000000057,899.3900000000059,899.4300000000059,900.0600000000006,899.5100000000058,900.0600000000006,899.5100000000058,900.0600000000006,900.0600000000006,900.0600000000006,900.0600000000006,900.0600000000006,900.0600000000006,899.5500000000058,899.5900000000057,899.6200000000059,899.6600000000059,899.6600000000059,899.6600000000059,899.7300000000058,899.7700000000058,899.7700000000058,899.7700000000058,899.7700000000058,899.7700000000058,900.0600000000006,900.0600000000006,900.0600000000006,900.0600000000006,899.8100000000057,899.9300000000056,899.9700000000056,899.9700000000056,899.9700000000056,899.9700000000056,899.9700000000056,900.0100000000056,900.0100000000056,900.0100000000056,900.0100000000056,900.0100000000056,900.0500000000058,900.0600000000006,900.0600000000006,900.0600000000006,900.0600000000006,900.1000000000057,900.1000000000057,900.1000000000057,900.1000000000057,900.1000000000057,900.1500000000057,900.1500000000057,900.1900000000056,900.1900000000056,900.1900000000056,900.1900000000056,900.1900000000056,900.1900000000056,900.2400000000058,900.2800000000058,900.2800000000058,900.2800000000058,900.2900000000058,900.2900000000058,900.2900000000058,900.2900000000058,900.2900000000058,900.0600000000006,900.0600000000006,900.0600000000006,900.0600000000006,900.0600000000006,900.0600000000006,900.0600000000006,900.0600000000006,900.0600000000006,900.0600000000006,900.0600000000006,900.0600000000006,900.0600000000006,900.3800000000057,900.0600000000006,900.0600000000006,900.0600000000006,900.0600000000006,900.4200000000056,900.4200000000056,900.4200000000056,900.5200000000058,900.5700000000057,900.5700000000057,900.5700000000057,900.5700000000057,900.5700000000057,900.6100000000057,900.6500000000057,900.6500000000057,900.6500000000057,900.0600000000006,900.0600000000006,900.0600000000006,900.0600000000006,900.0600000000006,900.0600000000006,900.0600000000006,900.0600000000006,900.0600000000006,900.0600000000006,900.0600000000006,900.0600000000006,900.6900000000056,900.0600000000006,900.6900000000056,900.0600000000006,900.6900000000056,900.0600000000006,900.0600000000006,900.0600000000006,900.0600000000006,900.0700000000006,900.0700000000006,900.0700000000006,900.0700000000006,900.0700000000006,900.7800000000055,900.7800000000055,900.8300000000055,900.8300000000055,900.8300000000055,900.9300000000056,900.9300000000056,900.9800000000056,900.9800000000056,900.9800000000056,900.4000000000005,900.4000000000005,900.4000000000005,900.4100000000005,900.4100000000005,900.4100000000005,900.4100000000005,900.4100000000005,900.4100000000005,901.0300000000055,900.4100000000005,900.4100000000005,900.4100000000005,900.4100000000005,900.4100000000005,900.4100000000005,901.1300000000057,901.1300000000057,901.1300000000057,901.1800000000056,901.1800000000056,901.2400000000056,901.2900000000055,901.3400000000057,901.3400000000057,900.7400000000007,900.7400000000007,900.7400000000007,900.7400000000007,900.7400000000007,900.7400000000007,901.3900000000057,901.4500000000056,901.4500000000056,901.4500000000056,901.4500000000056,901.4500000000056,901.5100000000056,901.6200000000057,901.0600000000006,901.0600000000006,901.0600000000006,901.6800000000056,901.0600000000006,901.0600000000006,901.0600000000006,901.0600000000006,901.7300000000056,901.7300000000056,901.8400000000057,901.8400000000057,901.9000000000057,901.9000000000057,901.9000000000057,901.3900000000006,901.3900000000006,901.3900000000006,901.3900000000006,901.3900000000006,901.3900000000006,902.0100000000058,901.3900000000006,901.3900000000006,901.3900000000006,901.3900000000006,901.3900000000006,901.3900000000006,901.3900000000006,901.3900000000006,901.3900000000006,902.0700000000057,902.1300000000057,902.1900000000056,902.1900000000056,902.1900000000056,902.2500000000058,902.2500000000058,901.3900000000006,901.3900000000006,901.3900000000006,901.3900000000006,901.3900000000006,902.3600000000057,901.3900000000006,902.3600000000057,901.3900000000006,902.3600000000057,901.3900000000006,901.3900000000006,902.4200000000056,902.4200000000056,902.6000000000057,901.3900000000006,901.3900000000006,902.7300000000058,902.7300000000058,902.8000000000058,902.8000000000058,902.8600000000057,902.9200000000056,902.9900000000058,902.9900000000058,902.9900000000058,902.9900000000058,901.3900000000006,901.3900000000006,901.3900000000006,901.3900000000006,901.3900000000006,903.1200000000057,903.1200000000057,903.1900000000059,903.2600000000058,903.2600000000058,903.2600000000058,901.3900000000006,903.2600000000058,901.3900000000006,901.3900000000006,901.3900000000006,901.3900000000006,901.3900000000006,901.3900000000006,901.3900000000006,901.3900000000006,901.3900000000006,901.3900000000006,901.3900000000006,901.3900000000006,901.3900000000006,901.3900000000006,901.3900000000006,901.3900000000006,901.3900000000006,901.3900000000006,901.3900000000006,901.3900000000006,903.3300000000057,901.3900000000006,903.3300000000057,901.3900000000006,903.3300000000057,901.3900000000006,901.3900000000006,901.3900000000006,901.3900000000006,901.3900000000006,901.3900000000006,901.3900000000006,901.4000000000005,901.4000000000005,901.4000000000005,901.4000000000005,901.4000000000005,901.4000000000005,901.4000000000005,901.4000000000005,901.4000000000005,901.4000000000005,901.4000000000005,901.4000000000005,903.3900000000059,901.4000000000005,901.4000000000005,901.4000000000005,901.4000000000005,901.4100000000005,901.4100000000005,901.4100000000005,901.4100000000005,901.4100000000005,901.4100000000005,901.4100000000005,901.4100000000005,901.4100000000005,901.4100000000005,901.4100000000005,901.4100000000005,901.4100000000005,901.4100000000005,901.4100000000005,901.4100000000005,901.4100000000005,901.4100000000005,901.4100000000005,901.4100000000005,901.4100000000005,901.4100000000005,901.4100000000005,901.4100000000005,901.4100000000005,901.4100000000005,901.4100000000005,901.4100000000005,901.4100000000005,901.4100000000005,901.4100000000005,901.4100000000005,901.4100000000005,901.4100000000005,903.5200000000058,901.4100000000005,903.5200000000058,901.4100000000005,901.4100000000005,901.4200000000005,901.4200000000005,901.4200000000005,901.4200000000005,901.4200000000005,901.4200000000005,901.4300000000005,901.4300000000005,901.4300000000005,901.4300000000005,901.4300000000005,901.4300000000005,901.4300000000005,901.4300000000005,901.4300000000005,901.4300000000005,901.4300000000005,901.4300000000005,901.4300000000005,901.4300000000005,901.4300000000005,901.4300000000005,901.4300000000005,901.4300000000005,901.4300000000005,901.4300000000005,901.4300000000005,901.4300000000005,901.4300000000005,901.4300000000005,901.4300000000005,901.4300000000005,901.4300000000005,901.4300000000005,903.590000000006,901.4300000000005,903.590000000006,901.4300000000005,903.590000000006,901.4300000000005,903.590000000006,901.4300000000005,903.590000000006,901.4300000000005,901.4300000000005,901.4300000000005,901.4300000000005,901.4300000000005,901.4300000000005,901.4300000000005,901.4300000000005,901.4300000000005,901.4300000000005,901.4300000000005,901.4300000000005,901.4300000000005,901.4300000000005,901.4300000000005,901.4300000000005,901.4300000000005,901.4300000000005,901.4300000000005,903.6500000000059,901.4300000000005,903.6500000000059,901.4300000000005,903.6500000000059,901.4300000000005,903.6600000000059,901.4300000000005,901.4300000000005,901.4300000000005,901.4300000000005,901.4300000000005,901.4300000000005,901.4300000000005,901.4300000000005,901.4300000000005,901.4300000000005,903.7300000000058,903.7300000000058,903.800000000006,903.8700000000059,903.8700000000059,903.8700000000059,903.8700000000059,903.8700000000059,903.8700000000059,903.8700000000059,903.8700000000059,901.7600000000004,901.7600000000004,901.7600000000004,901.7600000000004,901.7600000000004,901.7700000000004,901.7700000000004,904.010000000006,901.7700000000004,904.010000000006,901.7700000000004,901.7700000000004,901.7700000000004,901.7700000000004,901.7700000000004,901.7700000000004,901.7700000000004,901.7700000000004,901.7700000000004,901.7700000000004,901.7700000000004,901.7700000000004,901.7700000000004,901.7700000000004,901.7700000000004,901.7700000000004,901.7700000000004,901.7700000000004,901.7700000000004,901.7700000000004,901.7700000000004,904.080000000006,901.7700000000004,901.7700000000004,901.7700000000004,901.7700000000004,901.7700000000004,901.7700000000004,901.7700000000004,901.7700000000004,901.7700000000004,901.7700000000004,901.7700000000004,901.7700000000004,901.7700000000004,901.7700000000004,901.7700000000004,901.7700000000004,901.7700000000004,901.7700000000004,901.7700000000004,901.7700000000004,901.7700000000004,904.1500000000059,901.7700000000004,904.1500000000059,901.7700000000004,901.7700000000004,904.1500000000059,901.7700000000004,901.7700000000004,901.7700000000004,901.7700000000004,901.7700000000004,901.7700000000004,901.7700000000004,901.7700000000004,901.7700000000004,901.7700000000004,901.7700000000004,901.7700000000004,901.7700000000004,901.7700000000004,901.7700000000004,901.7700000000004,901.7700000000004,901.7700000000004,901.7700000000004,901.7700000000004,901.7700000000004,901.7700000000004,901.7700000000004,901.7700000000004,901.7700000000004,901.7700000000004,901.7700000000004,901.7700000000004,901.7700000000004,901.7700000000004,901.7700000000004,901.7700000000004,901.7700000000004,901.7700000000004,901.7700000000004,901.7700000000004,901.7700000000004,901.7700000000004,901.7700000000004,901.7700000000004,904.220000000006,901.7800000000007,901.7800000000007,901.7800000000007,901.7800000000007,901.7800000000007,901.7800000000007,901.7900000000006,901.7900000000006,901.7900000000006,901.7900000000006,901.7900000000006,901.7900000000006,901.7900000000006,901.7900000000006,901.7900000000006,901.7900000000006,901.7900000000006,901.7900000000006,901.7900000000006,901.7900000000006,901.7900000000006,901.7900000000006,904.300000000006,901.7900000000006,904.300000000006,901.7900000000006,901.7900000000006,901.7900000000006,901.7900000000006,901.7900000000006,901.7900000000006,901.7900000000006,901.7900000000006,901.7900000000006,904.4400000000061,904.4400000000061,904.510000000006,904.580000000006,904.580000000006,904.5900000000062,904.5900000000062,904.5900000000062,904.5900000000062,901.7900000000006,901.7900000000006,901.7900000000006,901.7900000000006,901.7900000000006,901.7900000000006,901.7900000000006,901.7900000000006,901.7900000000006,901.7900000000006,904.6600000000061,901.7900000000006,904.6600000000061,904.730000000006,904.810000000006,904.8900000000061,904.9600000000061,902.1100000000008,902.1100000000008,902.1100000000008,902.1100000000008,902.1100000000008,902.1100000000008,902.1100000000008,902.1100000000008,902.1100000000008,902.1100000000008,902.1100000000008,902.1100000000008,902.1100000000008,902.1100000000008,902.1100000000008,902.1100000000008,905.030000000006,902.1100000000008,902.1100000000008,902.1100000000008,902.1100000000008,902.1100000000008,902.1100000000008,902.1100000000008,902.1100000000008,902.1100000000008,902.1100000000008,902.1100000000008,902.1100000000008,902.1100000000008,902.1100000000008,902.1100000000008,902.1100000000008,902.1100000000008,902.1100000000008,902.1100000000008,902.1100000000008,902.1100000000008,902.1100000000008,905.1100000000062,902.1100000000008,902.1100000000008,902.1100000000008,902.1100000000008,902.1100000000008,902.1100000000008,902.1100000000008,902.1100000000008,902.1100000000008,902.1100000000008,902.1100000000008,902.1100000000008,902.1100000000008,902.1100000000008,902.1100000000008,902.1100000000008,902.1100000000008,902.1100000000008,902.1100000000008,902.1100000000008,902.1100000000008,902.1200000000008,905.1900000000061,902.1200000000008,902.1200000000008,902.1200000000008,902.1200000000008,902.1200000000008,902.1200000000008,902.1200000000008,902.1200000000008,902.1200000000008,902.1200000000008,902.1200000000008,902.1200000000008,902.1200000000008,902.1200000000008,902.1200000000008,902.1200000000008,902.1200000000008,902.1200000000008,902.1200000000008,902.1200000000008,902.1200000000008,902.1200000000008,902.1200000000008,905.270000000006,902.1300000000008,905.270000000006,902.1300000000008,905.280000000006,902.1300000000008,905.280000000006,902.1400000000008,902.1400000000008,902.1400000000008,902.1400000000008,902.1400000000008,902.1400000000008,902.1400000000008,902.1400000000008,902.1400000000008,902.1400000000008,902.1400000000008,902.1400000000008,902.1400000000008,902.1400000000008,905.4300000000061,905.5800000000062,902.4700000000007,902.4700000000007,902.4700000000007,902.4700000000007,902.4700000000007,902.4700000000007,902.4700000000007,902.4700000000007,902.4700000000007,902.4700000000007,902.4700000000007,902.4700000000007,902.4700000000007,902.4700000000007,902.4700000000007,902.4700000000007,902.4700000000007,902.4700000000007,902.4700000000007,902.4700000000007,902.4700000000007,902.4700000000007,902.4700000000007,902.4700000000007,902.4700000000007,902.4700000000007,902.4700000000007,902.4700000000007,902.4700000000007,902.4700000000007,902.4700000000007,902.4700000000007,902.4700000000007,902.4700000000007,902.4700000000007,902.4700000000007,902.4700000000007,902.4700000000007,902.4700000000007,902.4700000000007,902.4700000000007,902.4700000000007,905.8100000000062,902.4700000000007,902.4700000000007,902.4700000000007,902.4700000000007,902.4700000000007,902.4700000000007,902.4700000000007,902.4700000000007,902.4700000000007,902.4700000000007,902.4700000000007,902.4700000000007,902.4700000000007,902.4700000000007,902.4700000000007,902.4700000000007,902.4700000000007,902.4700000000007,902.4700000000007,902.4700000000007,902.4700000000007,902.4700000000007,902.4700000000007,902.4700000000007,902.4700000000007,902.4700000000007,902.4700000000007,902.4700000000007,902.4700000000007,902.4700000000007,902.4700000000007,902.4700000000007,902.4800000000007,902.4800000000007,902.4800000000007,902.4800000000007,902.4800000000007,902.4800000000007,902.4800000000007,902.4800000000007,905.970000000006,902.4800000000007,905.970000000006,902.4800000000007,902.4800000000007,902.4800000000007,902.4800000000007,902.4800000000007,902.4800000000007,902.4800000000007,902.4800000000007,902.4800000000007,902.4800000000007,902.4800000000007,902.4800000000007,902.4800000000007,902.4800000000007,902.4800000000007,902.4800000000007,902.4800000000007,902.4900000000007,902.4900000000007,902.4900000000007,906.0500000000062,902.4900000000007,902.4900000000007,902.4900000000007,902.4900000000007,902.4900000000007,902.4900000000007,902.4900000000007,902.4900000000007,902.4900000000007,902.4900000000007,902.4900000000007,902.4900000000007,902.4900000000007,902.4900000000007,902.4900000000007,902.4900000000007,902.4900000000007,902.4900000000007,902.4900000000007,902.4900000000007,906.1300000000061,902.4900000000007,906.1300000000061,902.4900000000007,906.1300000000061,902.4900000000007,906.1300000000061,902.4900000000007,906.1300000000061,902.4900000000007,906.1300000000061,902.4900000000007,906.1300000000061,902.4900000000007,906.1300000000061,902.4900000000007,906.1300000000061,902.4900000000007,906.1300000000061,902.4900000000007,902.4900000000007,902.4900000000007,902.4900000000007,906.2100000000061,906.2900000000062,906.2900000000062,906.2900000000062,906.2900000000062,902.8300000000008,906.3800000000061,902.8300000000008,902.8300000000008,906.4600000000063,906.4600000000063,906.6200000000061,906.6200000000061,906.6200000000061,906.6200000000061,906.6200000000061,906.6200000000061,906.6200000000061,906.6200000000061,903.1600000000008,903.1600000000008,903.1600000000008,903.1600000000008,903.1600000000008,903.1600000000008,903.1600000000008,903.1600000000008,903.1600000000008,903.1600000000008,903.1700000000008,903.1700000000008,903.1700000000008,903.1700000000008,903.1700000000008,903.1700000000008,903.1700000000008,903.1700000000008,903.1700000000008,903.1700000000008,903.1700000000008,903.1700000000008,903.1700000000008,903.1700000000008,903.1700000000008,903.1700000000008,903.1700000000008,903.1700000000008,903.1700000000008,903.1700000000008,903.1700000000008,903.1700000000008,903.1700000000008,903.1700000000008,903.1700000000008,903.1700000000008,903.1700000000008,903.1700000000008,903.1700000000008,903.1700000000008,903.1700000000008,903.1700000000008,903.1700000000008,903.1700000000008,903.1800000000007,903.1800000000007,903.1800000000007,903.1800000000007,903.1800000000007,903.1800000000007,903.1800000000007,903.1800000000007,903.1800000000007,903.1800000000007,903.1800000000007,903.1800000000007,903.1800000000007,906.790000000006,903.1800000000007,906.790000000006,903.1900000000007,906.790000000006,903.1900000000007,903.1900000000007,903.1900000000007,903.1900000000007,903.1900000000007,903.1900000000007,903.1900000000007,903.1900000000007,903.1900000000007,903.1900000000007,903.1900000000007,903.1900000000007,903.1900000000007,903.1900000000007,903.1900000000007,903.1900000000007,903.1900000000007,903.1900000000007,903.1900000000007,903.1900000000007,903.1900000000007,903.1900000000007,903.1900000000007,903.1900000000007,903.1900000000007,906.8800000000059,903.2000000000007,903.2000000000007,903.2000000000007,903.2000000000007,903.2000000000007,903.2000000000007,903.2000000000007,903.2000000000007,903.2000000000007,903.2000000000007,903.2000000000007,903.2000000000007,903.2000000000007,903.2000000000007,903.2000000000007,903.2000000000007,903.2000000000007,903.2000000000007,903.2000000000007,903.2000000000007,903.2000000000007,903.2000000000007,903.2000000000007,903.2000000000007,903.2000000000007,903.2000000000007,903.2000000000007,903.2000000000007,903.2000000000007,903.2000000000007,903.2000000000007,903.2000000000007,903.2000000000007,903.2000000000007,903.2000000000007,903.2000000000007,903.2000000000007,903.2000000000007,903.2000000000007,903.2000000000007,903.2000000000007,903.2000000000007,903.2000000000007,903.2000000000007,903.2000000000007,906.9600000000058,903.2000000000007,906.9600000000058,903.2000000000007,903.2000000000007,903.2000000000007,903.2000000000007,903.2000000000007,903.2000000000007,903.2000000000007,903.2000000000007,903.2000000000007,903.2000000000007,903.2000000000007,903.2000000000007,903.2000000000007,903.2000000000007,907.0400000000058,907.1200000000057,907.1200000000057,907.1200000000057,907.2100000000058,907.2100000000058,907.2100000000058,907.3000000000058,907.3000000000058,907.3000000000058,903.5400000000006,907.3000000000058,903.5400000000006,903.5400000000006,903.5400000000006,903.5400000000006,903.5400000000006,903.5400000000006,903.5400000000006,903.5400000000006,903.5400000000006,903.5400000000006,903.5400000000006,903.5400000000006,903.5400000000006,903.5400000000006,903.5400000000006,903.5400000000006,903.5400000000006,903.5400000000006,903.5400000000006,903.5400000000006,903.5400000000006,903.5400000000006,903.5400000000006,903.5400000000006,903.5400000000006,907.3900000000059,903.5400000000006,903.5400000000006,907.3900000000059,903.5400000000006,903.5400000000006,903.5400000000006,903.5400000000006,903.5400000000006,903.5400000000006,903.5400000000006,903.5400000000006,903.5400000000006,903.5400000000006,903.5400000000006,903.5500000000006,903.5500000000006,903.5500000000006,903.5500000000006,903.5500000000006,903.5500000000006,903.5500000000006,903.5500000000006,903.5500000000006,903.5500000000006,903.5500000000006,903.5500000000006,903.5500000000006,903.5500000000006,903.5500000000006,903.5500000000006,903.5500000000006,903.5500000000006,903.5500000000006,903.5500000000006,903.5500000000006,903.5500000000006,903.5500000000006,903.5500000000006,903.5500000000006,903.5500000000006,903.5500000000006,903.5500000000006,903.5500000000006,903.5500000000006,903.5500000000006,903.5500000000006,903.5500000000006,903.5500000000006,903.5500000000006,903.5500000000006,903.5500000000006,903.5500000000006,903.5500000000006,903.5500000000006,907.5700000000057,903.5500000000006,903.5500000000006,903.5500000000006,903.5500000000006,903.5500000000006,903.5500000000006,903.5500000000006,903.5600000000006,903.5600000000006,903.5600000000006,903.5600000000006,903.5600000000006,903.5600000000006,903.5600000000006,903.5600000000006,903.5600000000006,903.5600000000006,903.5600000000006,903.5600000000006,903.5600000000006,903.5600000000006,903.5600000000006,903.5600000000006,903.5600000000006,903.5600000000006,903.5600000000006,903.5600000000006,907.6600000000059,903.5600000000006,907.6600000000059,903.5600000000006,903.5600000000006,907.6600000000059,903.5600000000006,903.5600000000006,903.5600000000006,903.5600000000006,903.5600000000006,903.5600000000006,903.5600000000006,903.5700000000006,903.5700000000006,903.5700000000006,903.5700000000006,903.5700000000006,903.5700000000006,903.5700000000006,903.5700000000006,903.5700000000006,903.5700000000006,903.5700000000006,903.5700000000006,903.5700000000006,903.5700000000006,903.5700000000006,903.5700000000006,903.5700000000006,903.5700000000006,903.5700000000006,907.7500000000058,903.5700000000006,907.7500000000058,903.5700000000006,903.5700000000006,903.5700000000006,903.5700000000006,903.5700000000006,903.5700000000006,903.5700000000006,903.5700000000006,903.5700000000006,903.5700000000006,903.5700000000006,903.5700000000006,903.5700000000006,903.5700000000006,903.5700000000006,903.5700000000006,903.5700000000006,903.5700000000006,903.5700000000006,903.5700000000006,903.5700000000006,903.5700000000006,903.5700000000006,903.5700000000006,903.5700000000006,903.5700000000006,903.5700000000006,903.5700000000006,903.5700000000006,903.5700000000006,903.5700000000006,903.5700000000006,903.5700000000006,903.5700000000006,903.5700000000006,903.5700000000006,903.5700000000006,903.5700000000006,903.5700000000006,903.5700000000006,903.5700000000006,903.5700000000006,903.5700000000006,903.5700000000006,903.5700000000006,903.5700000000006,903.5700000000006,903.5700000000006,903.5700000000006,903.5700000000006,903.5700000000006,903.5700000000006,903.5700000000006,907.8400000000057,903.5700000000006,907.8400000000057,903.5800000000006,907.8400000000057,903.5800000000006,907.8400000000057,903.5800000000006,903.5800000000006,903.5800000000006,903.5800000000006,903.5800000000006,903.5800000000006,903.5800000000006,903.5800000000006,903.5800000000006,903.5800000000006,903.5800000000006,903.5800000000006,903.5800000000006,903.5800000000006,903.5800000000006,903.5800000000006,903.5800000000006,903.5800000000006,903.5800000000006,903.5800000000006,903.5800000000006,903.5800000000006,903.5800000000006,903.5800000000006,903.5800000000006,903.5800000000006,903.5800000000006,903.5800000000006,903.5800000000006,903.5800000000006,903.5800000000006,903.5800000000006,903.5800000000006,903.5800000000006,903.5800000000006,903.5800000000006,903.5800000000006,903.5800000000006,903.5800000000006,903.5800000000006,903.5800000000006,903.5800000000006,903.5800000000006,903.5800000000006,903.5800000000006,903.5800000000006,903.5800000000006,903.5900000000006,903.5900000000006,903.5900000000006,907.9300000000056,903.5900000000006,907.9300000000056,903.5900000000006,907.9300000000056,903.5900000000006,903.5900000000006,903.5900000000006,903.5900000000006,903.5900000000006,903.5900000000006,903.5900000000006,903.5900000000006,903.5900000000006,903.5900000000006,903.5900000000006,903.5900000000006,903.5900000000006,903.5900000000006,903.5900000000006,903.5900000000006,903.5900000000006,903.5900000000006,903.5900000000006,903.5900000000006,903.5900000000006,903.5900000000006,903.5900000000006,903.5900000000006,907.9300000000056,903.5900000000006,903.5900000000006,903.5900000000006,903.5900000000006,903.5900000000006,903.5900000000006,903.5900000000006,903.5900000000006,903.5900000000006,908.0200000000056,908.2000000000056,903.5900000000006,903.5900000000006,908.2900000000058,903.5900000000006,903.5900000000006,903.5900000000006,903.5900000000006,903.5900000000006,903.5900000000006,903.5900000000006,903.5900000000006,903.5900000000006,903.5900000000006,903.5900000000006,903.5900000000006,903.5900000000006,903.5900000000006,903.5900000000006,903.5900000000006,903.5900000000006,903.5900000000006,903.6000000000006,903.6000000000006,903.6000000000006,903.6000000000006,903.6000000000006,903.6000000000006,903.6000000000006,903.6000000000006,908.3800000000057,903.6000000000006,903.6000000000006,903.6000000000006,903.6000000000006,903.6000000000006,903.6000000000006,903.6000000000006,903.6000000000006,903.6000000000006,903.6000000000006,903.6000000000006,903.6000000000006,903.6000000000006,903.6000000000006,903.6000000000006,903.6000000000006,903.6000000000006,903.6000000000006,903.6000000000006,903.6000000000006,903.6000000000006,903.6000000000006,903.6000000000006,908.4700000000056,908.5700000000055,908.6600000000054,903.6000000000006,903.6000000000006,903.6000000000006,903.6000000000006,903.6000000000006,903.6000000000006,903.6000000000006,903.6000000000006,903.6000000000006,903.6000000000006,903.6000000000006,903.6000000000006,903.6000000000006,903.6000000000006,903.6000000000006,903.6000000000006,903.6000000000006,903.6000000000006,903.6100000000006,908.7500000000056,903.6100000000006,908.7500000000056,903.6100000000006,903.6200000000006,908.7500000000056,903.6200000000006,908.7500000000056,903.6200000000006,908.7500000000056,903.6200000000006,908.7500000000056,903.6200000000006,908.7500000000056,903.6200000000006,903.6200000000006,903.6200000000006,903.6200000000006,903.6200000000006,903.6200000000006,903.6200000000006,903.6200000000006,903.6200000000006,903.6200000000006,903.6200000000006,903.6200000000006,903.6200000000006,903.6200000000006,903.6200000000006,903.6200000000006,903.6200000000006,903.6200000000006,903.6200000000006,903.6200000000006,903.6200000000006,903.6200000000006,903.6200000000006,903.6200000000006,903.6200000000006,908.8500000000055,903.6200000000006,903.6200000000006,903.6200000000006,903.6200000000006,903.6200000000006,903.6200000000006,903.6200000000006,903.6200000000006,903.6200000000006,903.6200000000006,903.6200000000006,903.6200000000006,903.6200000000006,903.6200000000006,903.6200000000006,903.6200000000006,903.6200000000006,909.0400000000055,909.0500000000055,909.0500000000055,909.0500000000055,909.0500000000055,909.0500000000055,909.0500000000055,909.1400000000057,903.9500000000005,903.9500000000005,903.9500000000005,903.9500000000005,903.9500000000005,909.2300000000056,903.9500000000005,909.2300000000056,903.9500000000005,903.9500000000005,903.9500000000005,903.9500000000005,903.9500000000005,903.9500000000005,903.9500000000005,903.9500000000005,903.9500000000005,903.9500000000005,903.9500000000005,903.9500000000005,903.9500000000005,903.9500000000005,903.9500000000005,903.9500000000005,903.9500000000005,903.9500000000005,903.9500000000005,903.9500000000005,903.9500000000005,903.9500000000005,903.9500000000005,903.9500000000005,903.9500000000005,909.3300000000055,903.9500000000005,903.9500000000005,903.9500000000005,903.9500000000005,903.9500000000005,903.9500000000005,903.9500000000005,903.9500000000005,903.9500000000005,903.9500000000005,903.9500000000005,903.9500000000005,903.9500000000005,903.9500000000005,903.9500000000005,903.9500000000005,903.9500000000005,903.9500000000005,903.9500000000005,903.9500000000005,903.9500000000005,903.9500000000005,903.9500000000005,903.9500000000005,903.9500000000005,903.9500000000005,903.9500000000005,903.9500000000005,903.9500000000005,903.9600000000005,903.9600000000005,903.9600000000005,903.9600000000005,903.9600000000005,903.9600000000005,903.9700000000005,903.9700000000005,903.9700000000005,903.9700000000005,903.9700000000005,903.9700000000005,903.9700000000005,903.9700000000005,903.9700000000005,903.9700000000005,903.9700000000005,903.9700000000005,903.9700000000005,903.9700000000005,909.4300000000056,903.9700000000005,903.9700000000005,903.9700000000005,903.9700000000005,903.9700000000005,903.9700000000005,903.9700000000005,903.9700000000005,903.9700000000005,903.9700000000005,903.9700000000005,903.9700000000005,903.9700000000005,903.9700000000005,903.9700000000005,903.9700000000005,903.9700000000005,903.9700000000005,903.9700000000005,903.9700000000005,903.9700000000005,903.9700000000005,903.9700000000005,903.9700000000005,903.9700000000005,903.9700000000005,903.9700000000005,903.9700000000005,909.5300000000058,903.9800000000005,903.9800000000005,903.9800000000005,903.9800000000005,903.9800000000005,903.9800000000005,903.9800000000005,903.9800000000005,903.9800000000005,903.9800000000005,903.9800000000005,903.9800000000005,903.9800000000005,903.9800000000005,903.9800000000005,903.9800000000005,903.9800000000005,903.9800000000005,903.9800000000005,903.9800000000005,903.9800000000005,903.9800000000005,903.9800000000005,903.9800000000005,903.9800000000005,903.9800000000005,903.9800000000005,903.9800000000005,903.9800000000005,903.9800000000005,903.9800000000005,903.9800000000005,903.9800000000005,903.9800000000005,903.9800000000005,903.9800000000005,903.9800000000005,903.9800000000005,903.9800000000005,903.9800000000005,903.9800000000005,903.9800000000005,903.9800000000005,903.9900000000005,903.9900000000005,903.9900000000005,903.9900000000005,903.9900000000005,903.9900000000005,903.9900000000005,903.9900000000005,903.9900000000005,903.9900000000005,903.9900000000005,903.9900000000005,903.9900000000005,903.9900000000005,909.7200000000056,903.9900000000005,909.7200000000056,903.9900000000005,903.9900000000005,903.9900000000005,903.9900000000005,903.9900000000005,903.9900000000005,903.9900000000005,903.9900000000005,903.9900000000005,903.9900000000005,903.9900000000005,903.9900000000005,903.9900000000005,903.9900000000005,903.9900000000005,903.9900000000005,903.9900000000005,903.9900000000005,903.9900000000005,903.9900000000005,903.9900000000005,903.9900000000005,903.9900000000005,903.9900000000005,903.9900000000005,903.9900000000005,903.9900000000005,909.8200000000057,903.9900000000005,909.8200000000057,903.9900000000005,909.8200000000057,904.0000000000005,909.8200000000057,904.0000000000005,909.8200000000057,904.0000000000005,904.0000000000005,904.0000000000005,904.0000000000005,904.0000000000005,904.0000000000005,904.0000000000005,904.0000000000005,904.0000000000005,904.0100000000004,904.0100000000004,904.0100000000004,904.0100000000004,904.0100000000004,904.0100000000004,904.0100000000004,904.0100000000004,904.0100000000004,904.0100000000004,904.0100000000004,904.0100000000004,904.0100000000004,904.0100000000004,904.0100000000004,904.0200000000004,904.0200000000004,909.9200000000056,904.0200000000004,904.0200000000004,904.0200000000004,904.0200000000004,904.0200000000004,904.0200000000004,904.0200000000004,904.0200000000004,904.0200000000004,904.0200000000004,904.0200000000004,904.0200000000004,904.0200000000004,904.0200000000004,904.0200000000004,904.0200000000004,904.0200000000004,904.0200000000004,904.0200000000004,904.0200000000004,904.0200000000004,904.0200000000004,904.0200000000004,904.0200000000004,904.0200000000004,904.0200000000004,910.0200000000058,904.0200000000004,910.0200000000058,904.0200000000004,904.0200000000004,904.0200000000004,904.0200000000004,904.0200000000004,904.0200000000004,904.0200000000004,904.0200000000004,904.0200000000004,904.0200000000004,904.0200000000004,904.0200000000004,904.0200000000004,904.0200000000004,904.0200000000004,904.0200000000004,904.0200000000004,904.0200000000004,904.0200000000004,904.0200000000004,904.0200000000004,904.0200000000004,904.0200000000004,904.0200000000004,904.0200000000004,904.0200000000004,910.1200000000057,904.0200000000004,904.0200000000004,904.0200000000004,904.0200000000004,904.0200000000004,904.0200000000004,904.0200000000004,904.0200000000004,904.0200000000004,904.0200000000004,904.0200000000004,904.0200000000004,904.0200000000004,904.0200000000004,904.0200000000004,904.0200000000004,904.0200000000004,904.0200000000004,904.0200000000004,904.0200000000004,904.0200000000004,904.0200000000004,904.0200000000004,904.0200000000004,904.0200000000004,904.0200000000004,904.0200000000004,904.0200000000004,910.2200000000058,904.0200000000004,910.2200000000058,904.0200000000004,910.2300000000058,904.0200000000004,904.0200000000004,904.0200000000004,904.0200000000004,904.0200000000004,904.0200000000004,904.0200000000004,904.0200000000004,904.0200000000004,904.0200000000004,904.0200000000004,904.0200000000004,904.0200000000004,904.0200000000004,904.0200000000004,904.0200000000004,904.0200000000004,904.0200000000004,904.0200000000004,904.0200000000004,904.0200000000004,904.0200000000004,904.0200000000004,904.0200000000004,904.0200000000004,904.0200000000004,904.0200000000004,904.0200000000004,910.3300000000057,904.0200000000004,910.3300000000057,904.0200000000004,910.3300000000057,904.0200000000004,904.0200000000004,904.0200000000004,904.0200000000004,904.0200000000004,904.0200000000004,904.0200000000004,904.0200000000004,904.0200000000004,904.0200000000004,904.0200000000004,904.0200000000004,904.0200000000004,904.0200000000004,904.0200000000004,904.0200000000004,904.0200000000004,904.0200000000004,904.0200000000004,904.0200000000004,904.0200000000004,904.0200000000004,904.0200000000004,904.0200000000004,904.0200000000004,904.0200000000004,904.0200000000004,910.4300000000056,904.0200000000004,910.4300000000056,904.0200000000004,904.0200000000004,904.0200000000004,904.0200000000004,904.0200000000004,904.0200000000004,904.0200000000004,904.0200000000004,904.0200000000004,904.0200000000004,904.0200000000004,904.0200000000004,904.0200000000004,904.0200000000004,904.0200000000004,904.0200000000004,904.0200000000004,904.0200000000004,904.0200000000004,904.0300000000004,904.0300000000004,904.0300000000004,904.0300000000004,904.0300000000004,904.0300000000004,904.0300000000004,904.0300000000004,904.0300000000004,904.0300000000004,910.5300000000058,904.0300000000004,910.5300000000058,904.0300000000004,910.5300000000058,904.0300000000004,904.0400000000004,904.0400000000004,904.0400000000004,904.0400000000004,904.0400000000004,904.0400000000004,904.0400000000004,904.0400000000004,904.0400000000004,904.0400000000004,904.0500000000004,904.0500000000004,904.0500000000004,904.0500000000004,904.0500000000004,904.0500000000004,904.0500000000004,904.0500000000004,904.0500000000004,904.0500000000004,904.0500000000004,904.0500000000004,904.0500000000004,904.0500000000004,904.0500000000004,904.0500000000004,904.0500000000004,904.0500000000004,904.0500000000004,904.0500000000004,904.0500000000004,904.0500000000004,904.0500000000004,904.0500000000004,904.0500000000004,904.0500000000004,904.0500000000004,904.0500000000004,904.0500000000004,904.0500000000004,904.0500000000004,904.0500000000004,904.0500000000004,904.0500000000004,904.0500000000004,904.0500000000004,904.0500000000004,904.0500000000004,904.0500000000004,904.0500000000004,904.0500000000004,904.0500000000004,904.0500000000004,904.0500000000004,904.0500000000004,910.7300000000058,904.0500000000004,910.7300000000058,904.0500000000004,910.7300000000058,904.0500000000004,910.7300000000058,904.0500000000004,910.7300000000058,904.0600000000004,910.7300000000058,904.0600000000004,910.7300000000058,904.0600000000004,910.7300000000058,904.0700000000004,910.7300000000058,904.0700000000004,904.0700000000004,910.7300000000058,904.0700000000004,910.7300000000058,904.0700000000004,910.7300000000058,904.0700000000004,910.7300000000058,904.0700000000004,910.7300000000058,904.0700000000004,910.7300000000058,904.0700000000004,904.0700000000004,904.0700000000004,904.0800000000004,904.0800000000004,904.0800000000004,904.0800000000004,904.0800000000004,904.0800000000004,904.0800000000004,904.0800000000004,904.0800000000004,904.0800000000004,904.0800000000004,904.0800000000004,904.0800000000004,904.0800000000004,904.0800000000004,904.0800000000004,904.0800000000004,904.0800000000004,904.0800000000004,904.0800000000004,904.0800000000004,904.0800000000004,904.0800000000004,904.0800000000004,904.0800000000004,910.8300000000057,904.0800000000004,904.0900000000004,910.9300000000059,910.9300000000059,910.9300000000059,910.9300000000059,911.0300000000058,911.1300000000059,911.1300000000059,911.1300000000059,904.0900000000004,904.0900000000004,904.0900000000004,904.0900000000004,904.0900000000004,904.0900000000004,904.0900000000004,904.0900000000004,904.0900000000004,904.0900000000004,904.0900000000004,904.0900000000004,904.0900000000004,904.0900000000004,904.0900000000004,904.0900000000004,904.0900000000004,904.0900000000004,904.0900000000004,904.0900000000004,904.1000000000004,904.1000000000004,904.1000000000004,904.1000000000004,904.1000000000004,904.1000000000004,904.1000000000004,904.1000000000004,911.2400000000058,904.1000000000004,911.3400000000057,911.3400000000057,911.3400000000057,911.3500000000057,911.3500000000057,911.4600000000056,911.4600000000056,904.1000000000004,904.1000000000004,911.5700000000055,904.1000000000004,904.1000000000004,904.1000000000004,904.1000000000004,904.1000000000004,904.1000000000004,904.1000000000004,911.6700000000056,911.6700000000056,911.7800000000055,911.7800000000055,911.7800000000055,911.8800000000057,911.8800000000057,904.1000000000004,904.1000000000004,904.1000000000004,904.1000000000004,904.1000000000004,904.1000000000004,904.1100000000004,904.1100000000004,904.1100000000004,904.1100000000004,904.1100000000004,904.1100000000004,904.1100000000004,904.1200000000003,904.1200000000003,904.1200000000003,904.1200000000003,904.1200000000003,904.1200000000003,904.1200000000003,904.1200000000003,904.1200000000003,904.1200000000003,904.1200000000003,904.1200000000003,911.9900000000056,904.1200000000003,911.9900000000056,904.1200000000003,911.9900000000056,904.1200000000003,904.1200000000003,904.1200000000003,904.1200000000003,904.1200000000003,904.1200000000003,904.1200000000003,904.1200000000003,904.1200000000003,904.1200000000003,904.1300000000003,904.1300000000003,904.1300000000003,904.1300000000003,904.1300000000003,904.1300000000003,904.1300000000003,904.1300000000003,904.1300000000003,904.1300000000003,904.1300000000003,904.1300000000003,904.1300000000003,904.1300000000003,904.1300000000003,904.1300000000003,904.1300000000003,912.0900000000057,904.1300000000003,912.0900000000057,904.1300000000003,912.0900000000057,904.1300000000003,904.1300000000003,904.1300000000003,904.1300000000003,904.1300000000003,904.1300000000003,904.1300000000003,904.1300000000003,904.1300000000003,904.1300000000003,904.1300000000003,904.1300000000003,904.1300000000003,904.1300000000003,904.1300000000003,904.1300000000003,904.1300000000003,904.1300000000003,904.1300000000003,904.1300000000003,904.1300000000003,904.1300000000003,904.1300000000003,904.1300000000003,904.1300000000003,904.1300000000003,904.1300000000003,904.1300000000003,904.1300000000003,904.1300000000003,904.1300000000003,912.2000000000056,912.3100000000055,912.3100000000055,912.4100000000054,904.1300000000003,904.1300000000003,904.1300000000003,904.1300000000003,904.1300000000003,904.1300000000003,904.1300000000003,904.1300000000003,904.1300000000003,904.1300000000003,904.1300000000003,904.1300000000003,904.1300000000003,904.1300000000003,904.1300000000003,904.1300000000003,904.1300000000003,904.1300000000003,904.1300000000003,904.1300000000003,904.1300000000003,904.1300000000003,904.1300000000003,904.1300000000003,904.1300000000003,912.5100000000053,904.1300000000003,904.1300000000003,904.1300000000003,904.1300000000003,904.1300000000003,904.1300000000003,904.1300000000003,904.1300000000003,904.1300000000003,904.1300000000003,904.1300000000003,904.1300000000003,904.1300000000003,904.1300000000003,904.1300000000003,904.1300000000003,904.1300000000003,904.1300000000003,904.1300000000003,904.1300000000003,912.6200000000052,912.6200000000052,912.6200000000052,912.6200000000052,912.6200000000052,912.6200000000052,912.6200000000052,912.6200000000052,912.6200000000052,912.6200000000052,912.6200000000052,912.7300000000051,912.7300000000051,904.1300000000003,904.1300000000003,904.1300000000003,904.1300000000003,904.1300000000003,904.1300000000003,904.1300000000003,904.1300000000003,904.1400000000003,904.1400000000003,904.1400000000003,904.1400000000003,904.1400000000003,904.1400000000003,904.1400000000003,904.1400000000003,904.1400000000003,904.1400000000003,904.1400000000003,904.1400000000003,904.1400000000003,912.8400000000053,904.1400000000003,904.1400000000003,904.1400000000003,904.1400000000003,904.1400000000003,904.1400000000003,904.1400000000003,904.1400000000003,904.1400000000003,904.1400000000003,904.1400000000003,904.1400000000003,904.1400000000003,904.1400000000003,904.1400000000003,904.1400000000003,904.1400000000003,904.1400000000003,904.1400000000003,904.1400000000003,904.1400000000003,904.1400000000003,904.1400000000003,904.1400000000003,904.1400000000003,904.1400000000003,904.1400000000003,904.1400000000003,904.1400000000003,904.1500000000003,904.1500000000003,912.9500000000052,904.1500000000003,912.9500000000052,912.9500000000052,913.0600000000053,913.0600000000053,913.1700000000052,904.1500000000003,904.1500000000003,904.1500000000003,904.1500000000003,904.1500000000003,904.1500000000003,904.1500000000003,904.1500000000003,904.1500000000003,904.1500000000003,904.1500000000003,904.1500000000003,904.1500000000003,904.1500000000003,904.1500000000003,904.1500000000003,904.1500000000003,904.1500000000003,904.1500000000003,904.1500000000003,904.1500000000003,904.1500000000003,904.1500000000003,904.1500000000003,913.4000000000052,913.4000000000052,913.4000000000052,913.4000000000052,913.4000000000052,913.4000000000052,913.4000000000052,913.5100000000051,913.5100000000051,904.1500000000003,904.1500000000003,904.1500000000003,904.1500000000003,904.1500000000003,904.1500000000003,904.1500000000003,904.1500000000003,904.1500000000003,904.1500000000003,904.1500000000003,904.1500000000003,904.1500000000003,904.1500000000003,904.1600000000003,904.1600000000003,904.1600000000003,904.1600000000003,904.1600000000003,904.1600000000003,904.1600000000003,904.1600000000003,904.1600000000003,904.1600000000003,904.1600000000003,904.1600000000003,904.1600000000003,904.1600000000003,904.1600000000003,904.1600000000003,904.1600000000003,904.1600000000003,904.1600000000003,904.1600000000003,904.1600000000003,904.1600000000003,904.1600000000003,904.1600000000003,904.1600000000003,904.1600000000003,904.1600000000003,904.1600000000003,904.1600000000003,913.7400000000051,913.7400000000051,913.7400000000051,913.7400000000051,913.8600000000052,913.9800000000051,913.9800000000051,913.9800000000051,913.9800000000051,904.1600000000003,904.1600000000003,904.1600000000003,904.1600000000003,904.1600000000003,904.1600000000003,904.1600000000003,904.1600000000003,904.1600000000003,904.1600000000003,904.1600000000003,904.1600000000003,904.1600000000003,904.1600000000003,904.1600000000003,904.1600000000003,904.1600000000003,904.1600000000003,904.1600000000003,904.1600000000003,904.1600000000003,914.0900000000053,904.1600000000003,914.0900000000053,904.1600000000003,904.1600000000003,914.0900000000053,904.1600000000003,914.0900000000053,904.1600000000003,904.1600000000003,904.1600000000003,904.1600000000003,904.1700000000003,904.1700000000003,914.3200000000053,914.3200000000053,914.3200000000053,914.3200000000053,914.3200000000053,904.1700000000003,904.1700000000003,904.1700000000003,914.4300000000052,904.1700000000003,914.4300000000052,904.1700000000003,904.1700000000003,904.1700000000003,904.1700000000003,904.1700000000003,904.1700000000003,904.1700000000003,904.1700000000003,904.1700000000003,904.1700000000003,904.1700000000003,904.1700000000003,904.1700000000003,904.1700000000003,904.1700000000003,904.1700000000003,904.1700000000003,904.1700000000003,904.1700000000003,904.1700000000003,904.1700000000003,904.1700000000003,904.1700000000003,904.1800000000003,904.1800000000003,904.1800000000003,904.1800000000003,904.1800000000003,904.1800000000003,904.1900000000003,904.1900000000003,904.1900000000003,914.5500000000053,904.1900000000003,904.1900000000003,904.1900000000003,904.1900000000003,904.1900000000003,904.1900000000003,904.1900000000003,904.1900000000003,904.1900000000003,904.1900000000003,904.1900000000003,904.1900000000003,904.1900000000003,904.1900000000003,904.1900000000003,904.1900000000003,904.1900000000003,904.1900000000003,904.1900000000003,904.1900000000003,904.1900000000003,904.1900000000003,904.1900000000003,904.2000000000003,904.2000000000003,904.2000000000003,904.2000000000003,904.2000000000003,904.2000000000003,904.2000000000003,904.2000000000003,914.6700000000052,904.2000000000003,904.2000000000003,914.6700000000052,904.2000000000003,914.6800000000052,904.2000000000003,904.2000000000003,904.2000000000003,904.2000000000003,904.2000000000003,904.2000000000003,904.2000000000003,904.2000000000003,904.2000000000003,904.2000000000003,904.2000000000003,904.2000000000003,904.2000000000003,904.2000000000003,904.2000000000003,904.2000000000003,904.2000000000003,904.2000000000003,904.2000000000003,904.2000000000003,904.2000000000003,904.2000000000003,904.2000000000003,904.2000000000003,904.2000000000003,904.2000000000003,904.2000000000003,904.2000000000003,904.2000000000003,904.2000000000003,904.2000000000003,904.2000000000003,914.8000000000053,904.2000000000003,904.2000000000003,904.2000000000003,904.2000000000003,904.2000000000003,904.2000000000003,904.2000000000003,904.2000000000003,904.2000000000003,904.2000000000003,904.2000000000003,904.2000000000003,904.2000000000003,904.2000000000003,904.2000000000003,904.2000000000003,904.2000000000003,904.2000000000003,904.2000000000003,904.2000000000003,904.2000000000003,904.2000000000003,904.2000000000003,904.2000000000003,904.2000000000003,904.2000000000003,904.2000000000003,904.2000000000003,904.2000000000003,904.2000000000003,904.2000000000003,904.2000000000003,904.2000000000003,914.9200000000052,904.2000000000003,904.2000000000003,904.2000000000003,904.2000000000003,904.2000000000003,904.2000000000003,904.2000000000003,904.2000000000003,904.2000000000003,904.2000000000003,904.2000000000003,904.2000000000003,904.2000000000003,904.2000000000003,904.2000000000003,904.2000000000003,904.2000000000003,904.2000000000003,904.2000000000003,904.2000000000003,904.2000000000003,904.2000000000003,904.2000000000003,904.2000000000003,904.2000000000003,904.2000000000003,
904.2000000000003,904.2000000000003,904.2000000000003,915.0400000000053,904.2000000000003,915.0400000000053,904.2000000000003,915.0400000000053,904.2000000000003,904.2000000000003,904.2000000000003,904.2000000000003,904.2000000000003,904.2000000000003,904.2000000000003,904.2000000000003,904.2000000000003,904.2000000000003,904.2000000000003,904.2000000000003,904.2000000000003,904.2000000000003,904.2000000000003,904.2000000000003,904.2100000000003,904.2200000000003,904.2300000000002,904.2300000000002,904.2300000000002,904.2300000000002,904.2300000000002,904.2300000000002,904.2300000000002,904.2300000000002,904.2400000000002,904.2400000000002,904.2400000000002,904.2400000000002,904.2400000000002,904.2400000000002,904.2400000000002,904.2400000000002,904.2400000000002,904.2500000000002,904.2600000000002,904.2700000000002,904.2700000000002,904.2700000000002,904.2700000000002,904.2700000000002,904.2700000000002,904.2700000000002,904.2700000000002,904.2800000000002,904.2800000000002,904.2800000000002,904.2800000000002,904.2800000000002,904.3400000000001,915.3900000000052,915.3900000000052,915.3900000000052,915.3900000000052,904.3600000000004,904.3700000000003,904.3800000000003,904.3800000000003,904.3800000000003,904.4000000000003,904.4100000000003,904.4100000000003,904.4100000000003,915.5100000000053,904.4400000000003,904.4400000000003,904.4400000000003,904.4400000000003,904.4400000000003,904.4700000000003,904.4700000000003,904.4700000000003,904.4900000000002,904.5100000000002,904.5100000000002,904.5100000000002,904.5100000000002,904.5100000000002,915.6300000000052,904.5400000000004,904.5400000000004,904.5400000000004,904.5400000000004,904.5400000000004,904.5900000000004,904.6100000000004,904.6300000000003,904.6500000000003,904.6500000000003,904.6500000000003,904.6500000000003,904.6900000000003,915.8700000000052,915.8700000000052,904.7100000000003,904.7100000000003,904.7300000000005,904.7300000000005,904.7300000000005,904.7500000000005,904.7500000000005,915.9900000000054,904.8100000000004,904.8100000000004,904.8100000000004,904.8100000000004,904.8300000000004,904.8500000000004,904.8500000000004,916.1100000000052,916.1100000000052,904.8700000000003,904.8900000000006,904.9200000000005,904.9200000000005,904.9200000000005,916.2300000000054,904.9700000000005,904.9700000000005,904.9900000000005,904.9900000000005,904.9900000000005,905.0500000000004,905.0500000000004,916.3500000000053,905.0500000000004,905.0500000000004,905.1100000000006,905.1100000000006,905.1100000000006,905.1100000000006,905.1100000000006,905.1100000000006,905.1100000000006,905.1400000000006,916.4700000000054,916.4700000000054,916.4700000000054,905.2000000000005,905.2000000000005,905.2000000000005,905.2300000000005,905.2300000000005,905.2300000000005,905.2300000000005,905.2300000000005,916.6000000000053,905.2900000000006,905.2900000000006,905.2900000000006,905.2900000000006,905.3200000000006,905.3200000000006,905.3200000000006,916.7200000000054,905.3500000000006,905.3500000000006,905.3800000000006,916.8500000000053,916.8500000000053,916.8500000000053,916.8500000000053,916.8500000000053,916.8500000000053,905.4500000000005,905.4500000000005,905.4500000000005,905.4900000000007,905.5200000000007,916.9700000000054,905.5500000000006,905.5500000000006,905.5500000000006,905.5500000000006,905.6300000000006,917.1000000000053,905.7000000000007,905.7000000000007,905.7000000000007,905.7400000000007,905.7400000000007,917.2200000000054,917.2300000000054,917.2300000000054,917.2300000000054,905.8100000000006,905.8100000000006,905.8100000000006,905.8100000000006,905.8400000000006,917.3600000000052,905.9500000000007,905.9500000000007,917.4800000000054,905.9900000000007,905.9900000000007,905.9900000000007,905.9900000000007,906.0300000000007,917.6000000000053,906.0300000000007,906.0700000000006,906.1100000000006,917.7200000000054,917.7200000000054,917.7200000000054,906.1500000000005,906.1900000000005,906.1900000000005,917.8500000000053,917.8500000000053,917.8500000000053,906.2700000000007,906.2700000000007,906.2700000000007,906.3200000000006,906.3200000000006,906.3200000000006,917.9700000000054,906.3700000000006,906.3700000000006,906.3700000000006,906.3700000000006,906.3700000000006,906.3700000000006,906.3700000000006,906.4200000000008,906.4600000000007,906.5100000000007,906.5600000000006,906.5600000000006,906.5600000000006,918.2200000000054,918.2200000000054,906.6500000000008,906.6600000000008,906.7100000000007,906.7100000000007,918.3500000000055,918.3500000000055,918.3500000000055,918.3500000000055,906.7600000000007,906.7600000000007,906.8100000000006,906.8600000000008,906.8600000000008,906.8600000000008,906.8600000000008,918.4800000000056,906.9100000000008,906.9600000000007,918.6100000000055,918.6100000000055,907.0100000000007,907.0100000000007,907.0100000000007,907.0100000000007,907.0600000000009,907.0600000000009,907.0600000000009,907.0600000000009,907.0600000000009,907.0600000000009,907.0600000000009,918.7300000000056,918.7300000000056,918.7300000000056,918.7300000000056,918.7300000000056,918.7300000000056,918.7300000000056,918.7300000000056,918.7300000000056,907.1100000000008,918.7300000000056,918.7300000000056,907.1100000000008,907.1600000000008,907.1600000000008,907.1600000000008,918.8600000000055,907.2200000000009,907.2200000000009,907.2200000000009,907.2700000000009,907.3800000000008,919.1100000000055,919.1100000000055,907.4400000000007,919.1100000000055,907.4900000000009,919.2400000000056,907.6000000000008,907.6000000000008,907.6000000000008,907.7700000000009,919.4900000000056,919.4900000000056,907.8200000000008,919.4900000000056,907.8700000000008,907.8700000000008,907.930000000001,907.930000000001,919.5000000000056,919.5000000000056,907.9900000000009,907.9900000000009,907.9900000000009,908.0500000000009,908.0500000000009,908.0500000000009,908.1100000000008,908.170000000001,919.6300000000057,919.6300000000057,908.2900000000009,908.2900000000009,908.3400000000008,908.400000000001,919.8900000000057,908.5800000000008,908.5800000000008,908.640000000001,908.700000000001,908.7600000000009,920.2800000000055,920.2800000000055,920.2800000000055,908.8200000000008,908.8200000000008,908.880000000001,908.880000000001,908.880000000001,908.940000000001,909.0000000000009,909.0000000000009,909.0000000000009,909.0000000000009,920.5500000000055,920.5500000000055,909.0700000000011,909.0700000000011,920.5500000000055,920.5500000000055,920.5500000000055,920.5500000000055,909.200000000001,909.200000000001,909.200000000001,909.200000000001,909.2700000000009,909.340000000001,909.340000000001,909.410000000001,909.410000000001,920.8200000000055,920.8200000000055,920.8200000000055,920.8200000000055,909.4700000000009,909.5400000000009,920.9600000000056,909.610000000001,909.670000000001,909.670000000001,909.670000000001,921.1000000000055,909.8100000000011,909.8100000000011,921.2400000000056,921.2400000000056,921.2400000000056,909.880000000001,909.940000000001,921.3700000000055,921.3700000000055,921.3700000000055,921.3700000000055,921.3700000000055,910.0100000000011,910.0800000000011,910.2200000000009,910.2200000000009,921.6400000000054,910.2900000000011,910.2900000000011,910.2900000000011,910.2900000000011,910.360000000001,910.360000000001,910.360000000001,910.430000000001,910.430000000001,910.430000000001,921.9100000000054,910.5100000000011,922.0500000000053,922.0500000000053,922.0500000000053,922.0500000000053,922.0500000000053,910.650000000001,922.0500000000053,910.650000000001,910.7200000000012,910.7200000000012,910.7900000000011,910.870000000001,922.3300000000053,910.9400000000012,910.9400000000012,911.0100000000011,911.0100000000011,911.0100000000011,911.0100000000011,911.0100000000011,911.0100000000011,911.0100000000011,922.4700000000054,911.0100000000011,922.4700000000054,911.0100000000011,911.0100000000011,911.0100000000011,911.0100000000011,911.090000000001,911.090000000001,922.6100000000055,922.6100000000055,922.6100000000055,911.2300000000012,911.2300000000012,922.7500000000053,922.7500000000053,922.7500000000053,922.8900000000054,922.8900000000054,922.8900000000054,922.8900000000054,911.4600000000012,911.4600000000012,911.4600000000012,922.8900000000054,911.6100000000013,911.6100000000013,922.8900000000054,922.8900000000054,922.8900000000054,923.0300000000055,923.0300000000055,923.0300000000055,911.7700000000011,911.7700000000011,923.1700000000054,911.850000000001,911.850000000001,911.850000000001,911.9300000000012,911.9300000000012,912.0100000000011,923.3100000000055,923.3100000000055,912.090000000001,912.1700000000012,923.4500000000056,912.1700000000012,923.5900000000055,923.5900000000055,912.2500000000011,912.2500000000011,912.2500000000011,912.2500000000011,912.3300000000011,923.7300000000056,923.7300000000056,923.7300000000056,912.410000000001,912.410000000001,912.410000000001,912.410000000001,912.410000000001,912.5000000000011,912.5800000000011,924.0200000000056,912.670000000001,912.670000000001,912.7600000000011,912.7600000000011,924.0200000000056,924.0200000000056,924.0200000000056,924.0200000000056,924.0200000000056,912.850000000001,912.930000000001,924.1600000000054,924.1600000000054,913.090000000001,924.3100000000055,913.090000000001,924.4500000000056,913.2600000000011,913.350000000001,913.5200000000011,924.5900000000055,924.5900000000055,924.5900000000055,924.5900000000055,924.5900000000055,913.600000000001,924.7400000000054,924.7400000000054,924.7400000000054,924.7400000000054,913.6800000000012,924.8900000000052,913.850000000001,913.850000000001,925.0400000000053,913.940000000001,925.1900000000052,913.940000000001,925.1900000000052,913.940000000001,925.1900000000052,914.0300000000011,914.120000000001,914.210000000001,925.3300000000053,925.3300000000053,925.3300000000053,914.3000000000011,925.4800000000051,925.4800000000051,914.390000000001,925.4800000000051,914.390000000001,925.4800000000051,914.390000000001,925.4800000000051,925.4800000000051,914.4800000000012,925.6300000000052,925.6300000000052,925.6300000000052,914.5700000000011,914.5700000000011,914.660000000001,914.660000000001,914.660000000001,914.660000000001,914.660000000001,914.660000000001,914.660000000001,914.660000000001,914.7500000000011,914.7500000000011,914.840000000001,914.840000000001,914.9400000000012,925.9300000000052,925.9300000000052,925.9300000000052,926.070000000005,915.130000000001,915.130000000001,915.130000000001,915.130000000001,915.130000000001,926.2200000000051,926.2200000000051,915.3200000000011,915.3200000000011,915.3200000000011,915.3200000000011,915.3200000000011,915.3200000000011,915.3200000000011,926.3700000000052,915.410000000001,915.410000000001,926.5200000000053,915.410000000001,915.410000000001,915.410000000001,915.410000000001,915.5100000000009,915.5100000000009,926.6700000000052,915.5100000000009,926.6700000000052,915.5100000000009,915.610000000001,915.610000000001,926.8200000000053,926.8200000000053,915.710000000001,915.8100000000011,926.9800000000054,926.9800000000054,915.910000000001,927.1300000000052,916.0000000000009,916.0000000000009,916.0000000000009,916.0000000000009,916.0000000000009,916.100000000001,916.100000000001,916.100000000001,916.100000000001,916.100000000001,916.100000000001,916.190000000001,916.190000000001,916.190000000001,916.200000000001,927.4300000000052,927.5900000000053,927.5900000000053,927.5900000000053,916.400000000001,916.400000000001,916.400000000001,916.5000000000011,916.5000000000011,916.5000000000011,916.5000000000011,916.5000000000011,927.7400000000054,916.5000000000011,916.5000000000011,916.5000000000011,916.5000000000011,916.5000000000011,916.5000000000011,916.5000000000011,916.5000000000011,916.5000000000011,916.5000000000011,916.5000000000011,916.5000000000011,916.600000000001,916.600000000001,927.9000000000052,916.600000000001,927.9000000000052,916.600000000001,927.9000000000052,916.600000000001,916.600000000001,916.7000000000012,916.7000000000012,916.7000000000012,916.7000000000012,916.8000000000011,916.8000000000011,916.8000000000011,916.8000000000011,916.8000000000011,916.8000000000011,916.8100000000011,916.8100000000011,916.8100000000011,916.8100000000011,928.0500000000053,928.0500000000053,928.0500000000053,928.0500000000053,928.0500000000053,928.0500000000053,928.0500000000053,928.0500000000053,916.9100000000012,917.0100000000011,917.0100000000011,917.0100000000011,917.0100000000011,917.0100000000011,917.0100000000011,928.2000000000052,928.2000000000052,917.1200000000013,917.1200000000013,917.1200000000013,928.3500000000053,917.2200000000012,917.2200000000012,917.2200000000012,917.2200000000012,917.2200000000012,917.2200000000012,917.2200000000012,928.5000000000053,917.3300000000013,917.4300000000012,928.5000000000053,917.5300000000013,917.5300000000013,928.5000000000053,928.5000000000053,917.7300000000012,917.7300000000012,928.5000000000053,917.8300000000013,928.6500000000052,917.9300000000012,917.9300000000012,917.9300000000012,918.0400000000013,918.0400000000013,918.0400000000013,928.6500000000052,918.0400000000013,918.0400000000013,918.0400000000013,918.0400000000013,928.8000000000053,928.8000000000053,918.2500000000014,918.2500000000014,918.2500000000014,928.8000000000053,928.8000000000053,928.8000000000053,928.8000000000053,918.3600000000013,918.3600000000013,918.4600000000014,928.9500000000054,918.5700000000013,928.9500000000054,928.9500000000054,928.9500000000054,918.6800000000012,918.6800000000012,918.6800000000012,918.6800000000012,918.6800000000012,918.6800000000012,918.7800000000011,918.7800000000011,918.7800000000011,929.1000000000053,918.890000000001,918.890000000001,918.890000000001,929.2600000000053,929.2600000000053,919.0000000000011,929.4200000000054,929.4200000000054,919.110000000001,919.110000000001,919.2200000000012,929.5800000000053,929.5800000000053,919.3300000000011,919.4400000000012,919.5600000000011,929.9000000000054,919.6700000000012,919.6700000000012,930.0600000000053,919.7800000000011,919.7800000000011,930.2200000000054,919.890000000001,919.900000000001,919.900000000001,930.3800000000052,920.0200000000011,930.5400000000053,920.2400000000009,920.2400000000009,920.2400000000009,920.2400000000009,930.7000000000054,920.3500000000008,930.7000000000054,920.4600000000007,920.5800000000008,931.0200000000056,920.8100000000009,920.8100000000009,920.9200000000008,920.9200000000008,920.9200000000008,920.9200000000008,931.1900000000054,931.1900000000054,921.0300000000009,931.1900000000054,921.0300000000009,931.1900000000054,931.1900000000054,921.1500000000008,921.1500000000008,921.1500000000008,921.1500000000008,931.3500000000055,931.3500000000055,921.2700000000009,931.3500000000055,931.3500000000055,931.3500000000055,921.3900000000008,921.3900000000008,921.5100000000009,921.5200000000009,921.5200000000009,921.5200000000009,931.5200000000053,931.6900000000054,931.6900000000054,921.7500000000009,921.7600000000009,931.8600000000055,922.1100000000008,922.1100000000008,922.1100000000008,922.1100000000008,932.1900000000054,932.1900000000054,932.1900000000054,922.2300000000009,922.3500000000008,932.3600000000055,922.3500000000008,932.3600000000055,932.3600000000055,922.4700000000009,922.4700000000009,932.5300000000053,922.5900000000008,922.5900000000008,922.5900000000008,932.7000000000054,932.7000000000054,922.710000000001,922.710000000001,922.8300000000008,932.8600000000055,932.8600000000055,922.8300000000008,922.8300000000008,933.0300000000053,933.0300000000053,933.0300000000053,933.0300000000053,933.0300000000053,923.0800000000008,933.0300000000053,933.0300000000053,923.3300000000008,923.4500000000007,923.4500000000007,933.3700000000052,923.5700000000008,933.3700000000052,923.5700000000008,933.3700000000052,933.3700000000052,933.3700000000052,933.3700000000052,933.3700000000052,933.3700000000052,933.3700000000052,933.3700000000052,933.3700000000052,933.3700000000052,933.3700000000052,933.3700000000052,933.3700000000052,933.3700000000052,933.3700000000052,933.3700000000052,933.3700000000052,933.3700000000052,933.3700000000052,933.3700000000052,933.3700000000052,933.3700000000052,933.3700000000052,933.3700000000052,933.3700000000052,933.3700000000052,923.8200000000008,923.8200000000008,923.8200000000008,923.8200000000008,923.8200000000008,923.8300000000008,933.5400000000051,923.8300000000008,933.5400000000051,923.8300000000008,933.5400000000051,923.8400000000008,933.5400000000051,923.8400000000008,933.5400000000051,923.8400000000008,933.5400000000051,923.8400000000008,923.960000000001,923.960000000001,933.7100000000052,933.7100000000052,924.0800000000008,924.0800000000008,924.0800000000008,933.8800000000052,933.8800000000052,933.8800000000052,933.8800000000052,924.210000000001,924.210000000001,924.3300000000008,924.450000000001,924.450000000001,924.450000000001,934.0500000000051,934.0500000000051,934.0500000000051,934.0500000000051,924.5800000000008,924.710000000001,924.8400000000008,934.2200000000051,924.8400000000008,934.2200000000051,924.8400000000008,934.2200000000051,924.8400000000008,934.2200000000051,924.8400000000008,934.2200000000051,934.2200000000051,934.2200000000051,934.2200000000051,924.960000000001,924.960000000001,934.2200000000051,934.2200000000051,934.2200000000051,934.2200000000051,934.2200000000051,925.090000000001,934.3900000000052,925.2200000000009,925.2200000000009,925.2200000000009,925.2200000000009,934.5700000000053,934.5700000000053,934.5700000000053,934.5700000000053,934.5700000000053,925.4800000000009,925.4800000000009,925.4800000000009,934.7500000000053,934.7500000000053,934.7500000000053,934.9200000000052,925.7400000000009,934.9200000000052,934.9200000000052,925.870000000001,935.0900000000053,935.0900000000053,935.0900000000053,935.1000000000053,935.1000000000053,935.1000000000053,935.1000000000053,935.1000000000053,925.9900000000009,925.9900000000009,925.9900000000009,925.9900000000009,925.9900000000009,925.9900000000009,935.2700000000053,935.2700000000053,935.2700000000053,935.2700000000053,925.9900000000009,926.1200000000008,926.1200000000008,935.4500000000054,935.4500000000054,935.4500000000054,935.4500000000054,935.4500000000054,935.4500000000054,935.4500000000054,935.4500000000054,935.4500000000054,935.4500000000054,926.2500000000009,935.6300000000055,926.380000000001,926.5100000000009,935.8000000000053,935.8000000000053,935.9800000000054,935.9800000000054,935.9800000000054,926.910000000001,926.910000000001,926.910000000001,926.910000000001,926.910000000001,926.910000000001,936.3300000000053,936.3300000000053,927.180000000001,936.5000000000053,927.3100000000009,927.3100000000009,936.5000000000053,927.450000000001,927.450000000001,927.450000000001,927.450000000001,927.450000000001,927.450000000001,927.450000000001,936.5000000000053,927.5800000000011,927.5800000000011,927.5800000000011,936.6700000000052,927.7200000000009,927.7200000000009,927.850000000001,936.8500000000053,936.8500000000053,936.8500000000053,927.9800000000009,927.9800000000009,937.0300000000053,937.2100000000054,937.2100000000054,937.2100000000054,928.120000000001,937.2100000000054,928.120000000001,937.2100000000054,937.2100000000054,937.3900000000052,937.3900000000052,937.3900000000052,937.3900000000052,937.3900000000052,937.3900000000052,928.4000000000012,937.5700000000053,928.5400000000011,928.5400000000011,928.6800000000012,928.6800000000012,937.7600000000053,937.7600000000053,937.7600000000053,928.8200000000011,928.8200000000011,937.9400000000054,937.9400000000054,937.9400000000054,937.9400000000054,937.9400000000054,928.9600000000012,928.9600000000012,928.9600000000012,928.9600000000012,928.9700000000012,928.9700000000012,928.9700000000012,928.9700000000012,938.1200000000052,928.9700000000012,938.3000000000053,938.3100000000053,938.3100000000053,938.3100000000053,938.3100000000053,938.3100000000053,929.110000000001,938.3100000000053,938.3100000000053,938.4900000000054,938.4900000000054,938.4900000000054,938.4900000000054,938.5000000000053,929.2500000000011,938.6800000000054,938.6800000000054,938.6800000000054,938.6800000000054,938.6800000000054,938.6800000000054,938.6800000000054,929.3900000000012,929.3900000000012,929.3900000000012,929.3900000000012,929.5400000000011,938.8700000000055,938.8700000000055,938.8700000000055,938.8700000000055,938.8700000000055,938.8700000000055,938.8700000000055,938.8700000000055,938.8700000000055,929.6800000000012,939.0500000000055,939.0500000000055,929.8300000000013,929.8300000000013,929.8300000000013,939.2400000000054,929.9700000000012,929.9700000000012,929.9700000000012,929.9700000000012,930.1200000000013,930.1200000000013,939.4200000000054,939.4200000000054,930.2600000000011,930.2600000000011,939.6000000000055,939.6000000000055,939.6000000000055,939.6000000000055,939.6000000000055,939.6000000000055,939.6100000000055,939.6100000000055,939.8000000000055,939.8000000000055,939.8000000000055,930.4100000000012,930.4100000000012,930.4100000000012,930.5500000000011,939.9800000000054,930.6900000000012,930.6900000000012,930.6900000000012,930.6900000000012,940.1600000000054,930.8300000000011,940.3400000000055,940.3400000000055,940.3400000000055,930.9800000000012,930.9800000000012,930.9800000000012,940.5300000000055,940.5300000000055,940.5400000000055,940.5400000000055,930.9800000000012,930.9800000000012,930.9800000000012,930.9800000000012,940.7300000000056,940.7300000000056,940.7300000000056,940.7300000000056,940.7300000000056,931.2700000000011,931.2700000000011,940.9100000000054,940.9100000000054,940.9100000000054,940.9100000000054,931.2700000000011,941.0900000000055,931.410000000001,931.410000000001,941.2700000000056,931.410000000001,931.410000000001,941.4500000000056,941.4500000000056,941.4500000000056,941.4500000000056,941.4500000000056,931.5600000000011,941.6400000000057,931.7100000000012,941.8300000000055,941.8300000000055,941.8300000000055,941.8300000000055,941.8300000000055,931.8500000000013,931.8500000000013,931.8500000000013,942.0100000000056,942.0100000000056,931.8500000000013,942.2000000000056,942.2000000000056,942.2000000000056,942.2000000000056,942.2000000000056,942.2000000000056,942.2000000000056,942.2000000000056,931.8500000000013,931.8500000000013,931.8500000000013,931.8500000000013,942.3900000000057,932.0000000000014,942.3900000000057,942.3900000000057,942.3900000000057,942.3900000000057,932.1500000000012,942.5800000000057,932.3000000000013,942.7700000000056,932.4500000000014,942.9600000000056,932.4500000000014,932.4500000000014,932.4500000000014,932.6000000000015,943.1500000000057,943.1500000000057,943.1500000000057,943.3400000000057,932.7600000000014,932.7600000000014,932.7600000000014,932.7600000000014,943.5300000000058,932.9100000000014,943.7200000000056,933.0600000000013,933.2200000000014,943.9200000000056,943.9200000000056,943.9200000000056,943.9200000000056,933.2200000000014,933.2200000000014,943.9200000000056,943.9200000000056,943.9200000000056,943.9200000000056,943.9200000000056,933.3800000000012,944.1100000000057,944.1200000000057,933.5300000000013,944.3100000000057,933.5300000000013,933.5300000000013,933.5300000000013,933.5300000000013,933.6900000000012,933.8500000000013,944.7000000000056,933.8500000000013,944.8900000000057,934.0100000000014,934.0100000000014,934.0100000000014,945.0900000000057,934.1600000000014,934.1600000000014,934.1600000000014,934.1600000000014,945.2900000000058,945.2900000000058,934.3100000000013,945.2900000000058,934.3100000000013,945.2900000000058,945.2900000000058,934.4700000000014,945.4900000000056,945.4900000000056,945.4900000000056,934.6300000000015,945.6900000000056,934.7900000000013,934.7900000000013,934.7900000000013,934.7900000000013,934.7900000000013,934.7900000000013,934.7900000000013,945.8900000000057,945.8900000000057,945.8900000000057,945.8900000000057,945.8900000000057,934.9500000000014,934.9500000000014,934.9500000000014,934.9500000000014,934.9500000000014,946.0900000000057,934.9500000000014,934.9500000000014,946.2900000000055,946.2900000000055,946.3000000000055,935.1100000000015,935.1100000000015,946.3000000000055,946.3000000000055,946.3000000000055,935.1100000000015,946.5000000000056,946.5000000000056,946.5000000000056,946.5000000000056,946.5000000000056,935.2700000000016,935.4300000000017,946.7000000000056,946.7000000000056,935.5900000000015,946.9000000000057,946.9000000000057,946.9000000000057,946.9000000000057,946.9000000000057,935.7500000000016,947.1000000000057,947.1000000000057,935.7500000000016,935.9100000000014,947.3000000000055,947.3000000000055,947.5000000000053,947.5000000000053,947.5000000000053,947.5000000000053,936.0700000000015,936.0700000000015,936.2400000000014,947.9000000000054,936.4000000000015,936.4000000000015,948.1000000000055,948.1000000000055,948.1000000000055,936.5700000000013,948.3000000000055,948.3000000000055,948.3000000000055,948.3000000000055,948.5000000000056,936.9000000000015,948.7100000000054,948.7100000000054,948.7200000000054,936.9100000000014,936.9100000000014,937.0700000000015,937.0700000000015,948.7200000000054,948.7200000000054,937.0700000000015,948.7200000000054,948.7200000000054,937.2400000000016,937.2500000000016,937.2500000000016,937.2500000000016,937.2500000000016,948.9400000000054,948.9400000000054,948.9400000000054,937.2500000000016,949.1400000000054,937.4100000000017,949.3400000000055,949.3500000000055,937.5700000000018,949.3500000000055,937.5700000000018,949.3500000000055,949.3600000000055,937.7400000000016,949.5600000000055,949.5600000000055,949.5600000000055,949.5600000000055,937.9100000000017,937.9100000000017,949.7600000000053,949.7600000000053,949.7600000000053,949.7700000000053,949.7700000000053,938.0700000000018,938.0700000000018,949.9700000000051,938.0700000000018,938.2400000000018,938.2400000000018,950.1700000000052,938.2400000000018,950.1700000000052,938.2400000000018,950.1700000000052,938.2400000000018,938.2400000000018,938.4100000000019,938.4100000000019,950.3800000000052,938.580000000002,938.580000000002,938.580000000002,938.580000000002,938.580000000002,950.5900000000053,950.5900000000053,938.7500000000018,938.7500000000018,950.7900000000053,950.7900000000053,950.7900000000053,950.7900000000053,950.8000000000053,939.090000000002,939.090000000002,939.090000000002,951.0100000000053,951.0100000000053,939.2600000000018,939.2600000000018,939.2600000000018,939.2600000000018,939.2600000000018,939.2700000000018,939.2700000000018,939.2700000000018,939.2800000000018,939.2800000000018,939.2800000000018,939.2900000000018,939.2900000000018,939.2900000000018,939.2900000000018,939.2900000000018,939.2900000000018,951.0100000000053,951.0100000000053,951.0100000000053,939.4600000000016,939.4600000000016,939.4600000000016,939.4600000000016,939.4600000000016,939.4600000000016,939.4600000000016,939.4600000000016,951.2200000000054,939.6300000000017,939.6300000000017,939.6300000000017,939.6300000000017,939.6300000000017,939.6300000000017,939.6300000000017,939.6300000000017,939.6300000000017,939.6300000000017,951.2200000000054,951.2200000000054,951.2200000000054,951.2200000000054,951.2200000000054,951.2200000000054,939.8000000000018,951.2200000000054,939.8000000000018,939.8000000000018,939.8000000000018,939.9800000000018,939.9800000000018,951.2200000000054,940.1500000000017,940.1500000000017,951.4300000000054,951.4300000000054,951.4300000000054,940.3300000000017,940.3300000000017,940.3300000000017,940.3300000000017,951.4300000000054,951.4300000000054,951.4300000000054,951.4300000000054,951.4300000000054,951.4300000000054,951.4300000000054,940.6800000000019,940.6800000000019,951.4300000000054,940.6800000000019,951.4300000000054,951.4300000000054,951.4400000000056,940.860000000002,940.860000000002,940.860000000002,951.6500000000054,951.6500000000054,951.6500000000054,951.6500000000054,951.6500000000054,951.8600000000055,941.2100000000021,941.2100000000021,951.8600000000055,951.8600000000055,951.8600000000055,951.8600000000055,951.8600000000055,941.2100000000021,951.8600000000055,941.2100000000021,951.8600000000055,941.2100000000021,941.2100000000021,941.2100000000021,941.3800000000022,941.3800000000022,951.8600000000055,941.5600000000022,941.5600000000022,951.8600000000055,941.740000000002,941.740000000002,941.740000000002,952.0700000000055,941.9200000000021,941.9200000000021,941.9200000000021,941.9200000000021,952.0700000000055,952.0700000000055,952.0700000000055,952.0700000000055,942.1000000000022,942.1000000000022,952.0700000000055,952.0700000000055,952.0700000000055,952.0700000000055,952.0700000000055,952.0700000000055,952.0700000000055,952.0700000000055,952.0700000000055,942.2800000000022,942.2800000000022,942.2800000000022,942.2800000000022,942.4500000000021,942.4500000000021,942.4500000000021,942.4500000000021,942.4500000000021,942.4500000000021,942.6300000000022,942.6300000000022,942.6300000000022,942.6300000000022,952.2800000000053,942.6300000000022,942.8100000000022,942.8100000000022,942.8100000000022,942.8100000000022,942.8100000000022,952.4900000000054,952.4900000000054,942.9900000000023,942.9900000000023,942.9900000000023,952.7000000000054,952.7000000000054,952.7000000000054,952.7000000000054,952.7000000000054,952.7000000000054,952.7000000000054,952.7000000000054,952.7000000000054,943.1700000000021,943.1700000000021,943.1700000000021,943.1700000000021,952.9100000000054,952.9100000000054,952.9100000000054,952.9100000000054,952.9100000000054,952.9100000000054,953.1300000000055,953.1300000000055,953.1300000000055,943.530000000002,943.530000000002,943.530000000002,943.530000000002,943.7100000000021,953.1300000000055,953.1300000000055,953.1300000000055,943.8900000000019,953.1300000000055,953.1300000000055,953.1300000000055,953.1300000000055,944.070000000002,944.070000000002,944.070000000002,944.070000000002,953.3400000000055,944.250000000002,944.250000000002,953.5500000000055,944.4300000000021,953.7600000000053,953.7600000000053,944.790000000002,944.790000000002,953.7600000000053,944.790000000002,944.9700000000021,944.9700000000021,944.9700000000021,944.9700000000021,944.9700000000021,944.9700000000021,953.7600000000053,945.1600000000021,945.1600000000021,945.1600000000021,945.1600000000021,953.9800000000054,953.9800000000054,953.9800000000054,953.9800000000054,945.3500000000022,945.3500000000022,945.3500000000022,954.1900000000054,954.1900000000054,945.530000000002,945.530000000002,945.530000000002,945.530000000002,954.4100000000054,945.7100000000019,945.7200000000018,954.6300000000055,954.6300000000055,954.6300000000055,954.6300000000055,945.9000000000019,945.9000000000019,945.9000000000019,945.9000000000019,945.9000000000019,954.8400000000055,954.8400000000055,954.8400000000055,954.8400000000055,954.8400000000055,954.8400000000055,954.8400000000055,954.8400000000055,954.8400000000055,946.090000000002,946.090000000002,946.090000000002,946.090000000002,946.280000000002,946.280000000002,946.280000000002,946.280000000002,946.4700000000018,955.2800000000055,955.2800000000055,955.2800000000055,955.2800000000055,955.2800000000055,955.2800000000055,946.850000000002,946.850000000002,946.850000000002,946.850000000002,946.850000000002,946.850000000002,955.5000000000056,955.5000000000056,947.030000000002,955.7200000000054,955.7300000000056,955.7300000000056,955.7300000000056,955.7300000000056,955.7300000000056,947.2200000000021,947.2200000000021,947.2200000000021,955.7300000000056,947.4100000000019,947.4100000000019,947.600000000002,947.600000000002,955.7300000000056,955.7300000000056,955.7300000000056,955.7300000000056,947.9800000000021,955.7300000000056,955.7300000000056,955.7300000000056,948.1700000000019,948.1700000000019,948.1700000000019,955.7300000000056,948.3600000000017,948.5500000000018,955.9500000000056,948.5500000000018,948.5500000000018,948.5500000000018,948.7400000000018,948.9400000000016,948.9400000000016,948.9400000000016,956.1700000000056,949.1300000000017,949.1300000000017,949.1300000000017,949.1300000000017,949.1300000000017,949.1300000000017,949.1300000000017,949.1300000000017,949.1300000000017,949.1300000000017,956.1700000000056,956.1700000000056,949.3300000000017,949.3300000000017,949.3300000000017,949.3300000000017,949.3300000000017,956.4000000000057,956.4000000000057,956.4000000000057,949.5300000000018,949.5300000000018,956.4000000000057,956.4000000000057,956.4000000000057,956.4100000000059,956.4100000000059,956.4100000000059,956.4100000000059,949.9100000000019,956.4100000000059,956.4100000000059,956.4100000000059,950.1100000000017,956.4100000000059,956.4100000000059,956.4100000000059,956.4100000000059,950.5000000000018,950.5000000000018,950.5000000000018,950.7000000000019,956.6400000000059,950.9000000000019,956.8600000000059,951.0900000000017,957.090000000006,957.090000000006,957.090000000006,957.090000000006,951.0900000000017,951.2900000000018,957.090000000006,951.4900000000018,951.4900000000018,951.4900000000018,951.4900000000018,951.4900000000018,957.320000000006,957.320000000006,957.320000000006,957.320000000006,957.320000000006,957.320000000006,951.8900000000017,951.8900000000017,957.550000000006,957.550000000006,957.550000000006,952.0900000000017,952.0900000000017,952.0900000000017,952.0900000000017,952.0900000000017,957.550000000006,952.2900000000018,952.4900000000018,952.5000000000018,952.5000000000018,952.5000000000018,958.010000000006,958.010000000006,952.7000000000019,952.9000000000019,952.9000000000019,952.9000000000019,958.240000000006,958.240000000006,953.1000000000017,953.1000000000017,953.1000000000017,953.1000000000017,953.1000000000017,953.1000000000017,958.240000000006,958.240000000006,953.3000000000015,953.3000000000015,953.3000000000015,953.3000000000015,958.240000000006,958.240000000006,953.5000000000016,953.5000000000016,953.5000000000016,953.5000000000016,953.5000000000016,958.470000000006,958.470000000006,958.470000000006,958.470000000006,958.470000000006,958.470000000006,958.470000000006,958.470000000006,958.470000000006,958.470000000006,958.470000000006,958.470000000006,958.470000000006,958.470000000006,958.470000000006,958.470000000006,958.480000000006,958.480000000006,958.480000000006,958.490000000006,958.490000000006,958.490000000006,958.490000000006,958.490000000006,958.490000000006,958.490000000006,958.490000000006,958.490000000006,958.490000000006,958.490000000006,958.490000000006,958.490000000006,958.490000000006,958.490000000006,958.490000000006,958.490000000006,958.490000000006,953.7100000000016,958.490000000006,953.7100000000016,958.490000000006,953.7100000000016,958.490000000006,953.7100000000016,958.490000000006,958.490000000006,958.490000000006,958.490000000006,958.490000000006,958.490000000006,958.490000000006,953.9100000000017,958.720000000006,958.720000000006,958.720000000006,958.720000000006,958.720000000006,958.720000000006,958.720000000006,958.720000000006,958.720000000006,958.720000000006,958.720000000006,958.720000000006,958.720000000006,958.720000000006,958.720000000006,958.720000000006,958.720000000006,958.720000000006,958.720000000006,958.720000000006,958.720000000006,958.720000000006,958.720000000006,954.1100000000017,954.1100000000017,954.1100000000017,958.9500000000058,959.1800000000059,959.1800000000059,954.5100000000016,959.1800000000059,954.5100000000016,959.1800000000059,954.5100000000016,959.1800000000059,954.5100000000016,959.1800000000059,954.5100000000016,959.1800000000059,954.5100000000016,959.1800000000059,954.5100000000016,959.1800000000059,959.1800000000059,959.1800000000059,959.1800000000059,959.1800000000059,959.1800000000059,959.1800000000059,959.1800000000059,959.1800000000059,959.1800000000059,959.1800000000059,959.1800000000059,959.1900000000059,959.1900000000059,959.1900000000059,959.2000000000058,954.7100000000014,959.4300000000059,959.4300000000059,959.4300000000059,959.4300000000059,959.4300000000059,959.4300000000059,959.6600000000059,959.6600000000059,959.6600000000059,955.1200000000015,955.1200000000015,955.1200000000015,955.1200000000015,955.1200000000015,955.1200000000015,955.1200000000015,955.1200000000015,955.1300000000015,955.1300000000015,959.8900000000059,959.8900000000059,959.8900000000059,959.8900000000059,955.3400000000015,960.1200000000059,955.7400000000016,955.7400000000016,955.7400000000016,955.7400000000016,955.7400000000016,955.7400000000016,960.3600000000059,960.3600000000059,960.3600000000059,960.3600000000059,960.3600000000059,960.3600000000059,960.3600000000059,955.7400000000016,955.7400000000016,955.7400000000016,955.7400000000016,955.7400000000016,955.7400000000016,960.6000000000059,960.6000000000059,960.840000000006,960.840000000006,960.840000000006,956.1500000000015,956.1500000000015,956.1500000000015,961.080000000006,961.080000000006,961.080000000006,961.080000000006,961.080000000006,961.090000000006,961.330000000006,961.330000000006,956.5600000000015,956.5600000000015,956.5600000000015,956.5600000000015,956.5600000000015,956.5600000000015,961.570000000006,956.7600000000016,956.7600000000016,961.800000000006,956.9700000000016,961.800000000006,956.9700000000016,961.800000000006,961.800000000006,961.800000000006,961.800000000006,961.800000000006,961.800000000006,961.800000000006,961.800000000006,961.800000000006,956.9700000000016,956.9700000000016,956.9700000000016,956.9700000000016,956.9700000000016,962.040000000006,962.040000000006,962.040000000006,962.040000000006,962.040000000006,962.040000000006,962.040000000006,962.040000000006,962.050000000006,962.050000000006,962.050000000006,962.050000000006,962.050000000006,962.050000000006,957.1800000000014,957.1800000000014,962.290000000006,962.290000000006,957.1800000000014,957.1800000000014,957.1800000000014,962.530000000006,962.530000000006,962.530000000006,962.530000000006,957.1800000000014,957.1800000000014,957.1800000000014,957.1800000000014,957.1800000000014,957.1800000000014,957.1800000000014,957.1800000000014,962.770000000006,962.780000000006,957.1800000000014,957.1800000000014,957.1800000000014,957.1800000000014,957.1800000000014,957.1800000000014,957.1800000000014,957.1800000000014,957.1800000000014,957.1800000000014,957.1800000000014,957.1800000000014,957.1800000000014,957.1800000000014,957.1800000000014,957.1800000000014,963.020000000006,963.020000000006,957.3900000000015,957.3900000000015,957.3900000000015,957.3900000000015,957.4000000000015,957.4000000000015,957.4000000000015,957.4000000000015,957.4000000000015,957.4000000000015,957.4000000000015,957.4000000000015,957.4000000000015,957.4000000000015,963.260000000006,963.260000000006,957.4000000000015,963.500000000006,963.500000000006,963.500000000006,963.500000000006,963.500000000006,963.500000000006,963.500000000006,963.500000000006,963.500000000006,963.500000000006,963.510000000006,963.510000000006,963.510000000006,963.510000000006,963.510000000006,963.510000000006,957.4000000000015,963.510000000006,963.510000000006,963.510000000006,963.510000000006,963.510000000006,963.750000000006,963.750000000006,963.750000000006,963.750000000006,963.750000000006,963.750000000006,963.750000000006,963.750000000006,963.750000000006,963.750000000006,963.750000000006,963.750000000006,957.6100000000015,957.6100000000015,957.6100000000015,964.000000000006,964.000000000006,964.000000000006,964.000000000006,964.000000000006,964.000000000006,964.000000000006,964.000000000006,964.000000000006,964.000000000006,964.000000000006,964.000000000006,964.000000000006,964.000000000006,964.000000000006,957.8200000000015,957.8200000000015,964.240000000006,958.0300000000016,964.240000000006,958.0300000000016,964.240000000006,958.0300000000016,964.240000000006,958.0300000000016,964.240000000006,958.0300000000016,964.240000000006,964.240000000006,964.240000000006,964.240000000006,964.240000000006,964.240000000006,964.240000000006,964.240000000006,964.240000000006,958.0300000000016,964.490000000006,964.490000000006,964.490000000006,964.490000000006,964.490000000006,958.2400000000016,958.2400000000016,958.2400000000016,958.2400000000016,964.490000000006,964.490000000006,964.490000000006,964.490000000006,964.490000000006,964.490000000006,964.490000000006,964.490000000006,964.490000000006,964.490000000006,964.490000000006,958.4600000000016,958.4600000000016,958.4600000000016,958.4600000000016,958.4600000000016,958.4600000000016,964.730000000006,964.730000000006,964.730000000006,964.730000000006,958.6700000000017,958.6700000000017,964.970000000006,964.970000000006,964.970000000006,964.970000000006,964.970000000006,964.970000000006,964.970000000006,964.970000000006,958.8800000000017,958.8800000000017,958.8800000000017,958.8800000000017,965.2100000000061,965.2100000000061,965.2100000000061,965.220000000006,958.8800000000017,965.220000000006,965.4600000000061,965.4600000000061,959.0900000000017,965.7000000000061,965.7000000000061,959.3000000000015,959.3000000000015,959.3000000000015,959.3000000000015,959.3000000000015,959.3000000000015,959.3000000000015,959.3000000000015,959.3000000000015,965.9400000000061,965.9400000000061,965.9400000000061,965.9400000000061,965.9400000000061,965.9400000000061,965.9400000000061,959.5200000000013,959.5200000000013,966.1800000000061,966.4300000000061,959.7400000000014,959.7400000000014,959.7400000000014,959.7400000000014,959.7400000000014,959.7400000000014,966.6800000000061,966.6800000000061,966.6800000000061,966.6800000000061,966.6800000000061,966.6800000000061,966.6800000000061,966.6800000000061,966.6800000000061,966.6800000000061,959.7400000000014,966.6800000000061,966.6800000000061,966.6800000000061,966.6800000000061,966.6800000000061,966.6800000000061,966.6800000000061,966.6800000000061,966.6800000000061,966.6800000000061,966.6800000000061,959.9600000000014,966.9300000000061,959.9600000000014,967.1800000000061,967.1800000000061,967.1800000000061,967.1800000000061,967.1800000000061,967.1800000000061,967.1800000000061,967.1800000000061,967.1800000000061,967.1800000000061,967.1800000000061,967.1800000000061,967.1800000000061,960.1700000000014,960.1700000000014,960.3900000000015,967.4300000000061,967.4300000000061,967.4300000000061,967.4300000000061,960.6100000000013,967.6700000000059,960.8300000000013,960.8400000000013,967.9100000000057,967.9100000000057,967.9100000000057,961.0600000000013,968.1600000000057,968.1600000000057,968.1600000000057,968.1600000000057,968.1600000000057,968.1600000000057,968.1600000000057,961.2800000000013,961.2800000000013,961.2800000000013,968.4100000000057,968.4100000000057,968.4100000000057,968.4100000000057,968.4100000000057,968.4100000000057,968.4100000000057,961.5000000000014,961.5100000000014,968.6600000000057,961.7300000000014,961.7300000000014,961.7300000000014,968.9100000000057,968.9100000000057,961.9500000000014,961.9600000000014,969.1600000000057,969.1600000000057,969.1600000000057,961.9600000000014,969.4100000000057,969.4100000000057,969.4100000000057,969.4100000000057,969.4100000000057,969.4100000000057,969.4100000000057,969.4100000000057,962.1900000000014,962.1900000000014,962.1900000000014,969.6600000000057,969.6600000000057,969.6600000000057,969.6600000000057,969.6600000000057,969.6600000000057,969.6600000000057,969.6600000000057,969.6600000000057,969.6600000000057,962.4100000000014,962.4100000000014,962.4100000000014,969.9100000000057,969.9100000000057,969.9100000000057,969.9100000000057,969.9100000000057,969.9100000000057,962.6300000000012,969.9100000000057,962.6300000000012,962.6300000000012,962.6300000000012,962.6300000000012,962.6300000000012,962.6300000000012,962.6400000000012,962.6400000000012,970.1600000000057,962.6400000000012,970.1600000000057,970.1600000000057,970.1600000000057,962.8700000000013,970.4100000000057,970.4100000000057,970.4100000000057,970.4100000000057,970.4100000000057,970.4100000000057,970.4100000000057,970.4100000000057,970.4100000000057,970.4100000000057,970.4100000000057,970.4100000000057,970.4100000000057,970.4100000000057,970.4100000000057,970.4100000000057,970.4100000000057,962.8700000000013,962.8700000000013,962.8700000000013,962.8700000000013,970.6600000000057,963.1000000000013,963.1000000000013,963.1000000000013,970.9100000000057,970.9200000000056,970.9200000000056,970.9200000000056,970.9200000000056,970.9200000000056,970.9200000000056,970.9200000000056,970.9200000000056,970.9200000000056,963.3200000000013,971.1700000000056,971.1700000000056,971.1700000000056,963.5400000000013,963.5400000000013,963.5400000000013,971.4300000000056,971.4300000000056,971.4300000000056,963.7700000000013,963.7700000000013,963.7700000000013,971.6800000000056,971.6800000000056,971.6800000000056,971.6800000000056,971.6800000000056,971.6800000000056,971.6800000000056,971.6800000000056,971.6800000000056,971.6800000000056,971.6800000000056,971.6800000000056,971.6800000000056,964.0000000000014,971.9300000000056,964.0000000000014,972.1800000000056,972.1800000000056,972.1800000000056,964.2300000000014,964.2300000000014,964.2300000000014,972.4400000000056,972.4400000000056,972.4400000000056,972.4400000000056,972.4400000000056,972.4400000000056,972.4400000000056,972.4400000000056,972.4400000000056,972.4400000000056,972.4400000000056,964.4600000000014,964.6900000000014,972.7000000000056,972.7000000000056,972.7000000000056,972.7000000000056,972.7000000000056,972.7000000000056,972.7000000000056,972.7000000000056,972.7000000000056,972.7000000000056,964.6900000000014,964.6900000000014,972.9600000000056,964.9200000000012,964.9200000000012,973.2200000000058,973.2200000000058,965.150000000001,965.150000000001,973.2200000000058,973.2200000000058,973.2200000000058,973.2200000000058,973.2200000000058,973.2200000000058,973.2200000000058,973.2200000000058,973.2200000000058,973.2200000000058,973.2200000000058,973.2200000000058,973.2200000000058,973.2200000000058,973.2200000000058,973.2200000000058,973.2200000000058,973.2200000000058,973.2200000000058,973.2200000000058,973.2200000000058,965.150000000001,973.2200000000058,965.380000000001,973.2200000000058,973.2200000000058,973.2200000000058,965.620000000001,965.620000000001,965.620000000001,973.2200000000058,965.850000000001,973.2200000000058,966.0800000000011,973.2200000000058,973.2200000000058,973.2200000000058,973.2200000000058,973.2300000000058,973.2300000000058,973.2300000000058,973.2300000000058,973.2300000000058,973.2300000000058,973.2300000000058,973.2300000000058,973.2300000000058,973.2300000000058,973.2300000000058,973.2300000000058,973.2300000000058,973.2300000000058,973.2300000000058,973.2300000000058,973.2300000000058,973.2300000000058,973.2300000000058,973.2300000000058,973.2300000000058,973.2300000000058,973.2300000000058,973.2300000000058,973.2300000000058,973.2300000000058,973.2300000000058,973.2300000000058,966.3100000000011,973.2400000000058,966.3100000000011,973.2400000000058,973.2400000000058,973.2400000000058,973.2400000000058,973.2400000000058,973.2400000000058,973.2400000000058,973.2400000000058,973.2400000000058,973.2400000000058,973.2400000000058,973.2400000000058,973.2400000000058,973.2400000000058,973.2400000000058,973.2400000000058,973.2400000000058,973.2400000000058,973.2400000000058,973.2400000000058,973.2400000000058,973.2400000000058,973.2400000000058,973.2400000000058,973.2400000000058,973.2400000000058,973.2400000000058,973.2400000000058,973.2400000000058,973.2400000000058,973.2400000000058,973.2400000000058,973.2400000000058,973.2400000000058,973.2400000000058,973.2400000000058,973.2400000000058,973.2400000000058,973.2400000000058,973.2400000000058,973.2400000000058,973.2400000000058,973.2400000000058,973.2400000000058,973.2400000000058,973.2400000000058,973.2400000000058,973.2400000000058,973.2400000000058,973.2400000000058,973.2400000000058,973.2400000000058,973.2400000000058,973.2400000000058,973.2400000000058,973.2400000000058,973.2400000000058,973.2400000000058,973.2400000000058,973.2400000000058,973.2400000000058,966.5500000000011,973.2400000000058,966.5500000000011,973.2400000000058,973.2400000000058,973.2400000000058,973.2400000000058,973.2400000000058,973.2400000000058,973.2400000000058,973.2400000000058,973.2400000000058,973.2400000000058,973.2400000000058,973.2400000000058,973.2400000000058,973.2400000000058,973.2400000000058,973.2400000000058,973.2400000000058,973.2400000000058,973.2400000000058,973.2400000000058,973.2400000000058,973.2400000000058,973.2400000000058,973.2400000000058,973.2400000000058,973.2400000000058,973.2400000000058,973.2400000000058,973.2400000000058,973.2400000000058,973.2400000000058,973.2400000000058,973.2400000000058,973.2400000000058,973.2400000000058,973.2400000000058,973.2400000000058,973.2400000000058,973.2400000000058,973.2400000000058,973.2400000000058,973.2400000000058,973.2400000000058,973.2400000000058,973.2400000000058,973.2400000000058,973.2400000000058,973.2400000000058,973.2400000000058,973.2400000000058,973.2400000000058,973.2400000000058,973.2400000000058,973.2400000000058,973.2400000000058,973.2400000000058,973.2400000000058,973.2400000000058,973.2400000000058,973.2400000000058,973.2400000000058,966.5600000000011,973.2400000000058,973.2400000000058,973.2400000000058,973.2400000000058,973.2400000000058,973.2400000000058,973.2400000000058,973.2400000000058,973.2400000000058,973.2400000000058,973.2400000000058,973.2400000000058,973.2400000000058,973.2400000000058,973.2400000000058,973.2400000000058,973.2400000000058,973.2400000000058,973.2400000000058,973.2400000000058,973.2400000000058,973.2400000000058,973.2400000000058,973.2400000000058,973.2400000000058,973.2400000000058,973.2400000000058,973.2400000000058,973.2400000000058,973.2400000000058,973.2400000000058,973.2400000000058,973.2400000000058,973.2400000000058,973.2400000000058,973.2400000000058,973.2400000000058,973.2400000000058,973.2400000000058,973.2400000000058,973.2400000000058,973.2400000000058,973.2400000000058,973.2400000000058,973.2400000000058,973.2400000000058,973.2400000000058,973.2400000000058,973.2400000000058,973.2400000000058,973.2400000000058,973.2400000000058,973.2400000000058,973.2400000000058,973.2400000000058,973.2400000000058,973.2400000000058,973.2400000000058,973.2400000000058,973.2400000000058,966.8000000000011,973.2400000000058,973.2400000000058,973.2400000000058,973.2400000000058,973.2400000000058,973.2400000000058,973.2400000000058,973.2400000000058,973.2400000000058,973.2400000000058,973.2400000000058,973.2400000000058,973.2400000000058,973.2400000000058,973.2400000000058,973.2400000000058,973.2400000000058,973.2400000000058,973.2400000000058,973.2400000000058,973.2400000000058,973.2400000000058,973.2400000000058,973.2400000000058,973.2400000000058,973.2400000000058,973.2400000000058,973.2400000000058,973.2400000000058,973.2400000000058,973.2400000000058,973.2400000000058,973.2500000000058,973.2500000000058,973.2500000000058,973.2500000000058,973.2500000000058,973.2500000000058,973.2500000000058,973.2500000000058,973.2500000000058,973.2500000000058,973.2500000000058,973.2500000000058,973.2500000000058,973.2500000000058,973.2500000000058,973.2500000000058,973.2500000000058,973.2500000000058,973.2500000000058,973.2500000000058,973.2500000000058,973.2500000000058,973.2500000000058,973.2500000000058,967.0300000000011,973.2500000000058,973.2500000000058,973.2500000000058,973.2500000000058,973.2500000000058,973.2500000000058,973.2500000000058,973.2500000000058,973.2500000000058,973.2500000000058,973.2500000000058,973.2500000000058,973.2500000000058,973.2500000000058,973.2500000000058,973.2500000000058,973.2500000000058,973.2500000000058,973.2500000000058,973.2500000000058,973.2500000000058,973.2500000000058,973.2500000000058,973.2500000000058,973.2500000000058,973.2500000000058,973.2500000000058,973.2500000000058,973.2500000000058,973.2500000000058,973.2500000000058,973.2500000000058,973.2500000000058,973.2500000000058,973.2500000000058,973.2500000000058,973.2500000000058,973.2500000000058,973.2500000000058,973.2500000000058,973.2500000000058,973.2500000000058,973.2500000000058,973.2500000000058,973.2500000000058,973.2500000000058,973.2500000000058,973.2500000000058,973.2500000000058,973.2500000000058,973.2500000000058,973.2500000000058,973.2500000000058,973.2500000000058,973.2500000000058,973.2500000000058,973.2500000000058,973.2500000000058,973.2500000000058,967.0300000000011,973.2600000000058,967.0300000000011,973.2600000000058,967.0300000000011,973.2600000000058,967.0300000000011,973.2600000000058,967.0300000000011,973.2600000000058,967.0300000000011,973.2600000000058,967.0300000000011,973.2600000000058,973.2600000000058,973.2600000000058,973.2600000000058,973.2600000000058,973.2600000000058,973.2600000000058,973.2600000000058,973.2600000000058,973.2600000000058,973.2600000000058,973.2600000000058,973.2600000000058,973.2600000000058,973.2600000000058,973.2600000000058,973.2600000000058,973.2600000000058,973.2600000000058,973.2600000000058,973.2600000000058,973.2600000000058,973.2600000000058,973.2600000000058,973.2600000000058,973.2600000000058,973.2600000000058,973.2600000000058,973.2600000000058,973.2600000000058,973.2600000000058,973.2600000000058,973.2600000000058,973.2600000000058,973.2600000000058,973.2600000000058,973.2600000000058,973.2600000000058,973.2600000000058,973.2600000000058,973.2600000000058,973.2600000000058,973.2600000000058,973.2600000000058,973.2600000000058,973.2600000000058,973.2600000000058,973.2600000000058,973.2600000000058,973.2600000000058,973.2600000000058,973.2600000000058,973.2600000000058,973.2600000000058,973.2600000000058,973.2600000000058,973.2600000000058,973.2600000000058,973.2600000000058,973.2600000000058,967.2600000000011,973.2600000000058,973.2600000000058,973.2600000000058,973.2600000000058,973.2600000000058,973.2600000000058,973.2600000000058,973.2600000000058,973.2600000000058,973.2600000000058,973.2600000000058,973.2600000000058,973.2600000000058,973.2600000000058,973.2600000000058,973.2600000000058,973.2600000000058,973.2600000000058,973.2600000000058,973.2600000000058,973.2600000000058,973.2600000000058,973.2600000000058,973.2700000000058,973.2700000000058,973.2700000000058,973.2700000000058,973.2700000000058,973.2700000000058,973.2700000000058,973.2700000000058,973.2700000000058,973.2700000000058,973.2700000000058,973.2700000000058,973.2700000000058,973.2700000000058,973.2700000000058,973.2700000000058,973.2700000000058,973.2700000000058,973.2700000000058,973.2700000000058,973.2700000000058,973.2700000000058,973.2700000000058,973.280000000006,973.280000000006,973.280000000006,973.280000000006,973.280000000006,973.280000000006,973.280000000006,973.280000000006,973.280000000006,973.280000000006,973.280000000006,973.280000000006,973.280000000006,967.2600000000011,973.280000000006,967.2600000000011,973.290000000006,967.2600000000011,973.290000000006,973.290000000006,973.290000000006,973.290000000006,973.290000000006,973.290000000006,973.290000000006,973.290000000006,973.290000000006,973.290000000006,973.290000000006,973.290000000006,973.290000000006,973.290000000006,973.290000000006,973.290000000006,973.290000000006,973.290000000006,973.290000000006,973.290000000006,973.290000000006,973.290000000006,973.290000000006,973.290000000006,973.290000000006,973.290000000006,973.290000000006,973.290000000006,973.290000000006,973.290000000006,973.290000000006,973.290000000006,973.290000000006,973.290000000006,973.300000000006,973.300000000006,973.300000000006,973.300000000006,973.300000000006,973.300000000006,973.300000000006,973.300000000006,973.300000000006,973.300000000006,973.300000000006,973.300000000006,973.300000000006,973.300000000006,973.300000000006,973.300000000006,973.300000000006,973.300000000006,973.300000000006,973.300000000006,973.300000000006,973.300000000006,973.300000000006,973.300000000006,967.5000000000011,973.300000000006,967.5000000000011,973.300000000006,973.300000000006,973.300000000006,973.300000000006,973.300000000006,973.300000000006,973.300000000006,973.300000000006,973.300000000006,973.300000000006,973.300000000006,973.300000000006,973.300000000006,973.300000000006,973.300000000006,973.300000000006,973.300000000006,973.300000000006,973.300000000006,973.300000000006,973.300000000006,973.300000000006,973.300000000006,973.300000000006,973.300000000006,973.300000000006,973.300000000006,973.300000000006,973.300000000006,973.300000000006,973.300000000006,973.300000000006,973.300000000006,973.300000000006,973.300000000006,973.300000000006,973.300000000006,973.300000000006,973.300000000006,973.300000000006,973.310000000006,973.310000000006,973.310000000006,973.310000000006,973.310000000006,973.310000000006,973.320000000006,973.320000000006,973.320000000006,973.320000000006,973.320000000006,973.320000000006,973.320000000006,973.320000000006,973.320000000006,973.320000000006,973.320000000006,973.320000000006,973.320000000006,973.320000000006,973.320000000006,967.7300000000012,973.320000000006,967.7300000000012,973.320000000006,967.7300000000012,973.320000000006,967.7300000000012,973.320000000006,967.7300000000012,973.320000000006,967.7300000000012,973.320000000006,967.7300000000012,973.320000000006,967.7300000000012,973.320000000006,967.7300000000012,973.320000000006,967.7300000000012,973.320000000006,967.7300000000012,973.320000000006,967.7300000000012,973.320000000006,967.7300000000012,973.320000000006,967.7300000000012,973.320000000006,967.7300000000012,973.320000000006,967.7300000000012,973.320000000006,967.7300000000012,973.320000000006,967.7300000000012,973.320000000006,967.7300000000012,973.320000000006,967.7300000000012,973.320000000006,967.7300000000012,973.320000000006,967.7300000000012,973.320000000006,967.7300000000012,973.320000000006,967.7300000000012,973.320000000006,973.320000000006,973.320000000006,973.320000000006,973.320000000006,973.320000000006,973.320000000006,973.320000000006,973.320000000006,973.320000000006,973.320000000006,973.320000000006,973.330000000006,973.330000000006,973.330000000006,973.330000000006,973.330000000006,973.330000000006,973.330000000006,973.330000000006,973.330000000006,973.330000000006,973.330000000006,973.330000000006,973.330000000006,973.330000000006,973.330000000006,973.330000000006,973.330000000006,973.330000000006,973.330000000006,973.330000000006,973.330000000006,973.330000000006,973.330000000006,973.330000000006,973.330000000006,973.330000000006,973.330000000006,973.330000000006,973.330000000006,973.330000000006,973.330000000006,973.330000000006,973.340000000006,973.340000000006,973.340000000006,973.340000000006,973.340000000006,973.340000000006,973.340000000006,973.340000000006,973.340000000006,973.340000000006,973.340000000006,973.340000000006,973.340000000006,973.340000000006,973.340000000006,973.340000000006,967.9700000000012,973.340000000006,973.340000000006,973.340000000006,973.340000000006,973.340000000006,973.340000000006,973.340000000006,973.340000000006,973.340000000006,973.340000000006,973.340000000006,973.340000000006,973.340000000006,973.340000000006,973.340000000006,973.340000000006,973.340000000006,973.340000000006,973.340000000006,973.340000000006,973.340000000006,973.340000000006,973.3500000000059,973.3500000000059,973.3500000000059,973.3500000000059,973.3500000000059,973.3500000000059,973.3500000000059,973.3500000000059,973.3500000000059,973.3500000000059,973.3500000000059,973.3500000000059,973.3500000000059,973.3500000000059,973.3500000000059,973.3500000000059,973.3500000000059,973.3500000000059,973.3500000000059,973.3500000000059,973.3500000000059,973.3500000000059,973.3500000000059,973.3500000000059,973.3500000000059,973.3500000000059,973.3500000000059,973.3600000000059,973.3600000000059,973.3600000000059,973.3600000000059,973.3600000000059,973.3600000000059,973.3600000000059,973.3600000000059,973.3600000000059,973.3600000000059,968.2100000000012,973.3600000000059,968.2100000000012,973.3600000000059,968.2100000000012,973.3600000000059,968.2100000000012,973.3600000000059,968.2200000000012,973.3600000000059,968.2200000000012,973.3600000000059,973.3600000000059,973.3600000000059,973.3600000000059,973.3600000000059,973.3600000000059,973.3600000000059,973.3600000000059,973.3600000000059,973.3600000000059,973.3600000000059,973.3600000000059,973.3600000000059,973.3600000000059,973.3600000000059,973.3600000000059,973.3600000000059,973.3600000000059,973.3600000000059,973.3600000000059,973.3600000000059,973.3600000000059,973.3600000000059,973.3600000000059,973.3600000000059,973.3600000000059,973.3600000000059,973.3600000000059,973.3600000000059,973.3600000000059,973.3600000000059,973.3600000000059,973.3600000000059,973.3600000000059,973.3600000000059,973.3600000000059,973.3600000000059,973.3600000000059,973.3600000000059,973.3600000000059,973.3600000000059,973.3600000000059,973.3600000000059,973.3600000000059,973.3600000000059,973.3600000000059,973.3600000000059,973.3600000000059,973.3600000000059,973.3600000000059,973.3600000000059,973.3600000000059,973.3600000000059,973.3600000000059,973.3600000000059,973.3600000000059,973.3600000000059,973.3600000000059,968.4600000000012,973.3600000000059,968.4600000000012,973.3600000000059,968.4600000000012,973.3600000000059,968.4600000000012,973.3600000000059,973.3600000000059,973.3600000000059,973.3600000000059,973.3600000000059,973.3600000000059,973.3600000000059,973.3600000000059,973.3600000000059,973.3600000000059,973.3600000000059,973.3700000000059,973.3700000000059,973.3700000000059,973.3700000000059,973.3700000000059,973.3700000000059,973.3800000000059,973.3800000000059,973.3800000000059,973.3800000000059,973.3800000000059,973.3800000000059,973.3800000000059,973.3800000000059,973.3800000000059,973.3900000000059,973.3900000000059,973.3900000000059,973.3900000000059,973.3900000000059,973.3900000000059,973.3900000000059,973.3900000000059,973.3900000000059,973.3900000000059,973.3900000000059,973.3900000000059,973.3900000000059,973.3900000000059,973.3900000000059,973.3900000000059,973.3900000000059,973.3900000000059,973.3900000000059,973.3900000000059,973.3900000000059,973.3900000000059,973.3900000000059,973.3900000000059,973.3900000000059,973.3900000000059,973.3900000000059,973.3900000000059,973.3900000000059,973.3900000000059,973.3900000000059,973.3900000000059,973.3900000000059,973.3900000000059,968.7000000000012,973.3900000000059,968.7000000000012,973.3900000000059,968.7000000000012,973.3900000000059,968.7000000000012,973.3900000000059,968.7000000000012,973.3900000000059,968.7000000000012,973.3900000000059,968.7000000000012,973.3900000000059,968.7000000000012,973.3900000000059,968.7000000000012,973.3900000000059,968.7000000000012,973.3900000000059,968.7000000000012,973.3900000000059,968.7000000000012,973.3900000000059,968.7000000000012,973.3900000000059,973.3900000000059,973.3900000000059,973.3900000000059,973.3900000000059,973.3900000000059,973.3900000000059,973.3900000000059,973.3900000000059,973.3900000000059,973.3900000000059,973.3900000000059,973.3900000000059,973.3900000000059,973.3900000000059,973.3900000000059,973.3900000000059,973.3900000000059,973.3900000000059,973.3900000000059,973.4000000000059,973.4000000000059,973.4000000000059,973.4000000000059,973.4000000000059,973.4000000000059,973.4000000000059,973.4000000000059,973.4000000000059,973.4000000000059,973.4000000000059,973.4000000000059,973.4000000000059,973.4000000000059,973.4000000000059,973.4000000000059,973.4000000000059,973.4000000000059,973.4000000000059,973.4000000000059,973.4000000000059,973.4000000000059,973.4000000000059,973.4000000000059,973.4000000000059,973.4000000000059,973.4000000000059,973.4000000000059,973.4000000000059,973.4000000000059,973.4000000000059,973.4000000000059,973.4000000000059,973.4000000000059,973.4000000000059,973.4000000000059,973.4000000000059,973.4000000000059,973.4000000000059,968.9400000000012,973.4000000000059,968.9400000000012,973.4000000000059,973.4000000000059,973.4000000000059,973.4000000000059,973.4000000000059,973.4000000000059,973.4000000000059,973.4000000000059,973.4000000000059,973.4000000000059,973.4000000000059,973.4000000000059,973.4000000000059,973.4000000000059,973.4000000000059,973.4000000000059,973.4000000000059,973.4000000000059,973.4000000000059,973.4000000000059,973.4000000000059,973.4000000000059,973.4000000000059,973.4000000000059,973.4000000000059,973.4000000000059,973.4100000000059,973.4100000000059,973.4100000000059,973.4200000000059,973.4200000000059,973.4200000000059,973.4200000000059,973.4200000000059,973.4200000000059,973.4200000000059,973.4200000000059,973.4200000000059,973.4200000000059,973.4200000000059,973.4200000000059,973.4200000000059,973.4200000000059,973.4200000000059,973.4200000000059,973.4200000000059,973.4200000000059,973.4200000000059,973.4200000000059,973.4200000000059,973.4200000000059,973.4200000000059,973.4200000000059,973.4200000000059,973.4200000000059,973.4200000000059,973.4200000000059,973.4200000000059,973.4300000000059,969.1800000000012,973.4300000000059,969.1800000000012,973.4300000000059,973.4300000000059,973.4300000000059,973.4300000000059,973.4300000000059,973.4300000000059,973.4400000000059,973.4400000000059,973.4400000000059,973.4400000000059,973.4400000000059,973.4400000000059,973.4400000000059,973.4400000000059,973.4400000000059,973.4500000000058,973.4500000000058,973.4500000000058,973.4500000000058,973.4500000000058,973.4500000000058,973.4500000000058,973.4500000000058,973.4500000000058,973.4500000000058,973.4500000000058,973.4500000000058,973.4500000000058,973.4500000000058,973.4500000000058,973.4500000000058,973.4500000000058,973.4500000000058,973.4600000000058,973.4600000000058,973.4600000000058,973.4600000000058,973.4600000000058,973.4600000000058,973.4600000000058,973.4600000000058,973.4600000000058,973.4600000000058,973.4600000000058,973.4600000000058,973.4600000000058,973.4600000000058,973.4600000000058,973.4600000000058,973.4600000000058,973.4600000000058,973.4600000000058,973.4600000000058,973.4600000000058,973.4600000000058,973.4600000000058,973.4600000000058,973.4600000000058,973.4600000000058,969.4200000000012,973.4600000000058,969.4200000000012,973.4600000000058,969.4200000000012,973.4600000000058,973.4600000000058,973.4600000000058,973.4600000000058,973.4600000000058,973.4600000000058,973.4600000000058,973.4600000000058,973.4600000000058,973.4600000000058,973.4600000000058,973.4600000000058,973.4600000000058,973.4600000000058,973.4600000000058,973.4600000000058,973.4600000000058,973.4600000000058,973.4600000000058,973.4600000000058,973.4600000000058,973.4600000000058,973.4600000000058,973.4600000000058,973.4600000000058,973.4600000000058,973.4600000000058,973.4600000000058,973.4600000000058,973.4600000000058,973.4600000000058,973.4600000000058,973.4600000000058,973.4600000000058,973.4600000000058,973.4600000000058,973.4600000000058,973.4600000000058,973.4600000000058,973.4600000000058,973.4600000000058,973.4600000000058,973.4600000000058,973.4600000000058,973.4600000000058,973.4600000000058,973.4600000000058,973.4600000000058,973.4600000000058,973.4600000000058,973.4600000000058,973.4600000000058,973.4600000000058,973.4600000000058,969.6600000000012,973.4600000000058,969.6600000000012,973.4600000000058,969.6600000000012,973.4600000000058,969.6600000000012,973.4600000000058,969.6600000000012,973.4600000000058,969.6600000000012,973.4600000000058,969.6600000000012,973.4600000000058,969.6600000000012,973.4600000000058,969.6600000000012,973.4600000000058,969.6600000000012,973.4600000000058,969.6600000000012,973.4600000000058,969.6600000000012,973.4600000000058,969.6600000000012,973.4600000000058,969.6600000000012,973.4600000000058,969.6600000000012,973.4600000000058,969.6600000000012,973.4600000000058,969.6600000000012,973.4600000000058,969.6600000000012,973.4600000000058,969.6600000000012,973.4600000000058,969.6600000000012,973.4600000000058,969.6600000000012,973.4600000000058,969.6600000000012,973.4600000000058,969.6600000000012,973.4600000000058,969.6600000000012,973.4600000000058,969.6600000000012,973.4600000000058,969.6600000000012,973.4600000000058,969.6600000000012,973.4600000000058,969.6600000000012,973.4600000000058,969.6600000000012,973.4600000000058,969.6600000000012,973.4600000000058,969.6600000000012,973.4600000000058,969.6600000000012,973.4600000000058,969.6600000000012,973.4600000000058,969.6600000000012,973.4600000000058,969.6600000000012,973.4600000000058,973.4600000000058,973.4600000000058,973.4600000000058,973.4600000000058,973.4600000000058,973.4600000000058,973.4600000000058,973.4600000000058,973.4600000000058,973.4600000000058,973.4600000000058,973.4600000000058,973.4600000000058,973.4600000000058,973.4600000000058,973.4600000000058,973.4600000000058,973.4600000000058,973.4600000000058,973.4600000000058,973.4600000000058,973.4700000000058,973.4700000000058,973.4700000000058,973.4700000000058,973.4700000000058,973.4700000000058,973.4700000000058,973.4700000000058,973.4700000000058,973.4700000000058,973.4700000000058,973.4700000000058,973.4700000000058,973.4800000000058,973.4800000000058,973.4800000000058,973.4800000000058,973.4800000000058,973.4800000000058,973.4800000000058,973.4800000000058,973.4800000000058,973.4800000000058,973.4800000000058,973.4800000000058,973.4800000000058,973.4800000000058,973.4800000000058,973.4800000000058,973.4800000000058,973.4800000000058,973.4800000000058,973.4800000000058,973.4800000000058,969.9000000000012,973.4800000000058,969.9000000000012,973.4800000000058,969.9000000000012,973.4800000000058,969.9000000000012,973.4800000000058,969.9000000000012,973.4800000000058,969.9000000000012,973.4800000000058,969.9000000000012,973.4800000000058,969.9000000000012,973.4800000000058,969.9000000000012,973.4800000000058,969.9000000000012,973.4800000000058,969.9000000000012,973.4800000000058,969.9000000000012,973.4800000000058,969.9000000000012,973.4800000000058,969.9000000000012,973.4800000000058,969.9000000000012,973.4800000000058,969.9000000000012,973.4800000000058,969.9000000000012,973.4800000000058,969.9000000000012,973.4800000000058,969.9000000000012,973.4800000000058,969.9000000000012,969.9000000000012,973.4800000000058,969.9000000000012,973.4800000000058,969.9000000000012,973.4800000000058,969.9000000000012,973.4800000000058,969.9000000000012,973.4800000000058,969.9000000000012,973.4800000000058,969.9000000000012,973.4800000000058,969.9000000000012,973.4800000000058,969.9000000000012,973.4800000000058,969.9000000000012,973.4900000000058,973.4900000000058,973.4900000000058,973.4900000000058,973.4900000000058,973.5000000000058,973.5000000000058,973.5000000000058,973.5000000000058,973.5000000000058,973.5000000000058,973.5000000000058,973.5000000000058,973.5000000000058,973.5000000000058,973.5000000000058,973.5000000000058,973.5000000000058,973.5000000000058,973.5000000000058,973.5000000000058,973.5000000000058,973.5000000000058,973.5000000000058,973.5000000000058,973.5000000000058,973.5100000000058,973.5100000000058,973.5100000000058,973.5100000000058,973.5100000000058,973.5100000000058,973.5100000000058,973.5100000000058,973.5100000000058,973.5100000000058,973.5100000000058,973.5100000000058,973.5100000000058,973.5100000000058,973.5100000000058,973.5100000000058,973.5100000000058,973.5100000000058,973.5100000000058,973.5100000000058,973.5100000000058,973.5100000000058,973.5100000000058,973.5100000000058,973.5100000000058,973.5100000000058,973.5100000000058,973.5100000000058,970.1400000000012,973.5100000000058,970.1400000000012,973.5100000000058,970.1500000000012,973.5100000000058,970.1500000000012,973.5100000000058,973.5100000000058,973.5100000000058,973.5100000000058,973.5100000000058,973.5100000000058,973.5100000000058,973.5100000000058,973.5100000000058,973.5100000000058,973.5100000000058,973.5100000000058,973.5100000000058,973.5100000000058,973.5100000000058,973.5100000000058,973.5100000000058,973.5100000000058,973.5100000000058,973.5100000000058,973.5100000000058,973.5100000000058,973.5100000000058,973.5100000000058,973.5100000000058,973.5100000000058,973.5100000000058,973.5100000000058,973.5100000000058,973.5100000000058,973.5100000000058,973.5100000000058,973.5100000000058,973.5100000000058,973.5100000000058,973.5100000000058,973.5100000000058,973.5100000000058,973.5100000000058,973.5100000000058,973.5100000000058,973.5100000000058,973.5100000000058,973.5100000000058,973.5100000000058,973.5100000000058,973.5100000000058,973.5100000000058,973.5100000000058,973.5100000000058,973.5100000000058,973.5100000000058,973.5100000000058,973.5100000000058,973.5100000000058,970.3900000000012,973.5100000000058,970.3900000000012,973.5100000000058,970.3900000000012,973.5100000000058,970.3900000000012,973.5100000000058,970.3900000000012,973.5100000000058,970.3900000000012,973.5100000000058,973.5100000000058,973.5100000000058,973.5100000000058,973.5100000000058,973.5100000000058,973.5100000000058,973.5100000000058,973.5100000000058,973.5100000000058,973.5100000000058,973.5100000000058,973.5100000000058,973.5100000000058,973.5100000000058,973.5100000000058,973.5100000000058,973.5100000000058,973.5100000000058,973.5100000000058,973.5100000000058,973.5100000000058,973.5200000000058,973.5200000000058,973.5200000000058,973.5200000000058,973.5200000000058,973.5200000000058,973.5200000000058,973.5200000000058,973.5200000000058,973.5200000000058,973.5200000000058,973.5200000000058,973.5200000000058,973.5200000000058,973.5200000000058,973.5200000000058,973.5200000000058,973.5200000000058,973.5200000000058,973.5200000000058,973.5200000000058,973.5200000000058,973.5200000000058,973.5200000000058,973.5200000000058,973.5200000000058,973.5200000000058,973.5200000000058,973.5200000000058,973.5200000000058,973.5200000000058,973.5200000000058,973.5200000000058,973.5200000000058,970.6300000000012,973.5300000000058,970.6300000000012,973.5300000000058,970.6300000000012,973.5300000000058,970.6300000000012,973.5300000000058,970.6300000000012,973.5300000000058,973.5300000000058,973.5300000000058,973.5300000000058,973.5300000000058,973.5300000000058,973.5300000000058,973.5300000000058,973.5300000000058,973.5300000000058,973.5300000000058,973.5300000000058,973.5300000000058,973.5300000000058,973.5300000000058,973.5300000000058,973.5300000000058,973.5300000000058,973.5300000000058,973.5300000000058,973.5300000000058,973.5300000000058,973.5300000000058,973.5300000000058,973.5300000000058,973.5300000000058,973.5300000000058,973.5300000000058,973.5300000000058,973.5300000000058,973.5300000000058,973.5300000000058,973.5300000000058,973.5300000000058,973.5300000000058,973.5300000000058,973.5300000000058,973.5300000000058,973.5300000000058,973.5300000000058,973.5300000000058,973.5300000000058,973.5300000000058,973.5300000000058,973.5300000000058,973.5300000000058,973.5300000000058,973.5300000000058,973.5300000000058,973.5300000000058,973.5300000000058,973.5300000000058,973.5300000000058,973.5300000000058,973.5300000000058,973.5300000000058,973.5300000000058,973.5300000000058,973.5300000000058,973.5300000000058,973.5300000000058,973.5300000000058,973.5300000000058,973.5300000000058,973.5300000000058,973.5300000000058,973.5300000000058,973.5300000000058,973.5300000000058,973.5300000000058,973.5300000000058,973.5300000000058,973.5300000000058,973.5400000000058,973.5400000000058,973.5400000000058,973.5400000000058,973.5400000000058,973.5400000000058,973.5400000000058,973.5400000000058,973.5400000000058,973.5400000000058,973.5400000000058,973.5400000000058,973.5400000000058,973.5400000000058,973.5400000000058,973.5400000000058,973.5400000000058,973.5400000000058,973.5400000000058,973.5400000000058,973.5400000000058,973.5400000000058,973.5400000000058,973.5400000000058,973.5400000000058,973.5400000000058,973.5400000000058,973.5400000000058,973.5400000000058,973.5400000000058,973.5400000000058,973.5400000000058,973.5400000000058,973.5400000000058,973.5400000000058,973.5400000000058,973.5400000000058,970.8700000000013,973.5400000000058,973.5400000000058,973.5400000000058,973.5400000000058,973.5400000000058,973.5400000000058,973.5400000000058,973.5400000000058,973.5400000000058,973.5400000000058,973.5500000000058,973.5500000000058,973.5500000000058,973.5500000000058,973.5500000000058,973.5500000000058,973.5500000000058,973.5500000000058,973.5500000000058,973.5500000000058,973.5500000000058,973.5500000000058,973.5500000000058,973.5500000000058,973.5500000000058,973.5500000000058,973.5500000000058,973.5500000000058,973.5500000000058,973.5500000000058,973.5500000000058,973.5500000000058,973.5500000000058,973.5600000000057,973.5600000000057,973.5600000000057,973.5600000000057,973.5600000000057,973.5600000000057,973.5600000000057,973.5600000000057,973.5600000000057,973.5600000000057,973.5600000000057,973.5600000000057,973.5600000000057,973.5600000000057,973.5600000000057,973.5600000000057,973.5600000000057,973.5600000000057,973.5600000000057,973.5600000000057,973.5600000000057,973.5600000000057,973.5600000000057,973.5600000000057,973.5600000000057,973.5600000000057,973.5600000000057,971.1100000000013,973.5600000000057,971.1200000000013,973.5600000000057,971.1200000000013,971.1200000000013,971.1200000000013,971.1200000000013,971.1200000000013,971.1200000000013,971.1200000000013,971.1200000000013,971.1200000000013,971.1200000000013,971.1200000000013,971.1200000000013,971.1300000000012,971.1300000000012,971.1300000000012,971.1300000000012,971.1300000000012,971.1300000000012,971.1300000000012,971.1300000000012,971.1300000000012,971.1300000000012,971.1300000000012,971.1300000000012,971.1300000000012,971.1300000000012,971.1300000000012,971.1300000000012,971.1300000000012,971.1300000000012,971.1300000000012,971.1300000000012,971.1300000000012,971.1300000000012,971.1300000000012,971.1300000000012,973.5600000000057,973.5600000000057,973.5600000000057,973.5600000000057,973.5600000000057,973.5600000000057,973.5600000000057,973.5600000000057,973.5600000000057,973.5600000000057,973.5600000000057,973.5600000000057,973.5600000000057,973.5600000000057,973.5600000000057,973.5600000000057,973.5600000000057,973.5600000000057,973.5600000000057,973.5600000000057,973.5600000000057,973.5600000000057,973.5600000000057,973.5600000000057,973.5600000000057,973.5600000000057,973.5600000000057,973.5600000000057,971.3700000000013,973.5600000000057,971.3700000000013,973.5600000000057,973.5600000000057,973.5600000000057,973.5600000000057,973.5600000000057,973.5600000000057,973.5600000000057,973.5600000000057,973.5600000000057,973.5600000000057,973.5600000000057,973.5600000000057,973.5600000000057,973.5600000000057,973.5600000000057,973.5600000000057,973.5600000000057,973.5600000000057,973.5600000000057,973.5600000000057,973.5600000000057,973.5600000000057,973.5600000000057,973.5600000000057,973.5600000000057,973.5600000000057,973.5600000000057,973.5700000000057,973.5700000000057,973.5700000000057,973.5700000000057,973.5700000000057,973.5700000000057,973.5700000000057,973.5700000000057,973.5700000000057,973.5700000000057,973.5700000000057,973.5700000000057,973.5700000000057,973.5700000000057,973.5800000000057,973.5800000000057,973.5800000000057,973.5800000000057,973.5800000000057,973.5800000000057,973.590000000006,973.590000000006,973.590000000006,973.590000000006,973.590000000006,973.590000000006,973.590000000006,973.590000000006,973.590000000006,973.6000000000059,973.6000000000059,973.6000000000059,973.6000000000059,973.6000000000059,973.6000000000059,971.6100000000013,973.6000000000059,973.6000000000059,973.6000000000059,973.6000000000059,973.6000000000059,973.6000000000059,973.6000000000059,973.6000000000059,973.6000000000059,973.6000000000059,973.6000000000059,973.6000000000059,973.6000000000059,973.6000000000059,973.6000000000059,973.6000000000059,973.6000000000059,973.6000000000059,973.6000000000059,973.6000000000059,973.6000000000059,973.6000000000059,973.6000000000059,973.6000000000059,973.6000000000059,973.6000000000059,973.6000000000059,973.6000000000059,973.6000000000059,973.6000000000059,973.6000000000059,973.6000000000059,973.6000000000059,973.6000000000059,973.6000000000059,973.6000000000059,973.6000000000059,973.6000000000059,973.6000000000059,973.6000000000059,973.6000000000059,973.6000000000059,973.6000000000059,973.6000000000059,973.6000000000059,973.6000000000059,973.6000000000059,973.6000000000059,973.6000000000059,973.6000000000059,973.6000000000059,973.6000000000059,973.6000000000059,973.6000000000059,973.6000000000059,973.6000000000059,973.6000000000059,973.6000000000059,973.6000000000059,973.6000000000059,973.6000000000059,973.6000000000059,973.6100000000059,973.6100000000059,973.6100000000059,973.6100000000059,973.6100000000059,973.6200000000059,973.6200000000059,973.6200000000059,973.6200000000059,973.6200000000059,973.6200000000059,973.6200000000059,973.6200000000059,973.6200000000059,973.6200000000059,973.6200000000059,973.6200000000059,973.6200000000059,973.6200000000059,973.6200000000059,973.6200000000059,973.6200000000059,973.6200000000059,973.6200000000059,973.6200000000059,973.6200000000059,973.6200000000059,973.6200000000059,973.6200000000059,973.6200000000059,973.6200000000059,973.6200000000059,973.6200000000059,973.6200000000059,973.6200000000059,973.6200000000059,973.6200000000059,973.6200000000059,973.6200000000059,973.6200000000059,973.6200000000059,973.6200000000059,973.6200000000059,973.6200000000059,973.6200000000059,973.6200000000059,973.6200000000059,973.6200000000059,971.8500000000013,973.6200000000059,971.8500000000013,973.6200000000059,971.8500000000013,973.6200000000059,973.6300000000061,973.6300000000061,973.6300000000061,973.6300000000061,973.6300000000061,973.6300000000061,973.6300000000061,973.6300000000061,973.6300000000061,973.6300000000061,973.6300000000061,973.6300000000061,973.6300000000061,973.6300000000061,973.6300000000061,973.6300000000061,973.6300000000061,973.6300000000061,973.6300000000061,973.6300000000061,973.6300000000061,973.6300000000061,973.6300000000061,973.6300000000061,973.6300000000061,973.6300000000061,973.6300000000061,973.6300000000061,973.6300000000061,973.6300000000061,973.6300000000061,973.6300000000061,973.6300000000061,973.6300000000061,973.6300000000061,973.6300000000061,973.6300000000061,973.6300000000061,973.6300000000061,973.6300000000061,973.6300000000061,973.6300000000061,973.6300000000061,973.6300000000061,973.6300000000061,973.6300000000061,973.6300000000061,973.6300000000061,973.6300000000061,973.6300000000061,973.6300000000061,973.6300000000061,973.6300000000061,973.6300000000061,972.1000000000013,973.6300000000061,972.1000000000013,973.6300000000061,972.1000000000013,973.6300000000061,972.1000000000013,973.6300000000061,972.1100000000013,973.6300000000061,972.1100000000013,973.6300000000061,972.1100000000013,973.6300000000061,972.1100000000013,973.6300000000061,972.1100000000013,973.6300000000061,972.1100000000013,973.6300000000061,973.6300000000061,973.6300000000061,973.6300000000061,973.6300000000061,973.6300000000061,973.6300000000061,973.6300000000061,973.6300000000061,973.6300000000061,973.6300000000061,973.6300000000061,973.6400000000061,973.6400000000061,973.6400000000061,973.6400000000061,973.6400000000061,973.6400000000061,973.6400000000061,973.6400000000061,973.6400000000061,973.6400000000061,973.6500000000061,973.6500000000061,973.6500000000061,973.6500000000061,973.6500000000061,973.6500000000061,973.6500000000061,973.6500000000061,973.6500000000061,973.6500000000061,973.6500000000061,973.6500000000061,973.6500000000061,973.6500000000061,973.6500000000061,973.6500000000061,973.6500000000061,973.6500000000061,973.6500000000061,973.6500000000061,973.6500000000061,973.6500000000061,973.6500000000061,973.6500000000061,973.6500000000061,973.6500000000061,973.6500000000061,973.6500000000061,973.6500000000061,973.6500000000061,973.6500000000061,973.6500000000061,973.6500000000061,972.3500000000013,973.6500000000061,972.3500000000013,973.6500000000061,972.3500000000013,973.6500000000061,972.3500000000013,973.6500000000061,972.3500000000013,973.6500000000061,972.3500000000013,973.6500000000061,972.3500000000013,973.6500000000061,972.3500000000013,973.6500000000061,972.3500000000013,973.6500000000061,972.3500000000013,973.6500000000061,972.3500000000013,973.6500000000061,972.3500000000013,973.6500000000061,972.3500000000013,973.6500000000061,972.3500000000013,973.6500000000061,972.3500000000013,973.6500000000061,972.3500000000013,973.6500000000061,972.3500000000013,973.6500000000061,972.3500000000013,973.6500000000061,972.3600000000013,973.6500000000061,972.3600000000013,973.6500000000061,973.6500000000061,973.6500000000061,973.6600000000061,973.6600000000061,973.6600000000061,973.6600000000061,973.6600000000061,973.6600000000061,973.6600000000061,973.6600000000061,973.6600000000061,973.6600000000061,973.6600000000061,973.6600000000061,973.6600000000061,973.6600000000061,973.6600000000061,973.6600000000061,973.6600000000061,973.6600000000061,973.6600000000061,973.6600000000061,973.6600000000061,973.6600000000061,973.6600000000061,973.6600000000061,973.6600000000061,973.6600000000061,973.6600000000061,973.6600000000061,973.6600000000061,973.6600000000061,973.6600000000061,973.6600000000061,973.6600000000061,973.6600000000061,973.6600000000061,973.6600000000061,973.6600000000061,973.6600000000061,973.6600000000061,973.6600000000061,973.6600000000061,973.6600000000061,973.6600000000061,973.6600000000061,973.6600000000061,973.6600000000061,973.6600000000061,973.6600000000061,973.6600000000061,973.6600000000061,973.6600000000061,973.6600000000061,973.6600000000061,972.6100000000013,973.6600000000061,972.6100000000013,973.6600000000061,973.6600000000061,973.6600000000061,973.6600000000061,973.6600000000061,973.6600000000061,973.6600000000061,973.6600000000061,973.6600000000061,973.6600000000061,973.6600000000061,973.6600000000061,973.6600000000061,973.6600000000061,973.6600000000061,973.6600000000061,973.6600000000061,973.6600000000061,973.6600000000061,973.6600000000061,973.6600000000061,973.6600000000061,973.6600000000061,973.6600000000061,973.6600000000061,973.6600000000061,973.6600000000061,973.6600000000061,973.6600000000061,973.6600000000061,973.6600000000061,973.6600000000061,973.6600000000061,973.6600000000061,973.6600000000061,973.6600000000061,973.6600000000061,973.6600000000061,973.6600000000061,973.6600000000061,973.6600000000061,973.6600000000061,973.6600000000061,973.6600000000061,973.6600000000061,973.6600000000061,973.6600000000061,973.6600000000061,973.6600000000061,973.6600000000061,973.6600000000061,973.6600000000061,973.6600000000061,973.6600000000061,973.6600000000061,973.6600000000061,972.8600000000013,973.6600000000061,972.8600000000013,973.6600000000061,972.8600000000013,973.6600000000061,972.8600000000013,973.6600000000061,972.8600000000013,973.6600000000061,972.8600000000013,973.6600000000061,972.8600000000013,973.6600000000061,972.8600000000013,973.6600000000061,972.8600000000013,973.6600000000061,973.6600000000061,973.6600000000061,973.6600000000061,973.6600000000061,973.6600000000061,973.6600000000061,973.6600000000061,973.6600000000061,973.6600000000061,973.6600000000061,973.6600000000061,973.6600000000061,973.6600000000061,973.6600000000061,973.6600000000061,973.6600000000061,973.6600000000061,973.6600000000061,973.6600000000061,973.6600000000061,973.6600000000061,973.6600000000061,973.6600000000061,973.6600000000061,973.6600000000061,973.6600000000061,973.6600000000061,973.6600000000061,973.6600000000061,973.6600000000061,973.6600000000061,973.6600000000061,973.6600000000061,973.6600000000061,973.6600000000061,973.6600000000061,973.6600000000061,973.6600000000061,973.6600000000061,973.6600000000061,973.6600000000061,973.6600000000061,973.6600000000061,973.6600000000061,973.6600000000061,973.6600000000061,973.6600000000061,973.6600000000061,973.6600000000061,973.6600000000061,973.6600000000061,973.6600000000061,973.6600000000061,973.6600000000061,973.6600000000061,973.1100000000013,973.6600000000061,973.1100000000013,973.6600000000061,973.1100000000013,973.6600000000061,973.6600000000061,973.6600000000061,973.6600000000061,973.6600000000061,973.6600000000061,973.6600000000061,973.6600000000061,973.6600000000061,973.6600000000061,973.6600000000061,973.6600000000061,973.6600000000061,973.6600000000061,973.6600000000061,973.6600000000061,973.6600000000061,973.6600000000061,973.6600000000061,973.6600000000061,973.6600000000061,973.6600000000061,973.6600000000061,973.6600000000061,973.6600000000061,973.6600000000061,973.6600000000061,973.6600000000061,973.6600000000061,973.6600000000061,973.6600000000061,973.6600000000061,973.6600000000061,973.6600000000061,973.6600000000061,973.6600000000061,973.6600000000061,973.6600000000061,973.6600000000061,973.6600000000061,973.6600000000061,973.6600000000061,973.6600000000061,973.6600000000061,973.6600000000061,973.6600000000061,973.6600000000061,973.6600000000061,973.6600000000061,973.6600000000061,973.6600000000061,973.6600000000061,973.6600000000061,973.6600000000061,973.6600000000061,973.6600000000061,973.6600000000061,973.3600000000013,973.6600000000061,973.3700000000013,973.6600000000061,973.6600000000061,973.6600000000061,973.6600000000061,973.6600000000061,973.6600000000061,973.6600000000061,973.6600000000061,973.6600000000061,973.6600000000061,973.6600000000061,973.6600000000061,973.6600000000061,973.6600000000061,973.6600000000061,973.6600000000061,973.6600000000061,973.6600000000061,973.6600000000061,973.6600000000061,973.6600000000061,973.6600000000061,973.6600000000061,973.6600000000061,973.6600000000061,973.6600000000061,973.6600000000061,973.6600000000061,973.6600000000061,973.6700000000061,973.6700000000061,973.6700000000061,973.6700000000061,973.6700000000061,973.6700000000061,973.6700000000061,973.6700000000061,973.6700000000061,973.6700000000061,973.6700000000061,973.6700000000061,973.6700000000061,973.6700000000061,973.6700000000061,973.6700000000061,973.6700000000061,973.6700000000061,973.6700000000061,973.6700000000061,
973.6700000000061,973.6700000000061,973.6700000000061,973.6700000000061,973.6700000000061,973.6200000000013,973.6700000000061,973.6200000000013,973.6700000000061,973.6200000000013,973.6700000000061,973.6200000000013,973.6700000000061,973.6200000000013,973.6200000000013,973.6700000000061,973.6200000000013,973.6700000000061,973.6200000000013,973.6700000000061,973.6200000000013,973.6200000000013,973.6200000000013,973.6800000000061,973.6200000000013,973.6200000000013,973.6800000000061,973.6800000000061,973.6900000000061,973.6900000000061,973.6900000000061,973.6900000000061,973.6900000000061,973.7000000000061,973.7000000000061,973.7100000000061,973.7100000000061,973.7100000000061,973.7100000000061,973.7100000000061,973.7100000000061,973.720000000006,973.720000000006,973.720000000006,973.720000000006,973.750000000006,973.750000000006,973.750000000006,973.750000000006,973.760000000006,973.770000000006,973.770000000006,973.7800000000062,973.8000000000062,973.8000000000062,973.8700000000013,973.8000000000062,973.8000000000062,973.8200000000062,973.8200000000062,973.8200000000062,973.8200000000062,973.8500000000062,973.8700000000061,973.8900000000061,973.9300000000061,973.9400000000061,973.9400000000061,973.9400000000061,973.9500000000061,973.9800000000063,974.1200000000013,974.1200000000013,974.1200000000013,974.1200000000013,974.1200000000013,973.9900000000063,974.1200000000013,973.9900000000063,974.1200000000013,973.9900000000063,974.1200000000013,974.1200000000013,974.1200000000013,974.1200000000013,974.1200000000013,974.1200000000013,974.1200000000013,974.1200000000013,974.0200000000062,974.0200000000062,974.0200000000062,974.0200000000062,974.0200000000062,974.0400000000062,974.0600000000062,974.0600000000062,974.0800000000062,974.0800000000062,974.1000000000062,974.1200000000061,974.1500000000063,974.1700000000063,974.1700000000063,974.1700000000063,974.1700000000063,974.3700000000013,974.1700000000063,974.3700000000013,974.1700000000063,974.3700000000013,974.1700000000063,974.3700000000013,974.3700000000013,974.3700000000013,974.3700000000013,974.3700000000013,974.3700000000013,974.3700000000013,974.2000000000063,974.3700000000013,974.3700000000013,974.3700000000013,974.3700000000013,974.3700000000013,974.3700000000013,974.2300000000063,974.2600000000062,974.2600000000062,974.2900000000062,974.2900000000062,974.3100000000062,974.3300000000064,974.3300000000064,974.3600000000064,974.3600000000064,974.4100000000063,974.6200000000013,974.6200000000013,974.6200000000013,974.4400000000063,974.6200000000013,974.6200000000013,974.4400000000063,974.6200000000013,974.4400000000063,974.4400000000063,974.4400000000063,974.4700000000063,974.4900000000063,974.4900000000063,974.5500000000064,974.5500000000064,974.5500000000064,974.5500000000064,974.5500000000064,974.5500000000064,974.5500000000064,974.5500000000064,974.6200000000064,974.6200000000064,974.8600000000013,974.8600000000013,974.8600000000013,974.6900000000063,974.6900000000063,974.6900000000063,974.6900000000063,974.6900000000063,974.7200000000065,974.7200000000065,974.7200000000065,974.7500000000065,974.7800000000065,975.1100000000013,975.1100000000013,975.1100000000013,974.8100000000064,975.1100000000013,974.8100000000064,975.1100000000013,974.8100000000064,975.1100000000013,974.8100000000064,975.1100000000013,974.8100000000064,975.1100000000013,974.8100000000064,975.1100000000013,974.8100000000064,975.1100000000013,975.1100000000013,974.8500000000064,974.8900000000066,974.8900000000066,974.8900000000066,974.8900000000066,974.8900000000066,974.9600000000065,974.9600000000065,974.9600000000065,975.0000000000065,975.0000000000065,975.0000000000065,975.0000000000065,975.0000000000065,975.0000000000065,975.3600000000013,975.0000000000065,975.3600000000013,975.3600000000013,975.3600000000013,975.3600000000013,975.3600000000013,975.3600000000013,975.3600000000013,975.3600000000013,975.3600000000013,975.3600000000013,975.0400000000064,975.3600000000013,975.0400000000064,975.0400000000064,975.0400000000064,975.0400000000064,975.0400000000064,975.0400000000064,975.0400000000064,975.0400000000064,975.0800000000064,975.0800000000064,975.0800000000064,975.1200000000064,975.1600000000063,975.2000000000063,975.6200000000013,975.2400000000065,975.2400000000065,975.2400000000065,975.2400000000065,975.2400000000065,975.2400000000065,975.2400000000065,975.2400000000065,975.2400000000065,975.2400000000065,975.8700000000013,975.8700000000013,975.4100000000066,975.4500000000065,975.4500000000065,975.4500000000065,975.4500000000065,975.4500000000065,975.5000000000065,975.5100000000065,975.5100000000065,976.1200000000013,976.1200000000013,976.1200000000013,976.1200000000013,976.1300000000012,976.1300000000012,976.1300000000012,975.7000000000065,975.7000000000065,975.8000000000067,975.8000000000067,976.3900000000012,975.8000000000067,976.3900000000012,975.8000000000067,976.3900000000012,976.3900000000012,976.3900000000012,976.3900000000012,976.3900000000012,976.3900000000012,976.3900000000012,976.3900000000012,975.9000000000066,975.9500000000065,975.9500000000065,975.9500000000065,976.0100000000067,976.0100000000067,976.6500000000012,976.1200000000066,976.1200000000066,976.1200000000066,976.1200000000066,976.1200000000066,976.1700000000066,976.9100000000012,976.9100000000012,976.2700000000067,976.2700000000067,976.2700000000067,976.3200000000066,976.4300000000068,976.4300000000068,977.1700000000012,977.1800000000012,977.1800000000012,976.4900000000067,977.1800000000012,976.5000000000067,976.5600000000067,976.5600000000067,976.6100000000066,976.6600000000066,976.7200000000065,977.4300000000012,976.7800000000065,976.7800000000065,976.7800000000065,976.7800000000065,976.8300000000066,976.8300000000066,977.6900000000012,977.6900000000012,976.8900000000066,977.6900000000012,976.9500000000065,977.0100000000067,977.0100000000067,977.0100000000067,977.0200000000067,977.0200000000067,977.0200000000067,977.0200000000067,977.0800000000066,977.9400000000012,977.9400000000012,977.9400000000012,977.9400000000012,977.9400000000012,977.9400000000012,977.9400000000012,977.1400000000066,977.9400000000012,977.9500000000012,977.2000000000065,977.3200000000064,977.3200000000064,977.3200000000064,977.3200000000064,977.3200000000064,978.2100000000012,978.2100000000012,978.2100000000012,977.3900000000064,978.2100000000012,977.3900000000064,978.2100000000012,977.3900000000064,978.2200000000012,978.2200000000012,977.4500000000065,977.4500000000065,978.2200000000012,977.6400000000064,978.2200000000012,977.6400000000064,977.6400000000064,977.7000000000063,977.7600000000062,977.7600000000062,977.7600000000062,977.7700000000062,977.7700000000062,977.7700000000062,977.8300000000062,977.8300000000062,978.4800000000012,978.4800000000012,978.4800000000012,978.4800000000012,977.9600000000063,977.9600000000063,977.9600000000063,977.9600000000063,977.9600000000063,977.9600000000063,977.9600000000063,977.9600000000063,978.0300000000062,978.0300000000062,978.0300000000062,978.0300000000062,978.0300000000062,978.0300000000062,978.0300000000062,978.0300000000062,978.0300000000062,978.0300000000062,978.4800000000012,978.4800000000012,978.4800000000012,978.4800000000012,978.4800000000012,978.4800000000012,978.4800000000012,978.4800000000012,978.1000000000062,978.1000000000062,978.1700000000061,978.1700000000061,978.1700000000061,978.240000000006,978.240000000006,978.240000000006,978.7400000000011,978.7400000000011,978.7400000000011,978.7400000000011,978.7400000000011,978.7400000000011,978.3100000000062,978.7400000000011,978.3800000000061,978.4500000000061,978.5200000000062,978.5200000000062,978.7400000000011,978.7400000000011,978.7400000000011,978.6700000000061,978.6700000000061,978.6700000000061,978.6700000000061,979.0000000000011,978.6700000000061,979.0000000000011,978.6700000000061,979.0000000000011,979.0000000000011,979.0000000000011,979.0000000000011,979.0000000000011,978.740000000006,978.8900000000061,978.8900000000061,978.8900000000061,978.8900000000061,978.8900000000061,978.8900000000061,978.8900000000061,978.8900000000061,978.8900000000061,978.8900000000061,978.9000000000061,979.2600000000011,978.9000000000061,979.2600000000011,979.0500000000062,979.0500000000062,979.0500000000062,979.0500000000062,979.0500000000062,979.0500000000062,979.0500000000062,979.0500000000062,979.0500000000062,979.0500000000062,979.0500000000062,979.0500000000062,979.0500000000062,979.0500000000062,979.0500000000062,979.0500000000062,979.0500000000062,979.0500000000062,979.0500000000062,979.0600000000062,979.0600000000062,979.0600000000062,979.0600000000062,979.0600000000062,979.0600000000062,979.0600000000062,979.0600000000062,979.5200000000013,979.0600000000062,979.0600000000062,979.0600000000062,979.0600000000062,979.0600000000062,979.0600000000062,979.0600000000062,979.0600000000062,979.0600000000062,979.0600000000062,979.0600000000062,979.0600000000062,979.0600000000062,979.0600000000062,979.0600000000062,979.0600000000062,979.0600000000062,979.0600000000062,979.0600000000062,979.0600000000062,979.0600000000062,979.2200000000063,979.2200000000063,979.2200000000063,979.2200000000063,979.2200000000063,979.7900000000013,979.2200000000063,979.7900000000013,979.2200000000063,979.2200000000063,979.2200000000063,979.2200000000063,979.2200000000063,979.2200000000063,979.2200000000063,979.2200000000063,979.2200000000063,979.2200000000063,979.2200000000063,979.2200000000063,979.2200000000063,979.2200000000063,979.2200000000063,979.2200000000063,979.2200000000063,979.2200000000063,979.2200000000063,979.2200000000063,979.2200000000063,979.2200000000063,979.2200000000063,979.2200000000063,979.2200000000063,979.2200000000063,979.2200000000063,979.2200000000063,979.2200000000063,979.2200000000063,979.2200000000063,979.2200000000063,979.2200000000063,979.2200000000063,979.2200000000063,979.2200000000063,979.2200000000063,979.2200000000063,979.2200000000063,979.2200000000063,979.2200000000063,979.2200000000063,979.2200000000063,980.0500000000013,980.0500000000013,979.2200000000063,980.0500000000013,979.2200000000063,980.0500000000013,979.2200000000063,980.0500000000013,979.2200000000063,979.2200000000063,979.2200000000063,979.2200000000063,979.2200000000063,979.2200000000063,979.2200000000063,979.2200000000063,979.2200000000063,979.2200000000063,979.2200000000063,979.2200000000063,979.2200000000063,979.2200000000063,979.2200000000063,979.2200000000063,979.2200000000063,979.2200000000063,979.2200000000063,979.2200000000063,979.2200000000063,979.2200000000063,979.2200000000063,979.2200000000063,979.2200000000063,979.2200000000063,979.2200000000063,979.2200000000063,979.2200000000063,979.2200000000063,979.2200000000063,979.2200000000063,979.2200000000063,979.2200000000063,979.3000000000062,979.3000000000062,979.3000000000062,979.3000000000062,979.3000000000062,979.3000000000062,979.3000000000062,979.3000000000062,979.3000000000062,980.3100000000013,979.3000000000062,980.3100000000013,979.3000000000062,980.3100000000013,979.3000000000062,980.3100000000013,979.3000000000062,979.3000000000062,979.3000000000062,979.3000000000062,979.3000000000062,979.3000000000062,979.3000000000062,979.3100000000062,979.3100000000062,979.3100000000062,979.3100000000062,979.3100000000062,979.3100000000062,979.3100000000062,979.3100000000062,979.3100000000062,979.3100000000062,979.3100000000062,979.3100000000062,979.3100000000062,979.3100000000062,979.3100000000062,979.3100000000062,979.3100000000062,979.3100000000062,979.3100000000062,979.3100000000062,979.3100000000062,979.3100000000062,979.3100000000062,979.3100000000062,979.3100000000062,979.3100000000062,979.3100000000062,979.3100000000062,979.3100000000062,979.3100000000062,979.3100000000062,979.3100000000062,979.3100000000062,979.3100000000062,979.3100000000062,979.3100000000062,979.3200000000062,979.3200000000062,979.3200000000062,979.3200000000062,979.3200000000062,979.3200000000062,979.3200000000062,979.3200000000062,979.3200000000062,979.3200000000062,979.3200000000062,979.3200000000062,979.3200000000062,979.3200000000062,979.3200000000062,979.3200000000062,979.3200000000062,979.3200000000062,979.3200000000062,979.3200000000062,979.3200000000062,980.5800000000013,979.3200000000062,980.5800000000013,979.3200000000062,980.5800000000013,979.3200000000062,980.5800000000013,979.3200000000062,980.5800000000013,979.3200000000062,980.5800000000013,979.3200000000062,980.5800000000013,979.3200000000062,980.5800000000013,979.3200000000062,979.3200000000062,979.3200000000062,979.3200000000062,979.3200000000062,979.3200000000062,979.3200000000062,979.3200000000062,979.3200000000062,979.3200000000062,979.3200000000062,979.3200000000062,979.3200000000062,979.3200000000062,979.3200000000062,979.3200000000062,979.3200000000062,979.3200000000062,979.3200000000062,979.3200000000062,979.3200000000062,979.3200000000062,979.3200000000062,979.3200000000062,979.3200000000062,979.3200000000062,979.3200000000062,979.3200000000062,979.3200000000062,979.3200000000062,979.3200000000062,979.3200000000062,979.3200000000062,979.3200000000062,979.3200000000062,979.3200000000062,979.3200000000062,979.3200000000062,979.3200000000062,979.3200000000062,979.3200000000062,979.3200000000062,979.3200000000062,979.3200000000062,979.3200000000062,979.3200000000062,979.3200000000062,979.3200000000062,979.3200000000062,979.3200000000062,979.3200000000062,979.3200000000062,979.3300000000062,979.3300000000062,979.3300000000062,979.3300000000062,979.3300000000062,979.3300000000062,979.3300000000062,979.3300000000062,979.3300000000062,979.3300000000062,979.3300000000062,980.8400000000013,979.3300000000062,980.8400000000013,979.3300000000062,980.8400000000013,979.3400000000062,980.8400000000013,979.3400000000062,980.8400000000013,979.3400000000062,980.8400000000013,979.3400000000062,980.8400000000013,979.3400000000062,980.8400000000013,979.3400000000062,980.8400000000013,979.3400000000062,979.3400000000062,979.3400000000062,979.3400000000062,979.3400000000062,979.3400000000062,979.3400000000062,979.3400000000062,979.3400000000062,979.3400000000062,979.3400000000062,979.3400000000062,979.3400000000062,979.3400000000062,979.3400000000062,979.3400000000062,979.3400000000062,979.3400000000062,979.3400000000062,979.3400000000062,979.3400000000062,979.3400000000062,979.3400000000062,979.3400000000062,979.3400000000062,979.3400000000062,979.3400000000062,979.3400000000062,979.3500000000062,979.3500000000062,979.3500000000062,979.3500000000062,979.3500000000062,979.4300000000061,979.4300000000061,979.4300000000061,979.4300000000061,979.4300000000061,979.4300000000061,979.4300000000061,979.4300000000061,979.4300000000061,981.1000000000013,979.4300000000061,981.1000000000013,979.4300000000061,981.1000000000013,979.4300000000061,979.4300000000061,979.4300000000061,979.4300000000061,979.4300000000061,979.4300000000061,979.4300000000061,979.4300000000061,979.4300000000061,979.4300000000061,979.4400000000061,979.4400000000061,979.4400000000061,979.4400000000061,979.4400000000061,979.4400000000061,979.4400000000061,979.4400000000061,979.4400000000061,979.4400000000061,979.4400000000061,979.4400000000061,979.4400000000061,979.4400000000061,979.4400000000061,979.4400000000061,979.4400000000061,979.4400000000061,979.4400000000061,979.4400000000061,979.4400000000061,979.4400000000061,979.4400000000061,979.4400000000061,979.4400000000061,979.4400000000061,979.4400000000061,979.4400000000061,979.4400000000061,979.4400000000061,979.4400000000061,979.4400000000061,979.4400000000061,979.4500000000061,979.4500000000061,979.4500000000061,979.4600000000061,979.4600000000061,979.4600000000061,979.4600000000061,979.4600000000061,979.4600000000061,979.4600000000061,979.4600000000061,979.4600000000061,979.4600000000061,979.4600000000061,979.4600000000061,979.4600000000061,979.4600000000061,979.470000000006,979.470000000006,979.470000000006,979.470000000006,979.470000000006,979.470000000006,979.470000000006,979.470000000006,979.470000000006,979.470000000006,979.470000000006,979.470000000006,979.470000000006,979.470000000006,979.470000000006,979.470000000006,979.470000000006,979.470000000006,979.470000000006,979.470000000006,979.470000000006,979.470000000006,979.470000000006,979.470000000006,979.470000000006,979.480000000006,979.480000000006,979.480000000006,979.480000000006,979.480000000006,979.480000000006,979.480000000006,979.480000000006,979.480000000006,979.480000000006,979.480000000006,979.480000000006,979.480000000006,979.480000000006,979.480000000006,979.480000000006,979.480000000006,979.480000000006,979.480000000006,981.3700000000013,979.480000000006,981.3700000000013,979.480000000006,981.3700000000013,979.480000000006,981.3700000000013,979.480000000006,981.3700000000013,979.480000000006,981.3700000000013,979.480000000006,981.3700000000013,979.480000000006,981.3700000000013,979.480000000006,981.3700000000013,979.480000000006,981.3700000000013,979.480000000006,981.3700000000013,979.480000000006,981.3700000000013,979.480000000006,981.3700000000013,979.480000000006,981.3700000000013,979.480000000006,981.3700000000013,979.480000000006,981.3700000000013,979.480000000006,981.3700000000013,979.480000000006,981.3700000000013,979.480000000006,981.3700000000013,979.480000000006,981.3700000000013,979.480000000006,981.3700000000013,979.480000000006,981.3800000000012,979.480000000006,981.3800000000012,981.3800000000012,981.3800000000012,979.560000000006,979.560000000006,979.560000000006,979.560000000006,979.560000000006,979.560000000006,979.560000000006,979.560000000006,979.560000000006,979.560000000006,979.560000000006,979.560000000006,979.560000000006,979.560000000006,979.560000000006,979.560000000006,979.560000000006,979.560000000006,979.560000000006,979.560000000006,979.570000000006,979.570000000006,979.570000000006,979.570000000006,979.570000000006,979.570000000006,979.570000000006,979.570000000006,979.570000000006,979.570000000006,979.570000000006,979.570000000006,979.570000000006,979.570000000006,979.570000000006,979.570000000006,979.570000000006,979.570000000006,979.570000000006,979.570000000006,979.570000000006,979.570000000006,979.570000000006,979.570000000006,979.570000000006,979.570000000006,979.570000000006,979.570000000006,979.570000000006,979.570000000006,979.580000000006,979.580000000006,979.580000000006,979.580000000006,979.580000000006,979.580000000006,979.580000000006,979.580000000006,979.580000000006,979.580000000006,979.580000000006,979.580000000006,979.580000000006,979.580000000006,979.580000000006,979.580000000006,979.580000000006,979.580000000006,979.580000000006,979.580000000006,979.580000000006,979.580000000006,979.580000000006,979.580000000006,979.580000000006,979.580000000006,979.580000000006,979.580000000006,979.580000000006,979.580000000006,979.580000000006,979.580000000006,979.580000000006,979.580000000006,979.580000000006,979.580000000006,979.580000000006,979.580000000006,979.580000000006,979.580000000006,979.580000000006,979.580000000006,979.580000000006,979.580000000006,979.580000000006,979.590000000006,979.590000000006,979.590000000006,979.590000000006,979.590000000006,979.590000000006,979.590000000006,979.590000000006,979.590000000006,979.590000000006,979.590000000006,979.6000000000059,981.6500000000012,979.6000000000059,979.6000000000059,979.6000000000059,979.6000000000059,979.6000000000059,979.6000000000059,979.6000000000059,979.6000000000059,979.6000000000059,979.6000000000059,979.6000000000059,979.6000000000059,979.6000000000059,979.6000000000059,979.6000000000059,979.6000000000059,979.6000000000059,979.6000000000059,979.6000000000059,979.6000000000059,979.6000000000059,979.6000000000059,979.6000000000059,979.6000000000059,979.6000000000059,979.6000000000059,979.6000000000059,979.6000000000059,979.6000000000059,979.6000000000059,979.6000000000059,979.6000000000059,979.6000000000059,979.6000000000059,979.6000000000059,979.6000000000059,979.6000000000059,979.6000000000059,979.6000000000059,979.6000000000059,979.6000000000059,979.6000000000059,979.6000000000059,979.6000000000059,979.6000000000059,979.6000000000059,979.6000000000059,979.6000000000059,979.6000000000059,979.6000000000059,979.6000000000059,979.6000000000059,979.6000000000059,979.6000000000059,979.6000000000059,979.6000000000059,979.6000000000059,979.6000000000059,979.6000000000059,979.6000000000059,979.6000000000059,979.6000000000059,979.6000000000059,979.6000000000059,979.6000000000059,981.9100000000012,979.6000000000059,981.9100000000012,979.6000000000059,981.9100000000012,979.6000000000059,979.6000000000059,979.6000000000059,979.6000000000059,979.6000000000059,979.6000000000059,979.6000000000059,979.6000000000059,979.6000000000059,979.6000000000059,979.6000000000059,979.6000000000059,979.6000000000059,979.6000000000059,979.6000000000059,979.6000000000059,979.6000000000059,979.6000000000059,979.6000000000059,979.6000000000059,979.6000000000059,979.6000000000059,979.6000000000059,979.6000000000059,979.6000000000059,979.6000000000059,979.6000000000059,979.6000000000059,979.6000000000059,979.6000000000059,979.6000000000059,979.6000000000059,979.6000000000059,979.6000000000059,979.6000000000059,979.6000000000059,979.6000000000059,979.6000000000059,979.6000000000059,979.6000000000059,979.6000000000059,979.6000000000059,979.6100000000059,979.6100000000059,979.6100000000059,979.6100000000059,979.6100000000059,979.6100000000059,979.6100000000059,979.6100000000059,979.6100000000059,979.6100000000059,979.6100000000059,979.6100000000059,979.6100000000059,979.6100000000059,979.6100000000059,979.6100000000059,979.6100000000059,979.6100000000059,979.6100000000059,979.6100000000059,979.6100000000059,982.1800000000012,979.6100000000059,982.1800000000012,979.6100000000059,982.1800000000012,979.6100000000059,979.6100000000059,979.6100000000059,979.6100000000059,979.6100000000059,979.6100000000059,979.6100000000059,979.6100000000059,979.6100000000059,979.6100000000059,979.6100000000059,979.6100000000059,979.6100000000059,979.6100000000059,979.6100000000059,979.6100000000059,979.6100000000059,979.6100000000059,979.6100000000059,979.6100000000059,979.6100000000059,979.6100000000059,979.6100000000059,979.6100000000059,979.6100000000059,979.6100000000059,979.6100000000059,979.6100000000059,979.6100000000059,979.6100000000059,979.6100000000059,979.6100000000059,979.6100000000059,979.6100000000059,979.6100000000059,979.6100000000059,979.6100000000059,979.6100000000059,979.6100000000059,979.6100000000059,979.6100000000059,979.6100000000059,979.6200000000059,979.6200000000059,979.6200000000059,979.6200000000059,979.6200000000059,979.6200000000059,979.6200000000059,979.6200000000059,979.6200000000059,979.6200000000059,979.6200000000059,979.6200000000059,979.6200000000059,979.6200000000059,979.6200000000059,979.6200000000059,979.6200000000059,979.6200000000059,979.6200000000059,979.6200000000059,979.6200000000059,979.6200000000059,982.4500000000012,979.6200000000059,982.4500000000012,979.6200000000059,982.4500000000012,979.6200000000059,979.6200000000059,979.6200000000059,979.6200000000059,979.6300000000059,979.6300000000059,979.6300000000059,979.6300000000059,979.6300000000059,979.6300000000059,979.6300000000059,979.6300000000059,979.6300000000059,979.6300000000059,979.6300000000059,979.6300000000059,979.6300000000059,979.6300000000059,979.6300000000059,979.6300000000059,979.6300000000059,979.6300000000059,979.6300000000059,979.6400000000059,979.6400000000059,979.6400000000059,979.6400000000059,979.6400000000059,979.6400000000059,979.6400000000059,979.6400000000059,979.6400000000059,979.6400000000059,979.6400000000059,979.6400000000059,979.6400000000059,979.6400000000059,979.6400000000059,979.6400000000059,979.6400000000059,979.6400000000059,979.6400000000059,979.6400000000059,979.6400000000059,979.6400000000059,979.6400000000059,979.6400000000059,979.6400000000059,979.6400000000059,979.6400000000059,979.6400000000059,979.6500000000059,979.6500000000059,979.6500000000059,979.6500000000059,979.6500000000059,979.6500000000059,979.6500000000059,979.6500000000059,979.6500000000059,979.6500000000059,979.6500000000059,979.6500000000059,982.4500000000012,979.6500000000059,982.4500000000012,979.6500000000059,982.4500000000012,979.6500000000059,982.4500000000012,979.6500000000059,982.4500000000012,982.4500000000012,982.4500000000012,982.4500000000012,982.4500000000012,982.4500000000012,982.4500000000012,979.7300000000058,979.7300000000058,979.7300000000058,979.7300000000058,979.7300000000058,979.7300000000058,979.7300000000058,979.7300000000058,979.7300000000058,979.7300000000058,979.8100000000057,979.8100000000057,979.8100000000057,979.8100000000057,979.8100000000057,979.8100000000057,979.8100000000057,979.8100000000057,979.8100000000057,979.8100000000057,979.8100000000057,979.8100000000057,979.8100000000057,979.8100000000057,979.8100000000057,979.8100000000057,979.8100000000057,979.8100000000057,979.8100000000057,979.8100000000057,982.4500000000012,979.8100000000057,982.4500000000012,979.8100000000057,982.4500000000012,979.8100000000057,982.4500000000012,979.8100000000057,979.8100000000057,979.8100000000057,979.8100000000057,979.8100000000057,979.8100000000057,979.8100000000057,979.8100000000057,979.8100000000057,979.8100000000057,979.8100000000057,979.8100000000057,979.8100000000057,979.8100000000057,979.8200000000057,979.8200000000057,979.8200000000057,979.8200000000057,979.8200000000057,979.8200000000057,979.8200000000057,979.8200000000057,979.8200000000057,979.8200000000057,979.8200000000057,979.8200000000057,979.8200000000057,979.8200000000057,979.8200000000057,979.8200000000057,979.8200000000057,979.8200000000057,979.8200000000057,979.8200000000057,979.8200000000057,979.8200000000057,979.8200000000057,979.8200000000057,979.8200000000057,979.8200000000057,979.8200000000057,979.8200000000057,979.8200000000057,982.4500000000012,982.4500000000012,982.4500000000012,982.4500000000012,982.4500000000012,979.9900000000058,979.9900000000058,979.9900000000058,979.9900000000058,979.9900000000058,979.9900000000058,979.9900000000058,979.9900000000058,979.9900000000058,979.9900000000058,979.9900000000058,979.9900000000058,979.9900000000058,979.9900000000058,979.9900000000058,979.9900000000058,979.9900000000058,979.9900000000058,979.9900000000058,979.9900000000058,979.9900000000058,979.9900000000058,979.9900000000058,979.9900000000058,979.9900000000058,979.9900000000058,979.9900000000058,979.9900000000058,980.0000000000058,980.0000000000058,980.0000000000058,980.0000000000058,980.0000000000058,980.0000000000058,980.0000000000058,980.0000000000058,980.0000000000058,980.0000000000058,980.0000000000058,980.0000000000058,980.0000000000058,980.0000000000058,980.0000000000058,980.0000000000058,980.0000000000058,980.0000000000058,980.0000000000058,980.0000000000058,982.4500000000012,980.0000000000058,982.4500000000012,980.0000000000058,982.4500000000012,980.0000000000058,982.4500000000012,980.0000000000058,982.4500000000012,980.0000000000058,982.4500000000012,980.0000000000058,982.4500000000012,980.0000000000058,982.4500000000012,980.0000000000058,982.4500000000012,980.0000000000058,982.4500000000012,980.0000000000058,982.4500000000012,980.0000000000058,982.4500000000012,980.0000000000058,982.4500000000012,980.0000000000058,982.4500000000012,982.4500000000012,982.4500000000012,982.4600000000012,982.4600000000012,982.4600000000012,982.4600000000012,982.4600000000012,982.4600000000012,982.4600000000012,982.4600000000012,982.4600000000012,982.4600000000012,982.4600000000012,982.4600000000012,982.4600000000012,982.4600000000012,982.4600000000012,982.4600000000012,982.4600000000012,982.4600000000012,982.4600000000012,982.4600000000012,982.4600000000012,982.4600000000012,982.4600000000012,982.4600000000012,982.4600000000012,982.4600000000012,982.4600000000012,982.4600000000012,982.4600000000012,982.4600000000012,982.4600000000012,982.4600000000012,982.4600000000012,982.4600000000012,982.4600000000012,982.4600000000012,982.4600000000012,982.4600000000012,982.4700000000012,982.4700000000012,982.4700000000012,982.4700000000012,982.4700000000012,982.4700000000012,982.4700000000012,982.4700000000012,982.4800000000012,982.4800000000012,982.4800000000012,982.4800000000012,982.4800000000012,982.4800000000012,982.4800000000012,982.4800000000012,982.4800000000012,982.4900000000011,982.4900000000011,982.4900000000011,982.4900000000011,982.4900000000011,982.4900000000011,982.4900000000011,982.4900000000011,982.4900000000011,982.4900000000011,982.4900000000011,982.4900000000011,982.4900000000011,982.4900000000011,982.4900000000011,982.4900000000011,982.4900000000011,982.4900000000011,982.4900000000011,982.4900000000011,982.4900000000011,982.4900000000011,982.4900000000011,982.4900000000011,982.4900000000011,980.2500000000058,982.4900000000011,980.2500000000058,982.4900000000011,982.4900000000011,980.2500000000058,982.4900000000011,980.2500000000058,982.4900000000011,980.2500000000058,982.4900000000011,980.2500000000058,982.4900000000011,980.2500000000058,982.4900000000011,980.2500000000058,982.4900000000011,980.2600000000058,982.4900000000011,980.2600000000058,982.4900000000011,980.2600000000058,982.4900000000011,980.2600000000058,982.4900000000011,982.4900000000011,980.2600000000058,982.4900000000011,980.2600000000058,982.4900000000011,980.2600000000058,982.4900000000011,980.2600000000058,982.4900000000011,980.2600000000058,982.4900000000011,980.2600000000058,982.4900000000011,980.2600000000058,982.4900000000011,980.2600000000058,982.4900000000011,980.2600000000058,982.4900000000011,980.2600000000058,982.4900000000011,980.2600000000058,982.4900000000011,980.2600000000058,982.4900000000011,980.2600000000058,982.4900000000011,982.4900000000011,980.2600000000058,982.4900000000011,980.2600000000058,982.4900000000011,980.2600000000058,982.5000000000011,980.2600000000058,982.5000000000011,980.2600000000058,982.5000000000011,980.2600000000058,982.5000000000011,980.2600000000058,982.5000000000011,980.2600000000058,982.5000000000011,980.2600000000058,982.5000000000011,980.2600000000058,982.5000000000011,980.2600000000058,982.5000000000011,980.2600000000058,982.5000000000011,982.5000000000011,980.2700000000058,982.5000000000011,980.2700000000058,982.5000000000011,980.2700000000058,982.5000000000011,980.2700000000058,982.5000000000011,980.2700000000058,982.5000000000011,980.2700000000058,982.5000000000011,980.2700000000058,982.5000000000011,980.2700000000058,982.5000000000011,980.2700000000058,982.5000000000011,980.2700000000058,982.5000000000011,982.5100000000011,980.2700000000058,982.5100000000011,980.2700000000058,982.5100000000011,980.2700000000058,982.5100000000011,980.2700000000058,982.5100000000011,980.2700000000058,982.5100000000011,980.2700000000058,982.5100000000011,980.2700000000058,982.5100000000011,980.2700000000058,982.5100000000011,980.2700000000058,982.5100000000011,980.2700000000058,982.5100000000011,980.2700000000058,982.5100000000011,980.2700000000058,982.5100000000011,980.2700000000058,982.5100000000011,980.2700000000058,982.5100000000011,982.5100000000011,980.2700000000058,982.5100000000011,980.2700000000058,982.5100000000011,980.2700000000058,982.5100000000011,980.2700000000058,982.5100000000011,980.2700000000058,982.5100000000011,980.2700000000058,982.5100000000011,980.2700000000058,982.5100000000011,980.2700000000058,982.5100000000011,980.2700000000058,982.5100000000011,980.2700000000058,982.5100000000011,980.2700000000058,982.5100000000011,980.2700000000058,982.5100000000011,982.5100000000011,980.2700000000058,982.5100000000011,980.2700000000058,982.5100000000011,980.2700000000058,982.5100000000011,980.2700000000058,982.5100000000011,980.2700000000058,982.5100000000011,980.2700000000058,982.5100000000011,980.2700000000058,982.5100000000011,980.2700000000058,982.5100000000011,980.2700000000058,982.5100000000011,980.2700000000058,982.5100000000011,980.2700000000058,982.5100000000011,980.2700000000058,982.5100000000011,980.2700000000058,982.5100000000011,980.2700000000058,982.5100000000011,980.2700000000058,982.5100000000011,980.2700000000058,982.5100000000011,980.2700000000058,982.5100000000011,980.2700000000058,982.5100000000011,980.2800000000058,982.5100000000011,980.2800000000058,982.5100000000011,980.2800000000058,982.5100000000011,982.5200000000011,980.2800000000058,982.5200000000011,980.2800000000058,982.5200000000011,980.2800000000058,982.5200000000011,980.2800000000058,982.5200000000011,980.2800000000058,982.5200000000011,980.2800000000058,982.5200000000011,980.2800000000058,982.5200000000011,980.2800000000058,982.5200000000011,980.2800000000058,982.5200000000011,982.5200000000011,980.2800000000058,982.5200000000011,980.2800000000058,982.5200000000011,980.2800000000058,982.5200000000011,980.2800000000058,982.5200000000011,980.2800000000058,982.5200000000011,980.2800000000058,982.5200000000011,980.2800000000058,982.5200000000011,980.2800000000058,982.5200000000011,980.2800000000058,982.5200000000011,980.2800000000058,982.5200000000011,980.2800000000058,982.5200000000011,982.5200000000011,980.2800000000058,982.5200000000011,980.2800000000058,982.5200000000011,982.5200000000011,982.5200000000011,982.5200000000011,982.5200000000011,982.5200000000011,982.5200000000011,982.5200000000011,982.5200000000011,982.5200000000011,982.5200000000011,982.5200000000011,982.5200000000011,982.5200000000011,982.5200000000011,982.5200000000011,982.5200000000011,982.5200000000011,982.5200000000011,982.5200000000011,982.5200000000011,982.5200000000011,980.3600000000059,982.5200000000011,980.3600000000059,982.5200000000011,980.3600000000059,982.5200000000011,980.3600000000059,982.5200000000011,980.3600000000059,982.5200000000011,980.3600000000059,982.5200000000011,980.3600000000059,982.5200000000011,980.3600000000059,982.5200000000011,982.5200000000011,980.3600000000059,982.5200000000011,980.3600000000059,982.5200000000011,980.3600000000059,982.5200000000011,980.3600000000059,982.5200000000011,980.3600000000059,982.5200000000011,980.3600000000059,982.5200000000011,980.3600000000059,982.5200000000011,980.3600000000059,982.5200000000011,980.3600000000059,982.5200000000011,980.3600000000059,982.5200000000011,980.3600000000059,982.5200000000011,982.5200000000011,980.3600000000059,982.5200000000011,980.3600000000059,982.5200000000011,980.3600000000059,982.5200000000011,980.3600000000059,982.5200000000011,980.3600000000059,982.5200000000011,980.3600000000059,982.5200000000011,980.3600000000059,982.5200000000011,980.3600000000059,982.5200000000011,980.3600000000059,982.5200000000011,980.3600000000059,982.5200000000011,980.3600000000059,982.5200000000011,982.5200000000011,980.3600000000059,982.5200000000011,980.3600000000059,982.5200000000011,980.3600000000059,982.5200000000011,980.3600000000059,982.5200000000011,980.3600000000059,982.5200000000011,980.3600000000059,982.5200000000011,980.3600000000059,982.5200000000011,980.3600000000059,982.5200000000011,980.3600000000059,982.5200000000011,980.3600000000059,982.5200000000011,980.3600000000059,982.5200000000011,982.5200000000011,980.3600000000059,982.5200000000011,980.3600000000059,982.5200000000011,980.3600000000059,982.5200000000011,980.3600000000059,982.5200000000011,980.3600000000059,982.5200000000011,980.3600000000059,982.5200000000011,980.3600000000059,982.5200000000011,980.3600000000059,982.5200000000011,980.3600000000059,982.5200000000011,980.3600000000059,982.5200000000011,980.3600000000059,982.5200000000011,980.3600000000059,982.5200000000011,980.3600000000059,982.5200000000011,980.3600000000059,982.5200000000011,980.3600000000059,982.5200000000011,982.5200000000011,980.3600000000059,982.5200000000011,980.3600000000059,982.5300000000011,980.3600000000059,982.5300000000011,982.5300000000011,982.5300000000011,982.5300000000011,982.5300000000011,982.5300000000011,982.5300000000011,982.5300000000011,982.5300000000011,982.5300000000011,982.5300000000011,982.5300000000011,982.5300000000011,982.5400000000011,982.5400000000011,982.5400000000011,982.5400000000011,982.5400000000011,982.5400000000011,982.5400000000011,982.5400000000011,982.5400000000011,982.5400000000011,982.5400000000011,982.5400000000011,982.5400000000011,982.5400000000011,982.5400000000011,982.5400000000011,982.5400000000011,982.5400000000011,982.5400000000011,982.5400000000011,982.5400000000011,982.5400000000011,982.5400000000011,982.5400000000011,982.5400000000011,982.5400000000011,982.5400000000011,982.5400000000011,982.5400000000011,982.5400000000011,982.5400000000011,980.5300000000058,982.5400000000011,980.5300000000058,982.5400000000011,980.5300000000058,982.5400000000011,980.5300000000058,982.5400000000011,980.5300000000058,982.5400000000011,980.5300000000058,982.5400000000011,980.5300000000058,982.5400000000011,980.5300000000058,982.5400000000011,982.5400000000011,980.5300000000058,982.5400000000011,982.5400000000011,980.7100000000058,980.7100000000058,980.7100000000058,980.7100000000058,980.7100000000058,980.7100000000058,980.7100000000058,980.7100000000058,980.7100000000058,980.7100000000058,980.7100000000058,980.7100000000058,980.7100000000058,980.7100000000058,980.7100000000058,980.7100000000058,980.7100000000058,980.7100000000058,980.7100000000058,980.7100000000058,980.7100000000058,980.7100000000058,980.7100000000058,980.7100000000058,980.7100000000058,982.5400000000011,980.7100000000058,982.5400000000011,980.7100000000058,982.5400000000011,980.7100000000058,982.5400000000011,980.7100000000058,982.5400000000011,980.7100000000058,982.5400000000011,980.7100000000058,982.5400000000011,980.7100000000058,982.5400000000011,980.7100000000058,982.5400000000011,980.7100000000058,982.5400000000011,980.7100000000058,982.5400000000011,980.7100000000058,982.5400000000011,980.7100000000058,982.5400000000011,980.7100000000058,982.5400000000011,980.7100000000058,982.5400000000011,980.7100000000058,982.5400000000011,980.7100000000058,982.5400000000011,980.7200000000058,982.5400000000011,980.7200000000058,982.5400000000011,980.7200000000058,982.5400000000011,980.7200000000058,982.5400000000011,982.5400000000011,980.7200000000058,982.5400000000011,980.7200000000058,982.5400000000011,980.7200000000058,982.5400000000011,980.7200000000058,982.5400000000011,980.7200000000058,982.5400000000011,980.7200000000058,982.5400000000011,980.7200000000058,982.5400000000011,980.7200000000058,982.5400000000011,980.7200000000058,982.5400000000011,980.7200000000058,982.5400000000011,980.7200000000058,982.5400000000011,980.7200000000058,982.5400000000011,980.7200000000058,982.5400000000011,980.7200000000058,982.5400000000011,980.7200000000058,982.5400000000011,980.7200000000058,982.5400000000011,980.7200000000058,982.5400000000011,982.5400000000011,980.7200000000058,982.5400000000011,980.7200000000058,982.5400000000011,980.7200000000058,982.5400000000011,980.7200000000058,982.5400000000011,980.7200000000058,982.5400000000011,980.7200000000058,982.5400000000011,980.7200000000058,982.5400000000011,980.7200000000058,982.5400000000011,980.7200000000058,982.5400000000011,980.7200000000058,982.5400000000011,980.7200000000058,982.5400000000011,980.7300000000058,982.5400000000011,980.7300000000058,982.5400000000011,982.5400000000011,980.7300000000058,982.5400000000011,980.7300000000058,982.5400000000011,980.7300000000058,982.5400000000011,980.7300000000058,982.5400000000011,980.7300000000058,982.5400000000011,980.7300000000058,982.5400000000011,980.7300000000058,982.5400000000011,980.7300000000058,982.5400000000011,980.7300000000058,982.5400000000011,980.7300000000058,982.5500000000011,980.7300000000058,982.5500000000011,980.7300000000058,982.5500000000011,980.7300000000058,982.5500000000011,982.5500000000011,980.7300000000058,982.5500000000011,980.7300000000058,982.5500000000011,980.7300000000058,982.5500000000011,980.7300000000058,982.5500000000011,980.7300000000058,982.5500000000011,980.7300000000058,982.5500000000011,980.7300000000058,982.5500000000011,980.7300000000058,982.5500000000011,980.7300000000058,982.5500000000011,980.7300000000058,982.5500000000011,980.7300000000058,982.5500000000011,982.5500000000011,980.7300000000058,982.5500000000011,980.7300000000058,982.5500000000011,980.7300000000058,982.5600000000011,980.7300000000058,982.5600000000011,980.7300000000058,982.5600000000011,980.7300000000058,982.5600000000011,980.7400000000058,982.5600000000011,980.7400000000058,980.7400000000058,980.7400000000058,980.7400000000058,980.7500000000058,980.7500000000058,980.7500000000058,980.7500000000058,980.7500000000058,980.7500000000058,980.7500000000058,980.7500000000058,980.7500000000058,980.7500000000058,980.7500000000058,980.7500000000058,980.7500000000058,980.7500000000058,980.7500000000058,980.7500000000058,980.7500000000058,980.7500000000058,980.7500000000058,980.7600000000058,980.7600000000058,980.7600000000058,980.7600000000058,980.7600000000058,980.7600000000058,980.7600000000058,980.7600000000058,980.7700000000058,980.7700000000058,980.7700000000058,980.7700000000058,980.7700000000058,980.7700000000058,980.7700000000058,980.7700000000058,980.7700000000058,980.7700000000058,980.7700000000058,980.7700000000058,980.7700000000058,980.7700000000058,980.7700000000058,980.7700000000058,980.7700000000058,980.7700000000058,980.7700000000058,980.7700000000058,980.7700000000058,980.7700000000058,980.7700000000058,980.7700000000058,980.7700000000058,980.7700000000058,980.7700000000058,980.7800000000058,980.7800000000058,980.7800000000058,980.7800000000058,980.7900000000058,982.5600000000011,980.7900000000058,982.5600000000011,980.7900000000058,982.5600000000011,980.7900000000058,982.5600000000011,980.7900000000058,982.5600000000011,982.5600000000011,982.5600000000011,982.5600000000011,982.5600000000011,982.5600000000011,982.5600000000011,982.5600000000011,982.5600000000011,982.5600000000011,982.5600000000011,982.5600000000011,982.5600000000011,982.5600000000011,982.5600000000011,982.5600000000011,982.5600000000011,982.5600000000011,982.5600000000011,982.5600000000011,982.5600000000011,982.5600000000011,982.5600000000011,982.5600000000011,982.5600000000011,982.5600000000011,982.5600000000011,982.5600000000011,982.5600000000011,982.5600000000011,982.5600000000011,982.5600000000011,982.5600000000011,982.5600000000011,982.5600000000011,982.5600000000011,982.5600000000011,982.5600000000011,982.5600000000011,982.5600000000011,982.5600000000011,982.5600000000011,982.5600000000011,982.5600000000011,980.9600000000058,982.5600000000011,980.9600000000058,982.5600000000011,980.9600000000058,982.5600000000011,980.9600000000058,982.5600000000011,980.9600000000058,982.5600000000011,980.9600000000058,982.5600000000011,982.5600000000011,980.9600000000058,982.5600000000011,980.9600000000058,982.5600000000011,980.9600000000058,982.5600000000011,980.9600000000058,982.5600000000011,980.9600000000058,982.5600000000011,980.9600000000058,982.5600000000011,980.9600000000058,982.5600000000011,980.9600000000058,982.5600000000011,980.9600000000058,982.5600000000011,980.9600000000058,982.5600000000011,980.9600000000058,982.5600000000011,980.9600000000058,982.5600000000011,982.5600000000011,980.9600000000058,982.5600000000011,980.9600000000058,982.5600000000011,980.9600000000058,982.5600000000011,980.9600000000058,982.5600000000011,980.9600000000058,982.5600000000011,980.9600000000058,982.5600000000011,980.9600000000058,982.5600000000011,980.9600000000058,982.5600000000011,980.9600000000058,982.5600000000011,980.9600000000058,982.5600000000011,980.9600000000058,982.5600000000011,980.9600000000058,982.5600000000011,982.5600000000011,980.9600000000058,982.5600000000011,980.9600000000058,982.5600000000011,980.9600000000058,982.5600000000011,980.9600000000058,982.5600000000011,980.9600000000058,982.5600000000011,980.9600000000058,982.5600000000011,980.9600000000058,982.5600000000011,980.9600000000058,982.5600000000011,980.9600000000058,982.5600000000011,980.9600000000058,982.5600000000011,980.9600000000058,982.5600000000011,982.5600000000011,980.9600000000058,982.5600000000011,980.9600000000058,982.5600000000011,980.9600000000058,982.5600000000011,980.9600000000058,982.5600000000011,980.9600000000058,982.5600000000011,980.9600000000058,982.5700000000011,980.9600000000058,982.5700000000011,982.5700000000011,982.5700000000011,982.5700000000011,982.5700000000011,982.5700000000011,982.5700000000011,982.5700000000011,982.5700000000011,982.5700000000011,982.5700000000011,982.5700000000011,982.5700000000011,982.5700000000011,982.5700000000011,982.5700000000011,982.5700000000011,982.5700000000011,982.5700000000011,982.5700000000011,982.5700000000011,982.5700000000011,982.5700000000011,982.5700000000011,982.5700000000011,982.5700000000011,982.5700000000011,982.5700000000011,982.5700000000011,982.5700000000011,982.5700000000011,982.5700000000011,982.5700000000011,982.5700000000011,982.5700000000011,982.5700000000011,982.5700000000011,982.5700000000011,982.5700000000011,982.5700000000011,982.5700000000011,982.5700000000011,982.5700000000011,982.5700000000011,982.5700000000011,982.5700000000011,982.5700000000011,982.5700000000011,982.5700000000011,982.5700000000011,982.5700000000011,982.5700000000011,982.5700000000011,982.5700000000011,982.5700000000011,982.5700000000011,982.5800000000011,982.5800000000011,982.5800000000011,982.5800000000011,982.5800000000011,982.5800000000011,982.5800000000011,982.5800000000011,982.5800000000011,982.5800000000011,982.5800000000011,981.2300000000058,982.5800000000011,981.2300000000058,982.5800000000011,981.2400000000058,982.5800000000011,981.2400000000058,982.5800000000011,981.2400000000058,982.5800000000011,981.2400000000058,982.5800000000011,981.2400000000058,982.5800000000011,982.5800000000011,981.2400000000058,982.5800000000011,981.2400000000058,982.5800000000011,981.2400000000058,982.5800000000011,981.2400000000058,982.5800000000011,981.2400000000058,982.5800000000011,981.2400000000058,982.5800000000011,981.2400000000058,982.5800000000011,981.2400000000058,982.5800000000011,981.2400000000058,982.5800000000011,981.2400000000058,982.5800000000011,982.5800000000011,981.2400000000058,982.5800000000011,981.2400000000058,982.5800000000011,981.2400000000058,982.5800000000011,981.2400000000058,982.5800000000011,981.2400000000058,982.5800000000011,981.2400000000058,982.5800000000011,981.2400000000058,982.5800000000011,981.2400000000058,982.5800000000011,981.2400000000058,982.5800000000011,981.2400000000058,982.5800000000011,981.2400000000058,982.5800000000011,981.2400000000058,982.5800000000011,982.5800000000011,981.2400000000058,982.5800000000011,981.2400000000058,982.5800000000011,981.2400000000058,982.5800000000011,981.2400000000058,982.5800000000011,981.2400000000058,982.5800000000011,981.2400000000058,982.5800000000011,981.2400000000058,982.5800000000011,981.2400000000058,982.5800000000011,981.2400000000058,982.5800000000011,981.2400000000058,982.5800000000011,981.2400000000058,982.5800000000011,982.5800000000011,981.2400000000058,982.5800000000011,981.2400000000058,982.5800000000011,981.2400000000058,982.5800000000011,981.2400000000058,982.5800000000011,981.2400000000058,982.5800000000011,981.2400000000058,982.5800000000011,981.2400000000058,982.5800000000011,981.2400000000058,982.5800000000011,981.2400000000058,982.5800000000011,981.2400000000058,982.5800000000011,981.2400000000058,982.5800000000011,981.2400000000058,982.5800000000011,981.2400000000058,982.5800000000011,981.2400000000058,982.5800000000011,982.5800000000011,981.2400000000058,982.5800000000011,981.2400000000058,982.5800000000011,981.2400000000058,982.5800000000011,981.2400000000058,982.5800000000011,981.2400000000058,982.5800000000011,981.2400000000058,982.5800000000011,981.2400000000058,982.5800000000011,981.2400000000058,982.5800000000011,981.2400000000058,982.5800000000011,981.2400000000058,982.5800000000011,981.2400000000058,982.5800000000011,982.5800000000011,981.2400000000058,982.5800000000011,981.2400000000058,982.5800000000011,981.2400000000058,982.5800000000011,981.2500000000058,982.5800000000011,981.2500000000058,982.5800000000011,981.2500000000058,982.5800000000011,981.2500000000058,982.5800000000011,981.2500000000058,982.5800000000011,981.2500000000058,982.5800000000011,981.2500000000058,982.5800000000011,981.2500000000058,982.5800000000011,981.2500000000058,982.5800000000011,982.5800000000011,981.2500000000058,982.5800000000011,981.2500000000058,982.5800000000011,981.2500000000058,982.5800000000011,981.2500000000058,982.5800000000011,981.2500000000058,982.5800000000011,981.2500000000058,982.5800000000011,981.2500000000058,982.5800000000011,981.2500000000058,982.5800000000011,981.2500000000058,982.5800000000011,981.2500000000058,982.5800000000011,981.2500000000058,982.5800000000011,982.5800000000011,981.2500000000058,982.5800000000011,981.2500000000058,982.5800000000011,981.2500000000058,982.5800000000011,981.2500000000058,982.5800000000011,981.2500000000058,982.5800000000011,981.2500000000058,982.5800000000011,981.2500000000058,982.5800000000011,981.2500000000058,982.5800000000011,981.2500000000058,982.5800000000011,982.5800000000011,981.2500000000058,982.5800000000011,981.2500000000058,982.5800000000011,981.2500000000058,982.5800000000011,981.2500000000058,982.5800000000011,981.2500000000058,982.5800000000011,981.2500000000058,982.5800000000011,981.2500000000058,982.5800000000011,981.2500000000058,982.5800000000011,981.2500000000058,982.5800000000011,981.2500000000058,982.5800000000011,982.5800000000011,981.2500000000058,982.5800000000011,981.2500000000058,982.5800000000011,981.2500000000058,982.5800000000011,981.2500000000058,982.5800000000011,981.2500000000058,982.5800000000011,981.2500000000058,982.5800000000011,981.2500000000058,982.5800000000011,981.2500000000058,982.5800000000011,981.2500000000058,982.5800000000011,981.2500000000058,982.5800000000011,981.2500000000058,982.5800000000011,981.2500000000058,982.5800000000011,981.2500000000058,982.5800000000011,981.2500000000058,982.5800000000011,981.2500000000058,982.5800000000011,981.2500000000058,982.5800000000011,982.5800000000011,981.2500000000058,982.5800000000011,981.2500000000058,982.5800000000011,981.2500000000058,982.5800000000011,981.2500000000058,982.5800000000011,981.2500000000058,982.5800000000011,981.2500000000058,982.5800000000011,981.2500000000058,982.5800000000011,981.2500000000058,982.5800000000011,981.2500000000058,982.5800000000011,981.2500000000058,982.5800000000011,981.2500000000058,982.5800000000011,981.2500000000058,982.5800000000011,981.2500000000058,982.5800000000011,981.2500000000058,982.5800000000011,982.5800000000011,981.2500000000058,982.5800000000011,981.2500000000058,982.5800000000011,981.2500000000058,982.5800000000011,981.2500000000058,982.5800000000011,981.2500000000058,982.5800000000011,981.2500000000058,982.5800000000011,981.2500000000058,982.590000000001,981.2500000000058,982.590000000001,981.2500000000058,982.590000000001,981.2500000000058,982.590000000001,981.2500000000058,982.590000000001,982.590000000001,981.2500000000058,982.590000000001,981.2500000000058,982.590000000001,981.2500000000058,982.600000000001,981.2500000000058,982.600000000001,981.2500000000058,982.600000000001,981.2500000000058,982.600000000001,981.2500000000058,982.600000000001,981.2500000000058,982.600000000001,981.2500000000058,982.600000000001,981.2500000000058,982.600000000001,981.2500000000058,982.600000000001,981.2500000000058,982.600000000001,982.600000000001,981.2500000000058,982.600000000001,981.2500000000058,982.600000000001,981.2500000000058,981.2500000000058,981.2500000000058,981.2600000000058,981.2600000000058,981.2600000000058,981.2600000000058,981.2600000000058,981.2600000000058,981.2600000000058,981.2600000000058,981.3500000000059,981.3500000000059,981.3500000000059,981.3500000000059,981.3500000000059,981.3500000000059,981.3500000000059,981.3500000000059,981.3500000000059,981.3600000000059,981.3600000000059,981.3600000000059,981.3600000000059,981.3600000000059,981.3600000000059,981.3600000000059,981.3600000000059,981.3600000000059,981.3600000000059,981.3600000000059,981.3600000000059,981.3600000000059,981.3600000000059,981.3600000000059,981.3600000000059,981.3600000000059,981.3600000000059,981.3600000000059,981.3600000000059,981.3600000000059,981.3600000000059,981.3600000000059,982.600000000001,981.3600000000059,982.600000000001,981.3600000000059,982.600000000001,981.3600000000059,982.600000000001,981.3600000000059,982.600000000001,981.3600000000059,982.600000000001,981.3600000000059,982.600000000001,981.3600000000059,982.600000000001,981.3600000000059,982.600000000001,981.3600000000059,982.600000000001,981.3600000000059,982.600000000001,981.3600000000059,982.600000000001,981.3600000000059,982.600000000001,981.3600000000059,982.600000000001,981.3600000000059,982.600000000001,981.3600000000059,982.600000000001,981.3600000000059,982.600000000001,981.3700000000059,982.600000000001,981.3700000000059,982.600000000001,982.600000000001,981.3700000000059,982.600000000001,981.3700000000059,982.600000000001,981.3700000000059,982.600000000001,981.3700000000059,982.600000000001,981.3700000000059,982.600000000001,981.3700000000059,982.600000000001,981.3700000000059,982.600000000001,981.3700000000059,982.600000000001,981.3700000000059,982.600000000001,981.3700000000059,982.600000000001,981.3700000000059,982.600000000001,981.3700000000059,982.600000000001,981.3700000000059,982.600000000001,981.3700000000059,982.600000000001,981.3700000000059,982.600000000001,982.600000000001,981.3700000000059,982.600000000001,981.3700000000059,982.600000000001,981.3700000000059,982.600000000001,981.3700000000059,982.600000000001,981.3700000000059,982.600000000001,981.3700000000059,982.600000000001,981.3700000000059,982.600000000001,981.3700000000059,982.600000000001,981.3700000000059,982.600000000001,981.3700000000059,982.600000000001,981.3700000000059,982.600000000001,981.3700000000059,982.600000000001,982.600000000001,981.3700000000059,982.600000000001,981.3700000000059,982.600000000001,981.3700000000059,982.600000000001,981.3700000000059,982.600000000001,981.3700000000059,982.600000000001,981.3700000000059,982.600000000001,981.3700000000059,982.600000000001,981.3700000000059,982.600000000001,981.3700000000059,982.600000000001,982.600000000001,981.3700000000059,982.600000000001,981.3800000000059,982.600000000001,981.3800000000059,982.600000000001,981.3800000000059,982.600000000001,981.3800000000059,982.600000000001,981.3800000000059,982.600000000001,981.3800000000059,982.600000000001,981.3800000000059,982.600000000001,981.3800000000059,982.600000000001,981.3800000000059,982.600000000001,981.3800000000059,982.600000000001,982.600000000001,981.3800000000059,982.600000000001,981.3800000000059,982.600000000001,981.3800000000059,982.600000000001,981.3800000000059,982.600000000001,981.3800000000059,982.600000000001,981.3800000000059,982.600000000001,981.3800000000059,982.600000000001,981.3800000000059,982.600000000001,981.3800000000059,982.600000000001,981.3800000000059,982.600000000001,982.600000000001,981.3800000000059,982.600000000001,981.3800000000059,982.600000000001,981.3800000000059,982.600000000001,981.3800000000059,982.600000000001,981.3800000000059,982.600000000001,981.3800000000059,982.600000000001,981.3800000000059,982.600000000001,981.3800000000059,982.600000000001,981.3800000000059,982.610000000001,981.3800000000059,982.610000000001,982.610000000001,981.3800000000059,982.610000000001,982.610000000001,982.610000000001,982.610000000001,982.610000000001,982.610000000001,982.610000000001,982.610000000001,982.610000000001,982.610000000001,982.610000000001,982.610000000001,982.610000000001,982.610000000001,982.610000000001,982.610000000001,982.610000000001,982.610000000001,982.610000000001,982.610000000001,982.610000000001,982.610000000001,982.610000000001,981.3800000000059,982.610000000001,981.3800000000059,982.610000000001,981.3800000000059,982.610000000001,981.3800000000059,982.610000000001,981.3800000000059,982.610000000001,981.3800000000059,982.610000000001,981.3800000000059,982.610000000001,981.3800000000059,982.610000000001,982.610000000001,981.3800000000059,982.610000000001,981.3800000000059,982.610000000001,981.3800000000059,982.610000000001,981.3800000000059,982.610000000001,981.3900000000059,982.610000000001,981.3900000000059,982.610000000001,981.3900000000059,982.610000000001,981.3900000000059,982.610000000001,981.3900000000059,982.610000000001,981.3900000000059,982.610000000001,981.3900000000059,982.610000000001,981.4000000000059,982.610000000001,981.4000000000059,982.610000000001,982.610000000001,981.4000000000059,982.610000000001,981.4000000000059,982.610000000001,981.4000000000059,982.610000000001,981.4000000000059,982.610000000001,981.4000000000059,982.610000000001,981.4000000000059,982.610000000001,981.4000000000059,981.4000000000059,981.4000000000059,981.4000000000059,981.4100000000059,981.4100000000059,981.4100000000059,981.4100000000059,981.4100000000059,981.4200000000059,981.4200000000059,981.4200000000059,981.4200000000059,981.4200000000059,981.4200000000059,981.4200000000059,981.4200000000059,981.4200000000059,981.4200000000059,981.4200000000059,981.4200000000059,981.4200000000059,981.4200000000059,981.4200000000059,981.4200000000059,981.4300000000059,981.4300000000059,981.4300000000059,981.4300000000059,981.4300000000059,981.4300000000059,981.4300000000059,981.4300000000059,981.4300000000059,981.4300000000059,981.4300000000059,981.4300000000059,981.4300000000059,981.4300000000059,981.4300000000059,981.4300000000059,981.4300000000059,981.4300000000059,981.4300000000059,981.4300000000059,981.4300000000059,981.4300000000059,981.4300000000059,981.4300000000059,981.4300000000059,981.4300000000059,981.4300000000059,981.4300000000059,981.4300000000059,981.4300000000059,981.4300000000059,981.4300000000059,981.4300000000059,982.610000000001,982.610000000001,982.610000000001,982.610000000001,982.610000000001,982.610000000001,982.610000000001,982.610000000001,982.610000000001,982.610000000001,982.610000000001,982.610000000001,982.610000000001,982.610000000001,982.610000000001,982.610000000001,982.610000000001,982.610000000001,981.520000000006,982.610000000001,981.520000000006,982.610000000001,981.520000000006,982.610000000001,981.520000000006,982.610000000001,981.530000000006,982.610000000001,981.530000000006,982.610000000001,981.530000000006,982.610000000001,982.610000000001,981.530000000006,982.610000000001,981.530000000006,982.610000000001,981.540000000006,982.610000000001,981.540000000006,982.610000000001,981.540000000006,982.610000000001,981.540000000006,982.610000000001,981.540000000006,982.610000000001,981.540000000006,982.610000000001,981.540000000006,982.610000000001,982.610000000001,981.540000000006,982.610000000001,981.540000000006,982.610000000001,981.540000000006,982.610000000001,981.540000000006,982.610000000001,981.540000000006,982.610000000001,981.540000000006,982.610000000001,981.540000000006,982.610000000001,981.540000000006,982.610000000001,981.540000000006,982.610000000001,982.610000000001,981.540000000006,982.610000000001,981.540000000006,982.610000000001,981.540000000006,982.610000000001,981.540000000006,982.610000000001,981.540000000006,982.610000000001,981.540000000006,982.610000000001,981.540000000006,982.610000000001,981.540000000006,982.610000000001,981.540000000006,982.610000000001,981.540000000006,982.610000000001,981.540000000006,982.610000000001,982.610000000001,981.540000000006,982.610000000001,981.540000000006,982.610000000001,981.540000000006,982.610000000001,981.540000000006,982.610000000001,981.540000000006,982.610000000001,981.540000000006,982.610000000001,981.540000000006,982.610000000001,981.540000000006,982.610000000001,981.540000000006,982.610000000001,981.5500000000062,982.610000000001,981.5500000000062,982.610000000001,982.610000000001,982.610000000001,982.610000000001,982.610000000001,982.610000000001,982.610000000001,982.620000000001,982.620000000001,982.620000000001,982.620000000001,982.620000000001,982.620000000001,982.620000000001,982.620000000001,982.620000000001,982.620000000001,982.620000000001,982.620000000001,982.620000000001,982.620000000001,982.620000000001,982.620000000001,982.620000000001,982.620000000001,981.6400000000061,982.620000000001,981.6400000000061,982.620000000001,981.6400000000061,982.620000000001,981.6400000000061,982.620000000001,981.6400000000061,982.620000000001,981.6400000000061,982.620000000001,981.6400000000061,982.620000000001,981.6400000000061,982.620000000001,981.6400000000061,982.620000000001,982.620000000001,982.620000000001,982.620000000001,982.620000000001,982.620000000001,982.620000000001,982.620000000001,982.620000000001,982.620000000001,982.620000000001,982.620000000001,982.620000000001,982.620000000001,982.620000000001,982.620000000001,982.620000000001,982.620000000001,982.620000000001,982.620000000001,982.620000000001,982.620000000001,982.620000000001,982.620000000001,981.730000000006,982.620000000001,982.620000000001,981.730000000006,982.620000000001,981.730000000006,982.620000000001,981.730000000006,982.620000000001,981.730000000006,982.620000000001,981.730000000006,982.620000000001,981.730000000006,982.620000000001,981.730000000006,982.620000000001,981.730000000006,982.620000000001,982.620000000001,981.730000000006,981.730000000006,981.730000000006,981.730000000006,981.730000000006,981.730000000006,981.730000000006,981.730000000006,981.730000000006,981.730000000006,981.730000000006,981.730000000006,981.730000000006,981.730000000006,981.730000000006,981.730000000006,981.730000000006,981.730000000006,981.730000000006,981.730000000006,981.730000000006,981.730000000006,981.730000000006,981.730000000006,981.730000000006,981.730000000006,981.730000000006,981.730000000006,981.730000000006,981.730000000006,981.730000000006,981.730000000006,981.730000000006,981.730000000006,981.730000000006,981.730000000006,981.730000000006,981.730000000006,981.730000000006,981.730000000006,981.730000000006,981.730000000006,981.730000000006,981.730000000006,981.730000000006,981.730000000006,981.730000000006,981.730000000006,981.730000000006,981.730000000006,981.730000000006,981.730000000006,981.730000000006,981.740000000006,981.740000000006,981.740000000006,981.740000000006,981.740000000006,981.740000000006,981.740000000006,981.740000000006,981.740000000006,981.740000000006,981.740000000006,981.740000000006,981.740000000006,982.620000000001,981.750000000006,982.620000000001,981.750000000006,982.620000000001,981.750000000006,982.620000000001,982.620000000001,982.620000000001,982.620000000001,982.620000000001,982.620000000001,982.620000000001,982.620000000001,982.620000000001,982.620000000001,982.620000000001,982.620000000001,982.620000000001,982.620000000001,982.620000000001,982.620000000001,982.620000000001,982.620000000001,982.620000000001,982.620000000001,982.620000000001,982.620000000001,982.630000000001,982.630000000001,981.840000000006,982.630000000001,981.840000000006,982.630000000001,981.840000000006,982.630000000001,981.840000000006,982.630000000001,981.840000000006,982.630000000001,981.840000000006,982.630000000001,982.630000000001,981.840000000006,982.630000000001,981.840000000006,982.630000000001,981.840000000006,982.630000000001,981.840000000006,982.630000000001,981.840000000006,982.630000000001,981.840000000006,982.630000000001,981.840000000006,982.630000000001,981.840000000006,982.630000000001,981.840000000006,982.630000000001,981.840000000006,982.630000000001,981.840000000006,982.630000000001,981.840000000006,982.630000000001,982.630000000001,981.840000000006,982.630000000001,981.840000000006,982.630000000001,981.840000000006,982.630000000001,981.840000000006,982.630000000001,981.840000000006,982.630000000001,981.840000000006,982.630000000001,981.840000000006,982.630000000001,981.840000000006,982.630000000001,981.840000000006,982.630000000001,981.840000000006,982.630000000001,981.840000000006,982.630000000001,981.840000000006,982.630000000001,981.840000000006,982.630000000001,981.840000000006,982.630000000001,981.840000000006,982.630000000001,982.630000000001,981.840000000006,982.630000000001,981.840000000006,982.630000000001,981.840000000006,982.630000000001,981.840000000006,982.630000000001,981.840000000006,982.630000000001,981.840000000006,982.630000000001,981.840000000006,982.630000000001,981.840000000006,982.630000000001,981.840000000006,982.630000000001,981.840000000006,982.630000000001,981.840000000006,982.630000000001,981.840000000006,982.630000000001,981.840000000006,982.630000000001,981.840000000006,982.630000000001,982.630000000001,981.840000000006,982.630000000001,981.840000000006,982.630000000001,981.840000000006,982.630000000001,981.840000000006,982.630000000001,981.840000000006,982.630000000001,981.840000000006,982.630000000001,981.840000000006,982.630000000001,981.840000000006,982.630000000001,981.840000000006,982.630000000001,981.840000000006,982.630000000001,981.840000000006,982.630000000001,981.840000000006,982.630000000001,981.840000000006,982.630000000001,981.840000000006,982.630000000001,981.840000000006,982.630000000001,981.840000000006,982.630000000001,982.630000000001,981.840000000006,982.630000000001,981.840000000006,982.630000000001,981.840000000006,982.630000000001,981.840000000006,982.630000000001,981.840000000006,982.630000000001,981.840000000006,982.630000000001,981.840000000006,982.630000000001,981.840000000006,982.630000000001,981.840000000006,982.630000000001,981.840000000006,982.630000000001,981.840000000006,982.630000000001,981.840000000006,982.630000000001,981.840000000006,982.630000000001,981.840000000006,982.630000000001,981.840000000006,982.630000000001,981.840000000006,982.630000000001,981.840000000006,982.630000000001,982.630000000001,982.630000000001,982.630000000001,982.630000000001,982.630000000001,982.630000000001,982.630000000001,982.630000000001,982.630000000001,982.630000000001,982.630000000001,982.630000000001,982.630000000001,982.630000000001,982.630000000001,982.630000000001,982.630000000001,982.630000000001,982.630000000001,982.630000000001,982.630000000001,982.630000000001,982.630000000001,982.630000000001,981.9300000000061,982.630000000001,981.9300000000061,982.630000000001,981.9300000000061,982.630000000001,981.9300000000061,982.630000000001,981.9300000000061,982.630000000001,981.9300000000061,982.630000000001,981.9300000000061,982.630000000001,982.630000000001,981.9300000000061,982.630000000001,981.9300000000061,982.630000000001,981.9300000000061,982.630000000001,981.9300000000061,982.630000000001,981.9300000000061,982.630000000001,981.9300000000061,982.630000000001,982.630000000001,982.630000000001,982.630000000001,982.630000000001,982.630000000001,982.630000000001,982.630000000001,982.630000000001,982.630000000001,982.630000000001,982.630000000001,982.630000000001,982.630000000001,982.630000000001,982.630000000001,982.630000000001,982.630000000001,982.630000000001,982.630000000001,982.630000000001,982.630000000001,982.630000000001,982.630000000001,982.630000000001,982.630000000001,982.630000000001,982.630000000001,982.630000000001,982.630000000001,982.630000000001,982.630000000001,982.630000000001,982.630000000001,982.630000000001,982.630000000001,982.630000000001,982.630000000001,982.630000000001,982.630000000001,982.630000000001,982.630000000001,982.630000000001,982.630000000001,982.630000000001,982.630000000001,982.1200000000061,982.630000000001,982.1200000000061,982.640000000001,982.640000000001,982.1200000000061,982.640000000001,982.1200000000061,982.640000000001,982.1200000000061,982.640000000001,982.1200000000061,982.640000000001,982.1200000000061,982.640000000001,982.1200000000061,982.640000000001,982.1200000000061,982.640000000001,982.1300000000061,982.640000000001,982.1300000000061,982.640000000001,982.640000000001,982.1300000000061,982.640000000001,982.1300000000061,982.640000000001,982.1300000000061,982.640000000001,982.1300000000061,982.640000000001,982.1300000000061,982.650000000001,982.1400000000061,982.650000000001,982.1400000000061,982.650000000001,982.1400000000061,982.650000000001,982.1400000000061,982.650000000001,982.1400000000061,982.650000000001,982.1400000000061,982.650000000001,982.650000000001,982.1400000000061,982.650000000001,982.1400000000061,982.650000000001,982.1400000000061,982.650000000001,982.1400000000061,982.650000000001,982.1400000000061,982.650000000001,982.1400000000061,982.650000000001,982.1400000000061,982.650000000001,982.1400000000061,982.650000000001,982.1400000000061,982.650000000001,982.1400000000061,982.650000000001,982.1400000000061,982.650000000001,982.1400000000061,982.650000000001,982.1400000000061,982.650000000001,982.650000000001,982.1400000000061,982.650000000001,982.1400000000061,982.650000000001,982.1400000000061,982.650000000001,982.1400000000061,982.650000000001,982.1400000000061,982.650000000001,982.1400000000061,982.650000000001,982.1400000000061,982.650000000001,982.1400000000061,982.650000000001,982.1400000000061,982.650000000001,982.1400000000061,982.650000000001,982.650000000001,982.1400000000061,982.650000000001,982.1400000000061,982.650000000001,982.1400000000061,982.650000000001,982.1400000000061,982.650000000001,982.1400000000061,982.650000000001,982.1400000000061,982.650000000001,982.1400000000061,982.650000000001,982.1400000000061,982.650000000001,982.1400000000061,982.650000000001,982.1500000000061,982.650000000001,982.1500000000061,982.650000000001,982.1500000000061,982.650000000001,982.650000000001,982.1500000000061,982.650000000001,982.1500000000061,982.650000000001,982.1500000000061,982.650000000001,982.1500000000061,982.650000000001,982.1500000000061,982.650000000001,982.1500000000061,982.650000000001,982.1500000000061,982.650000000001,982.1500000000061,982.650000000001,982.1500000000061,982.650000000001,982.1600000000061,982.650000000001,982.1600000000061,982.650000000001,982.650000000001,982.1600000000061,982.650000000001,982.1600000000061,982.650000000001,982.1600000000061,982.650000000001,982.1600000000061,982.650000000001,982.1600000000061,982.650000000001,982.1700000000061,982.650000000001,982.1700000000061,982.650000000001,982.1700000000061,982.650000000001,982.1700000000061,982.650000000001,982.1700000000061,982.650000000001,982.650000000001,982.1700000000061,982.650000000001,982.1700000000061,982.650000000001,982.1700000000061,982.650000000001,982.1700000000061,982.650000000001,982.1700000000061,982.650000000001,982.1800000000061,982.650000000001,982.1800000000061,982.650000000001,982.1800000000061,982.650000000001,982.1800000000061,982.650000000001,982.1800000000061,982.650000000001,982.1900000000061,982.650000000001,982.1900000000061,982.650000000001,982.1900000000061,982.650000000001,982.1900000000061,982.650000000001,982.650000000001,982.1900000000061,982.650000000001,982.1900000000061,982.650000000001,982.1900000000061,982.650000000001,982.2000000000061,982.650000000001,982.2000000000061,982.650000000001,982.2000000000061,982.660000000001,982.2000000000061,982.660000000001,982.2000000000061,982.660000000001,982.2000000000061,982.660000000001,982.2000000000061,982.660000000001,982.2000000000061,982.660000000001,982.2000000000061,982.660000000001,982.2000000000061,982.660000000001,982.2000000000061,982.660000000001,982.2000000000061,982.660000000001,982.2000000000061,982.660000000001,982.660000000001,982.2000000000061,982.660000000001,982.2000000000061,982.660000000001,982.2000000000061,982.660000000001,982.2000000000061,982.660000000001,982.2000000000061,982.660000000001,982.2000000000061,982.660000000001,982.2000000000061,982.660000000001,982.2000000000061,982.660000000001,982.2000000000061,982.660000000001,982.2000000000061,982.660000000001,982.2000000000061,982.660000000001,982.2000000000061,982.660000000001,982.2000000000061,982.660000000001,982.2000000000061,982.660000000001,982.2000000000061,982.660000000001,982.660000000001,982.660000000001,982.660000000001,982.660000000001,982.660000000001,982.660000000001,982.660000000001,982.660000000001,982.660000000001,982.660000000001,982.660000000001,982.660000000001,982.660000000001,982.660000000001,982.660000000001,982.660000000001,982.660000000001,982.660000000001,982.660000000001,982.660000000001,982.660000000001,982.660000000001,982.660000000001,982.660000000001,982.290000000006,982.660000000001,982.290000000006,982.660000000001,982.290000000006,982.660000000001,982.290000000006,982.660000000001,982.290000000006,982.660000000001,982.290000000006,982.660000000001,982.290000000006,982.660000000001,982.290000000006,982.660000000001,982.670000000001,982.290000000006,982.670000000001,982.290000000006,982.670000000001,982.290000000006,982.670000000001,982.290000000006,982.670000000001,982.290000000006,982.670000000001,982.290000000006,982.670000000001,982.290000000006,982.670000000001,982.290000000006,982.670000000001,982.290000000006,982.670000000001,982.290000000006,982.670000000001,982.670000000001,982.290000000006,982.670000000001,982.290000000006,982.680000000001,982.290000000006,982.680000000001,982.290000000006,982.680000000001,982.290000000006,982.680000000001,982.290000000006,982.680000000001,982.290000000006,982.680000000001,982.290000000006,982.680000000001,982.290000000006,982.680000000001,982.680000000001,982.290000000006,982.680000000001,982.290000000006,982.680000000001,982.290000000006,982.680000000001,982.290000000006,982.680000000001,982.290000000006,982.680000000001,982.290000000006,982.680000000001,982.290000000006,982.680000000001,982.290000000006,982.680000000001,982.290000000006,982.680000000001,982.300000000006,982.680000000001,982.300000000006,982.680000000001,982.300000000006,982.680000000001,982.680000000001,982.300000000006,982.680000000001,982.300000000006,982.680000000001,982.300000000006,982.680000000001,982.300000000006,982.680000000001,982.300000000006,982.680000000001,982.300000000006,982.680000000001,982.300000000006,982.680000000001,982.300000000006,982.680000000001,982.300000000006,982.680000000001,982.300000000006,982.680000000001,982.300000000006,982.680000000001,982.300000000006,982.680000000001,982.680000000001,982.300000000006,982.680000000001,982.300000000006,982.680000000001,982.300000000006,982.680000000001,982.300000000006,982.680000000001,982.300000000006,982.680000000001,982.300000000006,982.680000000001,982.300000000006,982.680000000001,982.300000000006,982.680000000001,982.300000000006,982.680000000001,982.300000000006,982.680000000001,982.300000000006,982.680000000001,982.300000000006,982.680000000001,982.300000000006,982.680000000001,982.680000000001,982.300000000006,982.680000000001,982.300000000006,982.680000000001,982.300000000006,982.680000000001,982.310000000006,982.690000000001,982.310000000006,982.690000000001,982.310000000006,982.690000000001,982.310000000006,982.690000000001,982.310000000006,982.690000000001,982.310000000006,982.690000000001,982.310000000006,982.690000000001,982.690000000001,982.310000000006,982.690000000001,982.310000000006,982.690000000001,982.310000000006,982.690000000001,982.310000000006,982.690000000001,982.310000000006,982.690000000001,982.310000000006,982.690000000001,982.310000000006,982.690000000001,982.310000000006,982.690000000001,982.310000000006,982.690000000001,982.310000000006,982.690000000001,982.310000000006,982.690000000001,982.310000000006,982.690000000001,982.310000000006,982.690000000001,982.310000000006,982.690000000001,982.310000000006,982.690000000001,982.690000000001,982.310000000006,982.690000000001,982.310000000006,982.690000000001,982.310000000006,982.690000000001,982.310000000006,982.690000000001,982.310000000006,982.690000000001,982.310000000006,982.690000000001,982.310000000006,982.690000000001,982.310000000006,982.690000000001,982.310000000006,982.690000000001,982.310000000006,982.690000000001,982.310000000006,982.690000000001,982.310000000006,982.690000000001,982.310000000006,982.690000000001,982.310000000006,982.690000000001,982.310000000006,982.690000000001,982.690000000001,982.310000000006,982.690000000001,982.310000000006,982.690000000001,982.310000000006,982.690000000001,982.310000000006,982.690000000001,982.310000000006,982.690000000001,982.310000000006,982.690000000001,982.320000000006,982.690000000001,982.320000000006,982.690000000001,982.320000000006,982.690000000001,982.320000000006,982.690000000001,982.320000000006,982.690000000001,982.320000000006,982.690000000001,982.320000000006,982.690000000001,982.320000000006,982.690000000001,982.690000000001,982.320000000006,982.690000000001,982.320000000006,982.690000000001,982.320000000006,982.690000000001,982.320000000006,982.690000000001,982.320000000006,982.690000000001,982.320000000006,982.690000000001,982.320000000006,982.690000000001,982.320000000006,982.690000000001,982.320000000006,982.690000000001,982.320000000006,982.690000000001,982.320000000006,982.690000000001,982.320000000006,982.690000000001,982.320000000006,982.690000000001,982.320000000006,982.690000000001,982.320000000006,982.690000000001,982.320000000006,982.690000000001,982.690000000001,982.330000000006,982.690000000001,982.330000000006,982.690000000001,982.330000000006,982.690000000001,982.330000000006,982.690000000001,982.330000000006,982.690000000001,982.330000000006,982.690000000001,982.330000000006,982.690000000001,982.330000000006,982.690000000001,982.330000000006,982.690000000001,982.330000000006,982.690000000001,982.330000000006,982.690000000001,982.330000000006,982.690000000001,982.340000000006,982.690000000001,982.340000000006,982.690000000001,982.340000000006,982.690000000001,982.690000000001,982.340000000006,982.690000000001,982.340000000006,982.690000000001,982.340000000006,982.690000000001,982.340000000006,982.690000000001,982.340000000006,982.690000000001,982.340000000006,982.700000000001,982.340000000006,982.700000000001,982.340000000006,982.700000000001,982.340000000006,982.700000000001,982.340000000006,982.700000000001,982.340000000006,982.700000000001,982.340000000006,982.700000000001,982.340000000006,982.700000000001,982.340000000006,982.710000000001,982.340000000006,982.710000000001,982.340000000006,982.710000000001,982.710000000001,982.340000000006,982.710000000001,982.340000000006,982.710000000001,982.340000000006,982.710000000001,982.340000000006,982.710000000001,982.340000000006,982.710000000001,982.340000000006,982.710000000001,982.340000000006,982.710000000001,982.340000000006,982.710000000001,982.340000000006,982.710000000001,982.340000000006,982.710000000001,982.340000000006,982.710000000001,982.340000000006,982.710000000001,982.340000000006,982.710000000001,982.340000000006,982.710000000001,982.340000000006,982.710000000001,982.340000000006,982.710000000001,982.340000000006,982.710000000001,982.340000000006,982.710000000001,982.340000000006,982.710000000001,982.340000000006,982.710000000001,982.710000000001,982.340000000006,982.710000000001,982.340000000006,982.710000000001,982.340000000006,982.710000000001,982.340000000006,982.710000000001,982.340000000006,982.710000000001,982.340000000006,982.710000000001,982.340000000006,982.710000000001,982.340000000006,982.710000000001,982.340000000006,982.710000000001,982.340000000006,982.710000000001,982.340000000006,982.710000000001,982.340000000006,982.710000000001,982.3500000000062,982.710000000001,982.710000000001,982.3500000000062,982.710000000001,982.3500000000062,982.710000000001,982.3500000000062,982.710000000001,982.3500000000062,982.710000000001,982.710000000001,982.710000000001,982.710000000001,982.710000000001,982.710000000001,982.710000000001,982.710000000001,982.710000000001,982.710000000001,982.710000000001,982.710000000001,982.710000000001,982.710000000001,982.710000000001,982.710000000001,982.710000000001,982.710000000001,982.710000000001,982.710000000001,982.710000000001,982.710000000001,982.710000000001,982.710000000001,982.4500000000061,982.710000000001,982.4500000000061,982.710000000001,982.710000000001,982.4500000000061,982.710000000001,982.4500000000061,982.710000000001,982.4500000000061,982.710000000001,982.4500000000061,982.710000000001,982.710000000001,982.710000000001,982.710000000001,982.710000000001,982.710000000001,982.710000000001,982.710000000001,982.710000000001,982.710000000001,982.710000000001,982.710000000001,982.710000000001,982.710000000001,982.710000000001,982.710000000001,982.710000000001,982.710000000001,982.710000000001,982.710000000001,982.710000000001,982.710000000001,982.710000000001,982.710000000001,982.550000000006,982.710000000001,982.710000000001,982.550000000006,982.710000000001,982.550000000006,982.710000000001,982.550000000006,982.710000000001,982.550000000006,982.7200000000009,982.550000000006,982.7200000000009,982.550000000006,982.7200000000009,982.550000000006,982.7200000000009,982.550000000006,982.7200000000009,982.7200000000009,982.550000000006,982.7200000000009,982.550000000006,982.7200000000009,982.550000000006,982.7300000000009,982.550000000006,982.7300000000009,982.550000000006,982.7300000000009,982.550000000006,982.7300000000009,982.550000000006,982.7300000000009,982.550000000006,982.7300000000009,982.550000000006,982.7300000000009,982.550000000006,982.7300000000009,982.550000000006,982.7300000000009,982.7300000000009,982.550000000006,982.7300000000009,982.550000000006,982.7300000000009,982.550000000006,982.7300000000009,982.550000000006,982.7300000000009,982.550000000006,982.550000000006,982.550000000006,982.550000000006,982.550000000006,982.550000000006,982.550000000006,982.550000000006,982.550000000006,982.550000000006,982.550000000006,982.550000000006,982.550000000006,982.550000000006,982.550000000006,982.550000000006,982.6500000000061,982.6500000000061,982.6500000000061,982.7300000000009,982.6500000000061,982.7300000000009,982.6500000000061,982.7300000000009,982.6500000000061,982.7300000000009,982.6500000000061,982.7300000000009,982.6500000000061,982.7300000000009,982.6500000000061,982.7300000000009,982.6500000000061,982.7300000000009,982.6500000000061,982.7300000000009,982.6500000000061,982.7300000000009,982.6500000000061,982.7300000000009,982.6500000000061,982.7400000000009,982.6500000000061,982.7400000000009,982.6500000000061,982.7400000000009,982.6500000000061,982.7400000000009,982.7400000000009,982.6500000000061,982.7400000000009,982.6500000000061,982.7400000000009,982.6500000000061,982.7400000000009,982.6500000000061,982.7400000000009,982.6500000000061,982.7400000000009,982.6500000000061,982.7400000000009,982.6500000000061,982.7400000000009,982.6600000000061,982.7400000000009,982.6600000000061,982.7400000000009,982.6600000000061,982.7400000000009,982.6600000000061,982.7400000000009,982.6600000000061,982.7400000000009,982.6600000000061,982.7400000000009,982.6600000000061,982.7400000000009,982.6600000000061,982.7400000000009,982.7400000000009,982.6600000000061,982.7400000000009,982.6600000000061,982.7400000000009,982.6600000000061,982.7400000000009,982.6600000000061,982.7400000000009,982.6600000000061,982.7400000000009,982.6600000000061,982.7400000000009,982.6600000000061,982.7400000000009,982.6600000000061,982.7400000000009,982.6600000000061,982.7400000000009,982.6600000000061,982.7400000000009,982.6600000000061,982.7400000000009,982.6600000000061,982.7400000000009,982.6600000000061,982.7400000000009,982.7400000000009,982.6600000000061,982.7400000000009,982.6600000000061,982.7400000000009,982.6600000000061,982.7400000000009,982.6600000000061,982.7400000000009,982.6600000000061,982.7400000000009,982.6600000000061,982.7400000000009,982.6600000000061,982.7400000000009,982.6600000000061,982.7400000000009,982.6600000000061,982.7400000000009,982.6600000000061,982.7500000000009,982.6600000000061,982.7500000000009,982.6600000000061,982.7500000000009,982.6600000000061,982.7500000000009,982.7500000000009,982.7500000000009,982.7500000000009,982.7500000000009,982.7500000000009,982.7500000000009,982.7500000000009,982.7500000000009,982.7500000000009,982.7500000000009,982.7500000000009,982.7500000000009,982.7500000000009,982.7500000000009,982.7500000000009,982.7500000000009,982.7500000000009,982.7500000000009,982.7500000000009,982.7500000000009,982.7500000000009,982.7500000000009,982.7500000000009,982.750000000006,982.7500000000009,982.750000000006,982.7500000000009,982.7500000000009,982.7500000000009,982.7500000000009,982.7500000000009,982.7500000000009,982.7500000000009,982.7500000000009,982.7500000000009,982.7500000000009,982.7500000000009,982.7500000000009,982.7500000000009,982.7500000000009,982.7500000000009,982.7500000000009,982.7600000000009,982.7600000000009,982.7600000000009,982.7600000000009,982.7600000000009,982.7600000000009,982.7600000000009,982.7600000000009,982.7600000000009,982.8500000000062,982.7600000000009,982.7600000000009,982.8500000000062,982.7600000000009,982.8500000000062,982.7600000000009,982.8500000000062,982.7600000000009,982.8500000000062,982.7600000000009,982.8500000000062,982.7600000000009,982.8500000000062,982.7600000000009,982.8500000000062,982.7600000000009,982.8500000000062,982.7600000000009,982.8500000000062,982.7600000000009,982.7600000000009,982.8500000000062,982.7600000000009,982.8500000000062,982.7600000000009,982.8500000000062,982.7600000000009,982.8500000000062,982.7600000000009,982.8500000000062,982.7600000000009,982.8500000000062,982.7600000000009,982.8500000000062,982.7600000000009,982.8500000000062,982.7600000000009,982.8500000000062,982.7600000000009,982.8500000000062,982.7600000000009,982.8500000000062,982.7600000000009,982.8500000000062,982.7600000000009,982.7600000000009,982.8500000000062,982.7600000000009,982.8500000000062,982.7600000000009,982.8500000000062,982.7600000000009,982.8600000000062,982.7600000000009,982.8600000000062,982.7600000000009,982.8600000000062,982.7600000000009,982.8600000000062,982.7600000000009,982.8600000000062,982.7600000000009,982.8600000000062,982.7600000000009,982.8600000000062,982.7600000000009,982.8700000000061,982.7600000000009,982.8700000000061,982.7600000000009,982.7600000000009,982.8700000000061,982.7600000000009,982.8700000000061,982.7600000000009,982.8700000000061,982.7600000000009,982.8700000000061,982.7600000000009,982.8700000000061,982.7600000000009,982.8700000000061,982.7600000000009,982.8700000000061,982.7600000000009,982.8700000000061,982.7600000000009,982.8700000000061,982.7600000000009,982.8700000000061,982.7600000000009,982.8700000000061,982.7600000000009,982.8700000000061,982.7600000000009,982.8700000000061,982.7600000000009,982.7600000000009,982.8700000000061,982.7600000000009,982.8700000000061,982.7600000000009,982.8700000000061,982.7600000000009,982.8700000000061,982.7600000000009,982.8700000000061,982.7600000000009,982.8700000000061,982.7600000000009,982.8700000000061,982.7600000000009,982.8700000000061,982.7600000000009,982.8700000000061,982.7600000000009,982.8700000000061,982.7600000000009,982.8700000000061,982.7600000000009,982.8700000000061,982.7600000000009,982.8700000000061,982.7600000000009,982.8700000000061,982.7600000000009,982.8700000000061,982.7600000000009,982.7700000000009,982.8700000000061,982.7700000000009,982.8700000000061,982.7700000000009,982.8700000000061,982.7700000000009,982.8700000000061,982.7700000000009,982.8700000000061,982.7700000000009,982.8700000000061,982.7700000000009,982.8700000000061,982.7700000000009,982.8700000000061,982.7700000000009,982.8700000000061,982.7700000000009,982.8700000000061,982.7700000000009,982.8700000000061,982.7700000000009,982.8700000000061,982.7700000000009,982.8700000000061,982.7700000000009,982.8700000000061,982.7700000000009,982.8700000000061,982.7700000000009,982.7700000000009,982.8700000000061,982.7700000000009,982.8700000000061,982.7700000000009,982.8700000000061,982.7700000000009,982.8700000000061,982.7700000000009,982.8700000000061,982.7700000000009,982.8700000000061,982.7700000000009,982.8700000000061,982.7700000000009,982.8700000000061,982.7700000000009,982.8700000000061,982.7700000000009,982.8700000000061,982.7700000000009,982.8700000000061,982.8700000000061,982.8700000000061,982.8700000000061,982.8700000000061,982.8700000000061,982.8700000000061,982.8700000000061,982.8700000000061,982.8700000000061,982.8700000000061,982.8700000000061,982.8700000000061,982.8700000000061,982.8700000000061,982.8700000000061,982.8800000000061,982.8800000000061,982.8800000000061,982.8800000000061,982.8800000000061,982.8800000000061,982.8800000000061,982.8800000000061,982.8800000000061,982.8800000000061,982.8800000000061,982.8800000000061,982.8800000000061,982.8800000000061,982.8800000000061,982.8800000000061,982.8800000000061,982.8800000000061,982.8800000000061,982.8800000000061,982.8800000000061,982.8800000000061,982.8800000000061,982.8800000000061,982.8800000000061,982.7700000000009,982.7700000000009,982.7700000000009,982.7700000000009,982.7700000000009,982.7700000000009,982.7700000000009,982.7700000000009,982.7700000000009,982.7800000000009,982.7800000000009,982.7800000000009,982.7800000000009,982.7800000000009,982.7800000000009,982.7800000000009,982.7800000000009,982.7800000000009,982.7800000000009,982.7800000000009,982.7800000000009,982.7800000000009,982.7800000000009,982.7800000000009,982.7800000000009,983.0800000000062,982.7800000000009,983.0800000000062,982.7800000000009,982.7800000000009,983.0800000000062,982.7800000000009,983.0800000000062,982.7800000000009,983.0800000000062,982.7800000000009,983.0800000000062,982.7800000000009,983.0800000000062,982.7800000000009,983.0800000000062,982.7800000000009,983.0900000000062,982.7800000000009,983.0900000000062,982.7800000000009,983.0900000000062,982.7800000000009,983.0900000000062,982.7800000000009,983.0900000000062,982.7800000000009,983.0900000000062,982.7800000000009,982.7800000000009,983.0900000000062,982.7800000000009,983.0900000000062,982.7800000000009,983.0900000000062,982.7800000000009,983.0900000000062,982.7800000000009,983.0900000000062,982.7800000000009,983.0900000000062,982.7800000000009,983.0900000000062,982.7800000000009,983.0900000000062,982.7800000000009,983.1000000000062,982.7800000000009,983.1000000000062,982.7800000000009,983.1000000000062,982.7800000000009,983.1000000000062,982.7800000000009,983.1000000000062,982.7800000000009,982.7800000000009,983.1000000000062,982.7800000000009,983.1000000000062,982.7800000000009,983.1000000000062,982.7800000000009,983.1000000000062,982.7900000000009,983.1000000000062,982.7900000000009,983.1000000000062,982.7900000000009,983.1000000000062,982.7900000000009,983.1000000000062,982.7900000000009,983.1000000000062,982.7900000000009,982.7900000000009,982.7900000000009,982.7900000000009,982.7900000000009,982.7900000000009,982.7900000000009,982.7900000000009,982.7900000000009,982.7900000000009,982.7900000000009,982.8000000000009,982.8000000000009,982.8000000000009,982.8000000000009,982.8000000000009,982.8000000000009,982.8000000000009,982.8000000000009,982.8000000000009,982.8000000000009,982.8000000000009,982.8000000000009,982.8000000000009,982.8000000000009,982.8000000000009,983.2000000000063,982.8000000000009,983.2000000000063,982.8000000000009,983.2000000000063,982.8000000000009,983.2000000000063,982.8000000000009,982.8000000000009,983.2000000000063,982.8000000000009,983.2100000000063,982.8000000000009,983.2100000000063,982.8000000000009,983.2100000000063,982.8000000000009,983.2100000000063,982.8000000000009,983.2100000000063,982.8000000000009,983.2100000000063,982.8000000000009,983.2100000000063,982.8000000000009,983.2100000000063,982.8000000000009,983.2100000000063,982.8000000000009,982.8000000000009,983.2100000000063,982.8000000000009,983.2100000000063,982.8000000000009,983.2100000000063,982.8000000000009,983.2100000000063,982.8000000000009,983.2100000000063,982.8000000000009,983.2100000000063,982.8000000000009,983.2100000000063,982.8000000000009,983.2100000000063,982.8000000000009,983.2100000000063,982.8000000000009,983.2100000000063,982.8000000000009,982.8000000000009,983.2100000000063,982.8000000000009,983.2100000000063,982.8000000000009,982.8000000000009,982.8000000000009,982.8000000000009,982.8000000000009,982.8000000000009,982.8000000000009,982.8000000000009,982.8000000000009,982.8000000000009,982.8000000000009,982.8000000000009,982.8000000000009,982.8000000000009,982.8000000000009,982.8000000000009,982.8000000000009,982.8000000000009,982.8000000000009,982.8000000000009,982.8000000000009,982.8100000000009,982.8100000000009,982.8100000000009,983.3100000000064,982.8100000000009,982.8100000000009,983.3100000000064,982.8100000000009,983.3100000000064,982.8100000000009,983.3100000000064,982.8100000000009,983.3100000000064,982.8100000000009,983.3100000000064,982.8100000000009,983.3100000000064,982.8100000000009,983.3100000000064,982.8100000000009,983.3100000000064,982.8100000000009,983.3100000000064,982.8100000000009,983.3100000000064,982.8100000000009,983.3100000000064,982.8100000000009,982.8100000000009,983.3100000000064,982.8100000000009,983.3100000000064,982.8100000000009,983.3100000000064,982.8100000000009,983.3100000000064,982.8100000000009,983.3100000000064,982.8100000000009,983.3100000000064,982.8100000000009,983.3100000000064,982.8100000000009,983.3100000000064,982.8100000000009,983.3100000000064,982.8100000000009,982.8100000000009,982.8100000000009,982.8100000000009,983.4100000000063,983.4100000000063,983.4100000000063,983.4100000000063,983.4100000000063,983.4100000000063,983.4100000000063,983.4100000000063,983.4100000000063,983.4100000000063,983.4100000000063,983.4100000000063,983.4100000000063,983.4100000000063,983.4100000000063,983.4100000000063,983.4100000000063,983.4100000000063,983.4100000000063,983.4100000000063,982.8100000000009,983.4100000000063,982.8100000000009,983.4100000000063,982.8100000000009,983.4100000000063,982.8100000000009,983.4100000000063,982.8100000000009,983.4100000000063,982.8100000000009,983.4100000000063,982.8100000000009,983.4100000000063,982.8100000000009,983.4100000000063,982.8100000000009,983.4100000000063,982.8100000000009,983.4100000000063,982.8100000000009,983.4100000000063,982.8100000000009,983.4100000000063,982.8100000000009,983.4100000000063,982.8100000000009,983.4100000000063,982.8100000000009,983.4100000000063,982.8100000000009,983.4100000000063,982.8100000000009,983.4100000000063,982.8100000000009,983.4100000000063,982.8100000000009,983.4100000000063,982.8100000000009,983.4100000000063,982.8200000000008,983.4100000000063,982.8200000000008,982.8200000000008,983.4100000000063,982.8200000000008,983.4100000000063,982.8200000000008,983.4100000000063,982.8300000000008,983.4100000000063,982.8300000000008,983.4100000000063,982.8300000000008,983.4100000000063,982.8300000000008,983.4100000000063,982.8300000000008,983.4100000000063,982.8300000000008,983.4100000000063,982.8300000000008,983.4100000000063,982.8300000000008,983.4100000000063,982.8300000000008,983.4100000000063,982.8300000000008,983.4200000000063,982.8300000000008,983.4200000000063,982.8300000000008,983.4200000000063,982.8300000000008,983.4200000000063,982.8300000000008,983.4200000000063,982.8300000000008,983.4200000000063,982.8300000000008,983.4200000000063,982.8300000000008,983.4200000000063,982.8300000000008,983.4200000000063,982.8300000000008,983.4200000000063,982.8300000000008,982.8300000000008,983.4200000000063,982.8300000000008,983.4200000000063,982.8300000000008,983.4200000000063,982.8300000000008,983.4200000000063,982.8300000000008,983.4200000000063,982.8300000000008,983.4200000000063,982.8300000000008,983.4200000000063,982.8300000000008,983.4200000000063,982.8300000000008,983.4200000000063,982.8300000000008,983.4200000000063,982.8300000000008,983.4200000000063,982.8300000000008,983.4200000000063,982.8300000000008,983.4200000000063,982.8300000000008,982.8400000000008,983.4200000000063,982.8400000000008,983.4200000000063,982.8400000000008,983.4200000000063,982.8400000000008,983.4200000000063,982.8400000000008,983.4200000000063,982.8500000000008,983.4200000000063,982.8500000000008,983.4200000000063,982.8500000000008,983.4200000000063,982.8500000000008,983.4200000000063,982.8500000000008,983.4200000000063,982.8500000000008,983.4200000000063,982.8500000000008,983.4200000000063,982.8500000000008,982.8500000000008,983.4200000000063,982.8500000000008,983.4200000000063,982.8500000000008,983.4200000000063,982.8500000000008,983.4200000000063,982.8500000000008,983.4200000000063,982.8500000000008,983.4200000000063,982.8500000000008,983.4200000000063,982.8500000000008,982.8500000000008,982.8500000000008,982.8500000000008,982.8500000000008,982.8500000000008,982.8500000000008,982.8500000000008,982.8500000000008,982.8500000000008,982.8500000000008,982.8500000000008,982.8500000000008,982.8500000000008,982.8500000000008,982.8500000000008,982.8500000000008,982.8500000000008,982.8500000000008,982.8500000000008,982.8500000000008,982.8500000000008,982.8500000000008,982.8500000000008,982.8500000000008,983.5200000000065,982.8500000000008,982.8500000000008,983.5200000000065,982.8500000000008,983.5200000000065,982.8500000000008,983.5200000000065,982.8500000000008,
983.5200000000065,983.5200000000065,983.5200000000065,983.5200000000065,982.8500000000008,983.5200000000065,982.8500000000008,983.5200000000065,982.8500000000008,983.5200000000065,982.8500000000008,983.5200000000065,982.8500000000008,983.5200000000065,982.8600000000008,983.5200000000065,982.8600000000008,983.5200000000065,982.8600000000008,983.5200000000065,982.8600000000008,983.5200000000065,982.8600000000008,983.5200000000065,982.8600000000008,983.5200000000065,983.5200000000065,982.8600000000008,983.5200000000065,983.5200000000065,982.8600000000008,983.5200000000065,982.8600000000008,983.5200000000065,982.8600000000008,983.5200000000065,983.5200000000065,983.5200000000065,982.8700000000008,983.5200000000065,983.5200000000065,982.8800000000008,983.5200000000065,983.5200000000065,983.5200000000065,982.890000000001,983.5200000000065,983.5200000000065,982.900000000001,983.5200000000065,982.900000000001,983.5200000000065,982.900000000001,983.5200000000065,982.900000000001,983.5200000000065,982.900000000001,983.5200000000065,982.900000000001,983.5200000000065,982.900000000001,983.5200000000065,983.5200000000065,982.910000000001,983.5200000000065,982.910000000001,983.5200000000065,982.910000000001,983.5200000000065,982.910000000001,983.5200000000065,983.5200000000065,982.910000000001,983.5200000000065,983.5200000000065,983.5200000000065,982.930000000001,983.5200000000065,983.5200000000065,983.5200000000065,982.930000000001,983.5200000000065,982.930000000001,983.5200000000065,983.5200000000065,983.5200000000065,982.940000000001,983.5200000000065,982.940000000001,983.5200000000065,983.5200000000065,983.5200000000065,983.5200000000065,983.5200000000065,982.960000000001,983.5200000000065,982.960000000001,983.5200000000065,983.5200000000065,983.5200000000065,983.5200000000065,983.5200000000065,983.5200000000065,982.9700000000009,983.5200000000065,982.9700000000009,983.5200000000065,982.9700000000009,983.5200000000065,983.5200000000065,983.5200000000065,983.5200000000065,982.9800000000009,983.5200000000065,983.5200000000065,983.5200000000065,983.5200000000065,983.5200000000065,983.5200000000065,983.5200000000065,983.5200000000065,983.5200000000065,983.0100000000009,983.5200000000065,983.5200000000065,983.5300000000065,983.5300000000065,983.5300000000065,983.5300000000065,983.5300000000065,983.5300000000065,983.5300000000065,983.5300000000065,983.5300000000065,983.0500000000011,983.5300000000065,983.5300000000065,983.5300000000065,983.5300000000065,983.5300000000065,983.5300000000065,983.5300000000065,983.5300000000065,983.0600000000011,983.5300000000065,983.0600000000011,983.5300000000065,983.5300000000065,983.5300000000065,983.5300000000065,983.5300000000065,983.5300000000065,983.5300000000065,983.5300000000065,983.0700000000011,983.5400000000067,983.5400000000067,983.5400000000067,983.5400000000067,983.5400000000067,983.5400000000067,983.5400000000067,983.5400000000067,983.5400000000067,983.5400000000067,983.5400000000067,983.5400000000067,983.120000000001,983.5400000000067,983.120000000001,983.5400000000067,983.5400000000067,983.5400000000067,983.5400000000067,983.5400000000067,983.5400000000067,983.5400000000067,983.5400000000067,983.5400000000067,983.160000000001,983.5400000000067,983.160000000001,983.5400000000067,983.5400000000067,983.5400000000067,983.5400000000067,983.5400000000067,983.5400000000067,983.180000000001,983.180000000001,983.180000000001,983.180000000001,983.2000000000012,983.2000000000012,983.2000000000012,983.2000000000012,983.2000000000012,983.2200000000012,983.2400000000011,983.6400000000066,983.2400000000011,983.6400000000066,983.2400000000011,983.6400000000066,983.2400000000011,983.6400000000066,983.6400000000066,983.6400000000066,983.6400000000066,983.6400000000066,983.6400000000066,983.6400000000066,983.6400000000066,983.6400000000066,983.6500000000066,983.6500000000066,983.2800000000011,983.6500000000066,983.6500000000066,983.6500000000066,983.6500000000066,983.6500000000066,983.6500000000066,983.6600000000066,983.6600000000066,983.6600000000066,983.3200000000011,983.350000000001,983.4000000000012,983.4000000000012,983.4000000000012,983.4000000000012,983.7600000000065,983.7600000000065,983.7600000000065,983.7600000000065,983.7600000000065,983.7600000000065,983.7600000000065,983.4300000000012,983.7600000000065,983.4300000000012,983.7600000000065,983.7700000000065,983.7700000000065,983.7700000000065,983.7700000000065,983.7700000000065,983.4500000000012,983.7700000000065,983.4500000000012,983.7700000000065,983.7700000000065,983.7700000000065,983.7700000000065,983.7700000000065,983.7700000000065,983.7700000000065,983.4800000000012,983.7700000000065,983.4800000000012,983.7700000000065,983.7700000000065,983.7700000000065,983.7700000000065,983.7700000000065,983.7700000000065,983.7700000000065,983.5100000000011,983.5100000000011,983.5400000000011,983.600000000001,983.600000000001,983.600000000001,983.8700000000064,983.600000000001,983.8700000000064,983.600000000001,983.8700000000064,983.8700000000064,983.8700000000064,983.8700000000064,983.8700000000064,983.8700000000064,983.8700000000064,983.630000000001,983.8700000000064,983.8700000000064,983.8700000000064,983.8700000000064,983.8700000000064,983.8700000000064,983.8700000000064,983.660000000001,983.8700000000064,983.660000000001,983.8700000000064,983.8700000000064,983.8700000000064,983.8700000000064,983.8700000000064,983.8700000000064,983.8700000000064,983.8700000000064,983.8700000000064,983.8700000000064,983.8700000000064,983.8700000000064,983.8700000000064,983.8700000000064,983.8700000000064,983.8700000000064,983.8700000000064,983.8700000000064,983.8700000000064,983.8700000000064,983.8700000000064,983.7500000000009,983.8700000000064,983.8700000000064,983.7500000000009,983.8700000000064,983.7500000000009,983.8700000000064,983.7500000000009,983.8700000000064,983.8700000000064,983.8700000000064,983.8700000000064,983.8700000000064,983.8700000000064,983.8700000000064,983.7800000000009,983.8700000000064,983.7800000000009,983.8700000000064,983.8700000000064,983.8700000000064,983.8700000000064,983.8700000000064,983.8700000000064,983.8700000000064,983.8700000000064,983.8700000000064,983.7800000000009,983.8700000000064,983.7800000000009,983.8700000000064,983.8700000000064,983.8700000000064,983.8700000000064,983.8700000000064,983.8700000000064,983.8700000000064,983.8700000000064,983.7800000000009,983.7800000000009,983.8100000000009,983.8100000000009,983.9700000000065,983.9700000000065,983.9700000000065,983.8400000000008,983.9700000000065,983.9700000000065,983.9700000000065,983.9700000000065,983.9700000000065,983.9700000000065,983.9700000000065,983.9700000000065,983.9700000000065,983.9700000000065,983.9700000000065,983.9700000000065,983.9700000000065,983.9700000000065,983.9700000000065,983.9700000000065,983.9700000000065,983.9000000000008,983.9700000000065,983.9000000000008,983.9700000000065,983.9700000000065,983.9700000000065,983.9700000000065,983.9700000000065,983.9700000000065,983.9700000000065,983.9700000000065,983.9000000000008,983.9700000000065,983.9700000000065,983.9700000000065,983.9700000000065,983.9400000000007,983.9400000000007,983.9400000000007,983.9400000000007,983.9400000000007,983.9700000000007,984.0000000000007,984.0000000000007,984.0000000000007,984.0000000000007,984.0000000000007,984.0000000000007,984.0000000000007,984.0000000000007,984.0000000000007,984.0000000000007,984.0400000000009,984.0400000000009,984.0700000000064,984.0700000000064,984.0700000000064,984.0700000000064,984.0700000000064,984.0700000000064,984.0800000000064,984.0800000000064,984.0800000000064,984.0800000000064,984.0800000000008,984.0800000000064,984.0900000000008,984.0800000000064,984.0800000000064,984.0800000000064,984.0800000000064,984.1300000000008,984.1300000000008,984.1300000000008,984.1300000000008,984.1700000000008,984.1700000000008,984.1800000000065,984.1800000000065,984.1800000000065,984.1800000000065,984.1800000000065,984.2100000000007,984.1800000000065,984.2100000000007,984.1800000000065,984.1800000000065,984.1800000000065,984.1800000000065,984.1800000000065,984.1800000000065,984.1800000000065,984.1800000000065,984.1800000000065,984.1800000000065,984.2500000000007,984.1800000000065,984.2500000000007,984.1800000000065,984.2500000000007,984.1800000000065,984.2500000000007,984.1800000000065,984.1800000000065,984.1800000000065,984.1800000000065,984.1800000000065,984.1800000000065,984.1800000000065,984.1800000000065,984.1800000000065,984.2900000000006,984.3300000000006,984.3700000000006,984.2800000000065,984.2800000000065,984.2800000000065,984.2800000000065,984.2800000000065,984.2800000000065,984.2800000000065,984.2800000000065,984.4200000000005,984.2800000000065,984.2800000000065,984.2800000000065,984.2800000000065,984.2800000000065,984.2800000000065,984.2800000000065,984.2800000000065,984.2800000000065,984.2800000000065,984.2800000000065,984.4600000000005,984.2800000000065,984.4600000000005,984.2800000000065,984.2800000000065,984.2800000000065,984.2800000000065,984.2800000000065,984.2800000000065,984.2800000000065,984.2800000000065,984.2800000000065,984.2800000000065,984.2800000000065,984.2800000000065,984.2800000000065,984.2800000000065,984.2800000000065,984.2900000000064,984.2900000000064,984.2900000000064,984.2900000000064,984.2900000000064,984.2900000000064,984.5400000000006,984.2900000000064,984.2900000000064,984.2900000000064,984.2900000000064,984.2900000000064,984.2900000000064,984.2900000000064,984.2900000000064,984.2900000000064,984.2900000000064,984.2900000000064,984.5800000000006,984.2900000000064,984.5800000000006,984.2900000000064,984.2900000000064,984.2900000000064,984.2900000000064,984.2900000000064,984.2900000000064,984.2900000000064,984.3000000000064,984.3000000000064,984.3000000000064,984.3000000000064,984.6200000000006,984.3000000000064,984.3000000000064,984.3000000000064,984.3000000000064,984.3000000000064,984.3000000000064,984.3000000000064,984.3000000000064,984.3000000000064,984.3000000000064,984.3000000000064,984.3000000000064,984.3000000000064,984.3000000000064,984.3000000000064,984.3000000000064,984.3000000000064,984.3000000000064,984.3000000000064,984.3000000000064,984.3000000000064,984.3000000000064,984.7100000000007,984.3000000000064,984.7100000000007,984.3000000000064,984.7100000000007,984.3000000000064,984.7100000000007,984.3000000000064,984.7100000000007,984.3000000000064,984.7200000000007,984.3000000000064,984.7200000000007,984.3000000000064,984.7200000000007,984.3000000000064,984.3000000000064,984.3000000000064,984.3000000000064,984.3000000000064,984.3000000000064,984.3000000000064,984.3000000000064,984.3000000000064,984.3000000000064,984.3000000000064,984.3000000000064,984.7600000000007,984.3000000000064,984.3000000000064,984.3000000000064,984.8000000000006,984.4000000000063,984.4000000000063,984.4000000000063,984.4000000000063,984.4000000000063,984.4000000000063,984.4000000000063,984.8900000000006,984.4000000000063,984.8900000000006,984.4000000000063,984.8900000000006,984.4000000000063,984.8900000000006,984.4000000000063,984.8900000000006,984.4000000000063,984.8900000000006,984.4000000000063,984.4000000000063,984.4000000000063,984.4000000000063,984.4000000000063,984.4000000000063,984.4000000000063,984.4000000000063,984.4000000000063,984.4000000000063,984.4000000000063,984.4000000000063,984.9400000000005,984.4000000000063,984.4000000000063,984.4000000000063,984.4000000000063,984.4000000000063,984.4000000000063,984.4000000000063,984.4000000000063,984.4000000000063,984.4100000000063,984.4100000000063,984.4100000000063,984.9800000000005,984.4100000000063,984.4100000000063,984.4100000000063,984.4100000000063,984.4100000000063,984.4100000000063,984.4100000000063,984.4100000000063,984.4100000000063,984.4100000000063,984.4100000000063,984.4100000000063,984.4100000000063,985.0300000000004,984.4100000000063,984.4100000000063,984.4100000000063,984.4100000000063,985.0800000000004,985.0800000000004,985.1300000000006,985.1300000000006,985.1300000000006,985.1300000000006,985.1800000000005,985.1900000000005,984.6200000000064,984.6200000000064,984.6200000000064,984.6200000000064,984.6200000000064,984.6200000000064,984.6200000000064,984.6200000000064,984.6200000000064,984.6200000000064,984.6200000000064,984.6200000000064,984.6200000000064,984.6200000000064,985.2400000000005,984.6200000000064,985.2400000000005,984.6200000000064,984.6200000000064,984.6200000000064,984.6200000000064,984.6200000000064,984.6200000000064,984.6200000000064,984.6200000000064,984.6200000000064,984.6200000000064,984.6200000000064,984.6200000000064,985.2900000000006,984.6200000000064,985.2900000000006,984.6200000000064,984.6200000000064,984.6200000000064,984.6200000000064,984.6300000000064,984.6300000000064,984.6300000000064,984.6300000000064,984.6300000000064,984.6300000000064,984.6300000000064,984.6300000000064,984.6300000000064,984.6300000000064,985.3400000000006,984.6300000000064,985.3400000000006,984.6300000000064,985.3400000000006,984.6300000000064,984.6300000000064,984.6300000000064,984.6300000000064,984.6300000000064,984.6300000000064,984.6300000000064,984.6300000000064,984.6300000000064,984.6300000000064,984.6300000000064,984.6300000000064,984.6300000000064,985.3900000000006,984.6300000000064,985.3900000000006,984.6300000000064,985.3900000000006,984.6300000000064,985.3900000000006,984.6300000000064,985.3900000000006,984.6300000000064,984.6300000000064,984.6300000000064,984.6300000000064,984.6300000000064,984.6300000000064,984.6300000000064,984.6300000000064,984.6300000000064,984.6300000000064,984.6300000000064,984.6300000000064,984.6300000000064,984.6300000000064,985.4500000000005,984.6300000000064,984.6300000000064,984.6300000000064,984.6300000000064,984.6300000000064,984.6300000000064,984.6300000000064,984.6300000000064,984.6300000000064,984.6300000000064,984.6400000000064,984.6400000000064,984.6400000000064,985.5000000000007,984.6400000000064,985.5000000000007,984.6400000000064,985.5000000000007,984.6400000000064,985.5000000000007,984.6400000000064,985.5000000000007,984.6400000000064,985.5000000000007,984.6400000000064,985.5000000000007,984.6400000000064,985.5000000000007,984.6400000000064,984.6400000000064,984.6400000000064,984.6400000000064,984.6400000000064,984.6400000000064,984.6400000000064,984.6400000000064,984.6400000000064,984.6400000000064,984.6400000000064,984.6400000000064,984.6400000000064,984.6400000000064,985.5500000000006,984.6400000000064,984.6400000000064,984.6400000000064,984.6400000000064,984.6400000000064,984.6400000000064,984.6400000000064,984.6400000000064,984.6400000000064,985.6100000000006,985.6100000000006,985.6600000000005,985.6600000000005,985.6600000000005,985.6600000000005,984.7400000000063,984.7400000000063,984.7400000000063,984.7400000000063,984.7400000000063,984.7500000000065,984.7500000000065,984.7500000000065,984.7500000000065,984.7500000000065,984.7500000000065,984.7500000000065,984.7500000000065,984.7500000000065,984.7500000000065,984.7500000000065,984.7500000000065,984.7500000000065,984.7500000000065,984.7500000000065,984.7500000000065,984.7600000000065,984.7600000000065,984.7600000000065,984.7600000000065,984.7600000000065,984.7600000000065,984.7600000000065,984.7600000000065,984.7600000000065,984.7600000000065,984.7600000000065,984.7600000000065,984.7600000000065,984.7600000000065,984.7600000000065,985.8300000000006,984.7600000000065,985.8300000000006,984.7700000000065,985.8300000000006,984.7700000000065,985.8300000000006,984.7700000000065,984.7700000000065,984.7700000000065,984.7700000000065,984.7700000000065,984.7700000000065,984.7700000000065,984.7700000000065,984.7700000000065,984.7700000000065,984.7700000000065,984.7700000000065,984.7700000000065,984.7700000000065,985.8800000000006,984.7700000000065,984.7700000000065,984.7700000000065,984.7700000000065,984.7700000000065,984.7700000000065,984.7700000000065,984.7700000000065,984.7700000000065,984.7700000000065,984.7700000000065,984.7700000000065,984.7700000000065,984.7700000000065,985.9300000000007,984.7700000000065,984.7700000000065,984.7700000000065,984.7700000000065,984.7700000000065,984.7700000000065,984.7700000000065,984.7700000000065,984.7700000000065,984.7700000000065,984.7700000000065,984.7700000000065,984.7700000000065,984.7700000000065,985.9900000000007,984.7700000000065,985.9900000000007,984.7700000000065,985.9900000000007,984.7700000000065,984.7800000000065,984.7800000000065,984.7800000000065,984.7800000000065,984.7800000000065,984.7800000000065,984.7800000000065,984.7800000000065,984.7800000000065,984.7800000000065,984.7800000000065,984.7800000000065,984.7800000000065,986.0500000000006,984.7800000000065,984.7800000000065,984.7800000000065,984.7800000000065,984.7800000000065,984.7900000000064,984.7900000000064,984.7900000000064,984.7900000000064,984.7900000000064,984.7900000000064,984.7900000000064,984.7900000000064,984.7900000000064,984.7900000000064,984.7900000000064,984.7900000000064,984.7900000000064,984.7900000000064,984.7900000000064,984.7900000000064,984.7900000000064,984.7900000000064,984.7900000000064,984.7900000000064,984.7900000000064,984.7900000000064,984.7900000000064,984.7900000000064,984.7900000000064,984.7900000000064,984.7900000000064,984.7900000000064,984.7900000000064,984.7900000000064,984.7900000000064,984.7900000000064,984.7900000000064,984.7900000000064,984.7900000000064,984.7900000000064,986.2200000000007,984.7900000000064,984.7900000000064,984.7900000000064,984.7900000000064,984.7900000000064,984.7900000000064,984.7900000000064,984.7900000000064,984.7900000000064,984.7900000000064,984.7900000000064,984.7900000000064,984.7900000000064,984.7900000000064,986.2800000000007,984.7900000000064,986.2800000000007,984.7900000000064,984.7900000000064,984.7900000000064,984.7900000000064,984.7900000000064,984.7900000000064,984.7900000000064,984.7900000000064,984.7900000000064,984.7900000000064,984.7900000000064,984.7900000000064,984.7900000000064,984.7900000000064,984.7900000000064,986.3400000000006,984.7900000000064,984.7900000000064,984.7900000000064,984.7900000000064,984.7900000000064,984.7900000000064,984.7900000000064,984.7900000000064,984.7900000000064,984.7900000000064,984.7900000000064,984.7900000000064,984.7900000000064,984.7900000000064,984.7900000000064,986.4000000000008,984.7900000000064,984.7900000000064,984.7900000000064,984.7900000000064,984.7900000000064,984.7900000000064,984.7900000000064,984.7900000000064,984.7900000000064,984.7900000000064,984.7900000000064,984.7900000000064,984.7900000000064,984.7900000000064,984.7900000000064,984.7900000000064,986.4700000000007,984.7900000000064,984.7900000000064,984.7900000000064,984.7900000000064,984.7900000000064,984.7900000000064,984.7900000000064,984.7900000000064,984.7900000000064,984.7900000000064,984.7900000000064,984.7900000000064,984.7900000000064,984.7900000000064,984.7900000000064,986.5300000000007,984.7900000000064,984.7900000000064,984.7900000000064,984.7900000000064,984.7900000000064,984.7900000000064,984.7900000000064,984.7900000000064,984.7900000000064,984.7900000000064,984.7900000000064,984.7900000000064,984.7900000000064,984.7900000000064,984.7900000000064,984.7900000000064,984.7900000000064,984.7900000000064,984.7900000000064,984.7900000000064,984.7900000000064,984.7900000000064,984.7900000000064,984.7900000000064,984.7900000000064,984.7900000000064,984.7900000000064,984.7900000000064,984.7900000000064,984.7900000000064,986.6600000000008,984.7900000000064,984.7900000000064,986.7200000000007,986.7200000000007,986.7200000000007,986.7200000000007,984.8900000000066,984.8900000000066,984.8900000000066,984.8900000000066,984.8900000000066,984.8900000000066,984.8900000000066,986.7800000000007,984.8900000000066,984.8900000000066,984.8900000000066,984.8900000000066,984.8900000000066,984.8900000000066,984.8900000000066,984.8900000000066,984.8900000000066,984.8900000000066,984.8900000000066,984.8900000000066,984.8900000000066,984.8900000000066,984.8900000000066,984.8900000000066,986.8400000000008,984.8900000000066,986.8400000000008,984.8900000000066,984.8900000000066,984.8900000000066,984.8900000000066,984.8900000000066,984.9000000000066,984.9000000000066,984.9000000000066,984.9000000000066,984.9000000000066,984.9000000000066,984.9000000000066,984.9000000000066,984.9000000000066,984.9000000000066,984.9000000000066,986.9000000000008,984.9000000000066,984.9000000000066,984.9000000000066,984.9000000000066,984.9000000000066,984.9000000000066,984.9000000000066,984.9000000000066,984.9000000000066,986.9600000000007,987.0200000000007,987.0200000000007,987.0200000000007,985.0100000000067,987.0200000000007,985.0100000000067,985.0100000000067,985.0100000000067,985.0100000000067,985.0100000000067,985.0100000000067,985.0100000000067,985.0100000000067,985.0100000000067,985.0100000000067,985.0100000000067,985.0100000000067,985.0100000000067,985.0100000000067,985.0200000000067,985.0200000000067,985.0200000000067,985.0200000000067,985.0200000000067,985.0200000000067,985.0200000000067,985.0200000000067,985.0200000000067,985.0200000000067,985.0200000000067,985.0200000000067,985.0200000000067,985.0200000000067,985.0200000000067,985.0200000000067,985.0200000000067,985.0200000000067,987.1500000000008,985.0200000000067,987.1500000000008,985.0200000000067,987.1500000000008,985.0200000000067,987.1500000000008,985.0200000000067,987.1500000000008,985.0200000000067,987.1500000000008,985.0200000000067,987.1500000000008,985.0200000000067,987.1500000000008,985.0200000000067,987.1500000000008,985.0200000000067,987.1500000000008,987.1500000000008,985.0200000000067,987.1500000000008,985.0200000000067,985.0200000000067,985.0200000000067,985.0200000000067,985.0200000000067,985.0200000000067,985.0200000000067,985.0200000000067,985.0200000000067,985.0200000000067,985.0200000000067,985.0200000000067,985.0200000000067,985.0200000000067,985.0200000000067,985.0200000000067,985.0200000000067,985.0200000000067,985.0200000000067,985.0200000000067,985.0200000000067,985.0200000000067,985.0200000000067,985.0200000000067,985.0200000000067,985.0200000000067,985.0200000000067,985.0200000000067,985.0200000000067,985.0200000000067,985.0200000000067,985.0200000000067,985.0200000000067,985.0200000000067,
987.2800000000009,985.0200000000067,985.0200000000067,985.0200000000067,985.0200000000067,985.0200000000067,985.0200000000067,985.0200000000067,985.0200000000067,985.0200000000067,985.0200000000067,985.0200000000067,985.0200000000067,985.0300000000067,985.0300000000067,985.0400000000067,985.0400000000067,985.0400000000067,985.0400000000067,985.0600000000067,985.0600000000067,985.0600000000067,985.0600000000067,987.4200000000008,987.4200000000008,985.0700000000066,985.0800000000066,985.0800000000066,985.0800000000066,985.0800000000066,985.0900000000066,985.1100000000066,985.1100000000066,987.4900000000009,985.1200000000066,985.1200000000066,985.1300000000066,985.1300000000066,985.1300000000066,985.1300000000066,985.1400000000066,985.1400000000066,985.1500000000066,985.1700000000066,985.1800000000065,985.1800000000065,987.6300000000008,985.2100000000065,985.2200000000065,985.2300000000065,987.7000000000007,987.7000000000007,987.7000000000007,987.7000000000007,987.7000000000007,985.2600000000065,985.2800000000065,985.2800000000065,985.2800000000065,985.3000000000064,985.3000000000064,985.3200000000064,987.8400000000006,985.3600000000064,985.3900000000064,985.3900000000064,985.4400000000065,985.4700000000065,987.9800000000007,985.5200000000065,985.5200000000065,985.5200000000065,985.5200000000065,988.0600000000006,985.5700000000064,988.0600000000006,985.5700000000064,988.0700000000006,985.5700000000064,988.0700000000006,985.5700000000064,988.0700000000006,985.5700000000064,988.0700000000006,985.6000000000064,985.6300000000066,985.6300000000066,985.6300000000066,988.1500000000005,985.6600000000066,985.6600000000066,985.6600000000066,985.6600000000066,985.6600000000066,985.6600000000066,985.6600000000066,988.2200000000007,985.6900000000065,985.6900000000065,985.7400000000065,985.7400000000065,985.7400000000065,985.7400000000065,985.7400000000065,985.7400000000065,985.7400000000065,985.7400000000065,985.7400000000065,988.3700000000006,985.7700000000067,985.8100000000067,988.4500000000007,985.8400000000066,985.8700000000066,985.9000000000066,985.9000000000066,985.9000000000066,985.9000000000066,985.9000000000066,985.9700000000067,988.6800000000007,985.9700000000067,986.0100000000067,986.0800000000066,988.8400000000006,986.1100000000066,988.8400000000006,986.1100000000066,988.8400000000006,986.1100000000066,988.8400000000006,986.1100000000066,988.8400000000006,986.1100000000066,988.8400000000006,988.8400000000006,988.8400000000006,988.8400000000006,988.8400000000006,988.8400000000006,986.1100000000066,986.1100000000066,986.1100000000066,986.1100000000066,986.1400000000066,986.1400000000066,986.1400000000066,986.1400000000066,986.1400000000066,986.1400000000066,986.1400000000066,986.1400000000066,986.1400000000066,986.1400000000066,989.0000000000007,986.2200000000067,989.0800000000006,986.2200000000067,989.0800000000006,989.0800000000006,989.0800000000006,989.0800000000006,986.3000000000067,989.1600000000008,989.1600000000008,989.1600000000008,986.3500000000066,986.3900000000066,986.3900000000066,989.2400000000007,986.3900000000066,989.2400000000007,986.3900000000066,986.3900000000066,986.3900000000066,989.3200000000006,989.3200000000006,989.3200000000006,989.3200000000006,986.4800000000067,986.5300000000067,986.5800000000066,986.6300000000066,989.4800000000005,989.4800000000005,989.4800000000005,989.4900000000005,989.4900000000005,989.4900000000005,986.6800000000068,989.5700000000006,989.5700000000006,989.5700000000006,986.7800000000067,986.8300000000066,989.6500000000005,986.8300000000066,989.6500000000005,989.6500000000005,989.6500000000005,989.6500000000005,989.6500000000005,989.6500000000005,986.9200000000068,986.9200000000068,986.9200000000068,986.9200000000068,986.9200000000068,986.9700000000067,986.9700000000067,989.8100000000006,987.0200000000067,989.8900000000006,989.8900000000006,987.0700000000066,989.8900000000006,987.0700000000066,989.8900000000006,987.1200000000066,987.1700000000066,990.0600000000006,990.0600000000006,990.0600000000006,990.0600000000006,990.0600000000006,990.0600000000006,990.0600000000006,990.0600000000006,990.0700000000006,990.0700000000006,990.0700000000006,987.2300000000065,990.0700000000006,990.0700000000006,987.2900000000064,990.0700000000006,990.0700000000006,990.0700000000006,990.0700000000006,990.0700000000006,990.0700000000006,987.3400000000066,990.1500000000008,990.1500000000008,990.1500000000008,990.1500000000008,990.1500000000008,990.1500000000008,987.4500000000065,990.1500000000008,987.4500000000065,987.4500000000065,987.5000000000065,987.5000000000065,990.2400000000007,990.2400000000007,987.5600000000067,990.3300000000008,990.3300000000008,987.6200000000066,990.3300000000008,987.6200000000066,990.3300000000008,987.6200000000066,990.3300000000008,987.6200000000066,990.3300000000008,987.6200000000066,990.3300000000008,987.6200000000066,987.6800000000065,990.4100000000008,990.4100000000008,987.7400000000065,987.7400000000065,987.8000000000067,987.9100000000066,987.9100000000066,987.9100000000066,990.6700000000008,990.6700000000008,990.6700000000008,988.0200000000067,990.7600000000009,988.0800000000066,988.0800000000066,988.0800000000066,988.0800000000066,988.0800000000066,990.8400000000008,990.8400000000008,990.8400000000008,990.8400000000008,990.8400000000008,988.1400000000066,988.2600000000067,988.2600000000067,988.2600000000067,988.2600000000067,988.2600000000067,991.0200000000009,991.0200000000009,991.0200000000009,991.0200000000009,991.0200000000009,991.0200000000009,991.0200000000009,991.0200000000009,988.3900000000066,988.3900000000066,991.0200000000009,988.3900000000066,991.0200000000009,988.3900000000066,988.4500000000068,988.4500000000068,991.110000000001,991.110000000001,991.110000000001,991.110000000001,988.5700000000066,988.5700000000066,988.5700000000066,988.5700000000066,988.6300000000068,988.6900000000068,988.6900000000068,991.390000000001,988.8200000000066,988.8200000000066,988.8200000000066,988.8200000000066,988.8200000000066,988.8200000000066,988.8200000000066,988.9500000000068,988.9500000000068,991.5800000000011,989.0800000000069,989.0800000000069,989.0800000000069,989.0800000000069,989.0800000000069,989.0800000000069,989.0800000000069,991.7700000000011,991.870000000001,991.870000000001,991.870000000001,989.2100000000067,989.2100000000067,991.960000000001,991.960000000001,991.960000000001,991.960000000001,991.960000000001,991.960000000001,991.960000000001,991.960000000001,991.960000000001,991.960000000001,991.960000000001,991.960000000001,989.2800000000069,991.960000000001,989.2800000000069,991.960000000001,989.2800000000069,991.9700000000009,991.9700000000009,989.2800000000069,991.9700000000009,989.2800000000069,991.9700000000009,989.2800000000069,991.9700000000009,991.9700000000009,991.9700000000009,991.9700000000009,991.9700000000009,991.9700000000009,991.9700000000009,991.9700000000009,991.9700000000009,991.9700000000009,991.9700000000009,991.9700000000009,991.9700000000009,991.9700000000009,991.9700000000009,991.9700000000009,991.9700000000009,991.9700000000009,989.3500000000068,991.9700000000009,989.3500000000068,991.9700000000009,989.3500000000068,991.9700000000009,989.3500000000068,991.9700000000009,989.3500000000068,991.9700000000009,989.3500000000068,991.9700000000009,989.3500000000068,991.9700000000009,989.3500000000068,991.9700000000009,991.9700000000009,989.3500000000068,991.9700000000009,989.3500000000068,991.9700000000009,991.9700000000009,991.9700000000009,991.9700000000009,991.9700000000009,991.9700000000009,991.9700000000009,991.9700000000009,991.9700000000009,991.9700000000009,991.9700000000009,991.9700000000009,991.9700000000009,991.9700000000009,991.9700000000009,991.9700000000009,991.9700000000009,991.9700000000009,989.420000000007,991.9700000000009,991.9700000000009,989.420000000007,991.9700000000009,989.420000000007,991.9700000000009,991.9700000000009,991.9700000000009,989.490000000007,989.490000000007,989.5600000000069,989.5600000000069,989.5600000000069,989.5600000000069,989.5600000000069,992.1600000000008,992.1600000000008,992.1600000000008,992.1600000000008,989.630000000007,989.630000000007,989.630000000007,992.3600000000008,992.3600000000008,992.3600000000008,992.3600000000008,992.3600000000008,992.3600000000008,992.3600000000008,992.3600000000008,992.3600000000008,992.3600000000008,992.3600000000008,992.3600000000008,992.3600000000008,992.3600000000008,992.3600000000008,992.3600000000008,992.3600000000008,989.8500000000071,992.3600000000008,989.8500000000071,992.3600000000008,992.3600000000008,989.8500000000071,992.3600000000008,989.8500000000071,992.3600000000008,989.8500000000071,992.3600000000008,992.3600000000008,992.3600000000008,992.3600000000008,992.3600000000008,989.920000000007,989.920000000007,992.4500000000007,992.4500000000007,992.4500000000007,992.4500000000007,992.4500000000007,992.4500000000007,992.4500000000007,990.0700000000071,990.0700000000071,992.5500000000006,990.0700000000071,992.5500000000006,990.0700000000071,992.5500000000006,990.0700000000071,992.5500000000006,990.0700000000071,992.5500000000006,990.0700000000071,992.5500000000006,990.0700000000071,992.5500000000006,990.0700000000071,992.5500000000006,990.0700000000071,992.5500000000006,990.0700000000071,992.5500000000006,992.5500000000006,992.5500000000006,992.5500000000006,992.5500000000006,992.5600000000006,992.5600000000006,992.5600000000006,992.5600000000006,992.5600000000006,992.5600000000006,992.5600000000006,992.5600000000006,992.5600000000006,992.5600000000006,992.5600000000006,992.5600000000006,992.5600000000006,992.5600000000006,990.140000000007,992.5700000000006,990.140000000007,992.5700000000006,990.140000000007,992.5700000000006,990.140000000007,992.5700000000006,990.140000000007,992.5700000000006,990.140000000007,992.5700000000006,992.5700000000006,990.140000000007,992.5700000000006,990.140000000007,992.5700000000006,990.140000000007,992.5700000000006,992.5700000000006,992.5700000000006,992.5700000000006,992.5700000000006,992.5700000000006,992.5700000000006,992.5700000000006,992.5700000000006,992.5700000000006,992.5700000000006,992.5700000000006,992.5700000000006,992.5700000000006,992.5700000000006,992.5700000000006,992.5700000000006,992.5700000000006,992.5700000000006,990.2200000000072,992.5700000000006,990.2200000000072,992.5700000000006,990.2200000000072,992.5700000000006,992.5700000000006,990.2200000000072,992.5700000000006,990.2200000000072,992.5700000000006,990.2200000000072,992.5700000000006,990.2200000000072,992.5700000000006,990.2200000000072,992.5700000000006,990.2200000000072,992.5700000000006,990.2200000000072,992.5700000000006,990.2200000000072,992.5700000000006,990.2200000000072,990.2200000000072,990.2200000000072,990.2200000000072,990.2200000000072,992.6700000000008,992.6700000000008,992.6700000000008,992.6700000000008,992.6700000000008,992.6700000000008,992.6700000000008,992.6700000000008,992.6700000000008,992.6700000000008,992.6700000000008,992.6700000000008,992.6700000000008,992.6700000000008,992.6700000000008,992.6700000000008,992.6700000000008,992.6700000000008,992.6700000000008,990.3700000000073,992.6700000000008,990.3700000000073,992.6700000000008,990.3700000000073,992.6700000000008,990.3700000000073,992.6700000000008,990.3700000000073,992.6700000000008,990.3700000000073,992.6700000000008,992.6700000000008,990.3700000000073,992.6700000000008,990.3700000000073,992.6700000000008,992.6700000000008,992.6700000000008,992.6700000000008,992.6700000000008,992.6700000000008,992.6700000000008,992.6700000000008,992.6700000000008,992.6700000000008,992.6700000000008,992.6700000000008,992.6700000000008,992.6700000000008,992.6700000000008,992.6700000000008,992.6700000000008,990.4500000000072,990.4500000000072,990.4500000000072,990.4500000000072,990.4500000000072,990.4500000000072,990.4500000000072,990.4500000000072,992.7700000000007,992.7700000000007,992.7700000000007,992.7700000000007,992.7700000000007,992.7700000000007,992.7700000000007,990.5300000000071,992.7700000000007,990.5300000000071,992.7700000000007,990.5400000000074,992.7700000000007,990.5400000000074,992.7700000000007,990.5400000000074,992.7700000000007,990.5400000000074,992.7700000000007,990.5400000000074,992.7700000000007,990.5400000000074,992.7700000000007,992.7700000000007,990.5400000000074,992.7700000000007,990.5400000000074,992.7700000000007,990.5400000000074,992.7700000000007,990.5400000000074,992.7700000000007,990.5400000000074,992.7700000000007,990.5400000000074,992.7700000000007,990.5400000000074,992.7700000000007,990.5400000000074,992.7700000000007,990.5400000000074,992.7700000000007,992.7700000000007,992.7700000000007,992.7700000000007,992.7700000000007,992.7700000000007,992.7700000000007,992.7700000000007,992.7700000000007,992.7700000000007,992.7700000000007,992.7700000000007,992.7700000000007,992.7700000000007,992.7700000000007,992.7700000000007,992.7700000000007,992.7700000000007,992.7700000000007,992.7700000000007,990.6200000000073,992.7700000000007,990.6200000000073,992.7700000000007,990.6200000000073,992.7700000000007,992.7700000000007,990.6200000000073,992.7700000000007,990.6200000000073,992.7700000000007,990.6200000000073,992.7700000000007,990.6200000000073,992.7700000000007,992.7700000000007,992.7700000000007,992.7700000000007,992.7700000000007,992.7700000000007,992.7700000000007,992.7700000000007,992.7700000000007,992.7700000000007,992.7700000000007,992.7700000000007,992.7700000000007,992.7700000000007,992.7700000000007,992.7700000000007,992.7700000000007,992.7700000000007,992.7700000000007,992.7700000000007,990.7000000000074,992.7700000000007,990.7000000000074,992.7700000000007,990.7000000000074,992.7700000000007,990.7000000000074,992.7700000000007,990.7000000000074,992.7700000000007,992.7700000000007,990.7000000000074,992.7700000000007,990.7000000000074,992.7700000000007,990.7000000000074,992.7700000000007,990.7000000000074,992.7700000000007,990.7000000000074,992.7700000000007,990.7000000000074,992.7700000000007,990.7000000000074,992.7700000000007,990.7000000000074,992.7700000000007,990.7000000000074,992.7700000000007,990.7000000000074,992.7700000000007,990.7000000000074,992.7700000000007,992.7700000000007,990.7000000000074,992.7700000000007,990.7000000000074,992.7700000000007,990.7000000000074,992.7700000000007,990.7000000000074,992.7700000000007,990.7000000000074,992.7700000000007,990.7000000000074,992.7700000000007,990.7000000000074,992.7700000000007,990.7000000000074,992.7700000000007,990.7000000000074,992.7700000000007,990.7000000000074,992.7700000000007,990.7000000000074,992.7700000000007,990.7000000000074,992.7700000000007,990.7000000000074,992.7700000000007,992.7700000000007,990.7000000000074,992.7700000000007,990.7000000000074,992.7700000000007,990.7000000000074,992.7700000000007,990.7000000000074,992.7700000000007,990.7000000000074,992.7700000000007,990.7000000000074,992.7700000000007,990.7000000000074,992.7700000000007,990.7000000000074,992.7700000000007,990.7000000000074,992.7700000000007,992.7700000000007,990.7000000000074,992.7700000000007,990.7000000000074,992.7700000000007,990.7000000000074,992.7700000000007,990.7000000000074,992.7700000000007,990.7000000000074,992.7700000000007,990.7000000000074,992.7700000000007,990.7000000000074,992.7700000000007,990.7000000000074,992.7700000000007,992.7700000000007,992.7700000000007,992.7700000000007,992.7700000000007,992.7700000000007,992.7700000000007,992.7700000000007,992.7700000000007,992.7700000000007,992.7700000000007,992.7700000000007,990.7000000000074,990.7000000000074,990.7000000000074,990.7000000000074,990.7000000000074,990.7000000000074,990.7000000000074,990.7000000000074,990.7000000000074,992.8700000000006,992.8700000000006,992.8800000000006,992.8800000000006,992.8800000000006,992.8800000000006,992.8800000000006,992.8800000000006,992.8800000000006,992.8800000000006,992.8800000000006,992.8800000000006,992.8800000000006,992.8900000000006,992.8900000000006,992.8900000000006,992.8900000000006,992.8900000000006,992.8900000000006,992.8900000000006,992.8900000000006,992.8900000000006,992.8900000000006,992.8900000000006,992.8900000000006,992.8900000000006,992.8900000000006,992.8900000000006,992.8900000000006,992.8900000000006,992.9000000000005,992.9000000000005,992.9000000000005,992.9000000000005,990.8700000000073,992.9000000000005,990.8700000000073,992.9000000000005,990.8700000000073,992.9000000000005,990.8700000000073,992.9000000000005,990.8700000000073,992.9000000000005,992.9000000000005,992.9000000000005,992.9000000000005,992.9000000000005,993.0000000000005,993.0000000000005,993.0000000000005,993.0000000000005,993.0000000000005,993.0000000000005,993.0000000000005,993.0000000000005,993.0000000000005,993.0000000000005,993.0000000000005,991.0300000000071,993.0000000000005,993.0000000000005,991.0400000000071,993.0000000000005,991.0400000000071,993.0000000000005,991.0400000000071,993.0000000000005,991.0400000000071,993.0000000000005,991.0400000000071,993.0000000000005,991.0400000000071,993.0000000000005,991.0400000000071,993.0000000000005,991.0400000000071,993.0000000000005,991.0400000000071,993.0000000000005,993.0000000000005,991.0400000000071,993.0000000000005,991.0400000000071,993.0000000000005,991.0400000000071,993.0000000000005,991.0400000000071,993.0000000000005,991.0400000000071,993.0000000000005,991.0400000000071,993.0000000000005,993.0000000000005,993.0000000000005,993.0000000000005,993.0000000000005,993.0000000000005,993.0000000000005,993.0000000000005,993.0000000000005,993.0000000000005,993.0100000000004,993.0200000000004,993.0200000000004,991.120000000007,991.120000000007,991.120000000007,991.120000000007,991.120000000007,991.120000000007,991.120000000007,991.120000000007,991.120000000007,991.120000000007,991.120000000007,991.120000000007,991.120000000007,991.120000000007,991.130000000007,991.130000000007,991.130000000007,993.1300000000006,991.130000000007,993.1300000000006,991.130000000007,993.1300000000006,991.130000000007,993.1300000000006,991.130000000007,993.1300000000006,991.130000000007,993.1300000000006,991.130000000007,993.1300000000006,991.130000000007,993.1300000000006,991.140000000007,993.1300000000006,991.140000000007,993.1300000000006,991.140000000007,993.1300000000006,991.140000000007,993.1300000000006,991.140000000007,993.1300000000006,991.140000000007,991.140000000007,991.140000000007,991.140000000007,991.140000000007,991.140000000007,991.140000000007,991.140000000007,991.140000000007,991.140000000007,991.140000000007,991.140000000007,991.140000000007,991.140000000007,991.140000000007,991.230000000007,991.230000000007,991.240000000007,991.240000000007,991.240000000007,991.240000000007,991.240000000007,991.240000000007,991.240000000007,991.240000000007,991.2500000000069,991.2500000000069,993.3300000000006,993.3300000000006,993.3300000000006,993.3300000000006,993.3400000000006,993.3400000000006,993.3400000000006,993.3400000000006,993.3400000000006,993.3400000000006,993.3400000000006,993.3400000000006,993.3400000000006,993.3400000000006,993.3400000000006,993.3400000000006,993.3400000000006,993.3400000000006,993.3400000000006,993.3400000000006,993.3400000000006,991.3400000000069,993.3400000000006,991.3400000000069,993.3400000000006,991.3400000000069,993.3400000000006,993.3400000000006,993.3400000000006,993.3400000000006,993.3400000000006,993.3400000000006,993.3400000000006,993.3400000000006,993.3400000000006,993.3400000000006,993.3400000000006,993.3400000000006,993.3400000000006,993.3400000000006,993.3400000000006,993.3400000000006,993.3400000000006,993.4500000000007,991.5100000000069,993.4500000000007,991.5100000000069,993.4500000000007,991.5100000000069,993.4500000000007,991.5100000000069,993.4500000000007,991.5100000000069,993.4500000000007,991.5100000000069,993.4500000000007,991.5100000000069,993.4500000000007,991.5100000000069,993.4500000000007,991.5100000000069,993.4500000000007,991.5100000000069,993.4500000000007,991.5100000000069,993.4500000000007,991.5100000000069,993.4500000000007,991.5100000000069,993.4500000000007,991.5200000000069,993.4500000000007,991.5200000000069,993.4500000000007,991.5200000000069,993.4500000000007,993.4500000000007,991.5200000000069,993.4500000000007,991.5200000000069,993.4500000000007,991.5200000000069,993.4500000000007,991.5200000000069,993.4500000000007,991.5200000000069,993.4500000000007,991.5200000000069,993.4600000000007,991.5200000000069,993.4600000000007,991.5300000000071,993.4600000000007,991.5300000000071,993.4600000000007,991.5300000000071,993.4600000000007,991.5300000000071,993.4600000000007,993.4600000000007,991.5300000000071,993.4600000000007,991.5300000000071,993.4600000000007,991.5300000000071,993.4600000000007,991.5300000000071,993.4600000000007,991.5300000000071,993.4600000000007,991.5300000000071,993.4600000000007,991.5300000000071,993.4600000000007,991.5300000000071,993.4600000000007,991.5300000000071,993.4600000000007,991.5300000000071,993.4600000000007,991.5300000000071,993.4600000000007,991.5300000000071,993.4600000000007,993.4600000000007,991.5300000000071,993.4600000000007,991.5300000000071,993.4600000000007,991.5300000000071,993.4600000000007,991.5300000000071,993.4600000000007,991.5300000000071,993.4600000000007,991.5400000000071,993.4600000000007,991.5400000000071,993.4600000000007,991.5400000000071,993.4600000000007,991.5400000000071,993.4600000000007,993.4600000000007,993.4600000000007,993.4600000000007,993.4600000000007,993.4600000000007,993.4600000000007,993.4600000000007,993.4600000000007,993.4600000000007,993.4600000000007,993.4600000000007,993.4600000000007,993.4600000000007,993.4600000000007,993.4600000000007,993.4600000000007,993.4600000000007,993.4600000000007,993.4600000000007,993.4600000000007,991.630000000007,993.4600000000007,991.630000000007,993.4600000000007,993.4600000000007,991.630000000007,993.4600000000007,991.630000000007,993.4600000000007,991.630000000007,993.4600000000007,991.630000000007,993.4600000000007,991.630000000007,993.4600000000007,991.630000000007,993.4600000000007,991.630000000007,993.4600000000007,991.630000000007,993.4600000000007,991.630000000007,993.4600000000007,991.630000000007,993.4600000000007,991.630000000007,993.4600000000007,993.4600000000007,991.630000000007,993.4600000000007,991.630000000007,993.4600000000007,991.630000000007,993.4600000000007,991.630000000007,993.4600000000007,991.630000000007,993.4600000000007,991.630000000007,993.4600000000007,991.630000000007,993.4600000000007,991.630000000007,993.4600000000007,991.630000000007,993.4700000000007,991.630000000007,993.4700000000007,991.630000000007,993.4700000000007,991.630000000007,993.4700000000007,991.630000000007,993.4700000000007,991.630000000007,993.4700000000007,993.4700000000007,991.630000000007,993.4700000000007,991.630000000007,993.4700000000007,991.630000000007,993.4700000000007,991.640000000007,993.4700000000007,991.640000000007,993.4700000000007,991.640000000007,993.4700000000007,991.640000000007,993.4700000000007,991.640000000007,993.4700000000007,991.640000000007,993.4700000000007,991.640000000007,993.4700000000007,991.640000000007,993.4700000000007,991.640000000007,993.4700000000007,991.640000000007,993.4700000000007,991.640000000007,993.4700000000007,991.640000000007,993.4700000000007,991.640000000007,993.4700000000007,993.4700000000007,991.640000000007,993.4700000000007,991.640000000007,993.4700000000007,991.640000000007,993.4700000000007,991.640000000007,993.4700000000007,991.640000000007,993.4700000000007,991.640000000007,993.4700000000007,991.650000000007,993.4700000000007,991.650000000007,993.4700000000007,991.650000000007,993.4700000000007,991.650000000007,993.4700000000007,991.650000000007,991.650000000007,991.650000000007,991.650000000007,991.650000000007,991.650000000007,991.660000000007,991.660000000007,991.660000000007,991.660000000007,991.660000000007,991.660000000007,991.660000000007,991.660000000007,991.660000000007,991.660000000007,991.660000000007,991.660000000007,991.660000000007,991.660000000007,991.660000000007,991.660000000007,991.660000000007,991.660000000007,993.5700000000006,991.660000000007,993.5700000000006,991.660000000007,993.5700000000006,991.660000000007,993.5700000000006,991.660000000007,993.5700000000006,991.660000000007,993.5700000000006,991.660000000007,993.5700000000006,991.660000000007,993.5700000000006,991.660000000007,993.5700000000006,991.660000000007,993.5700000000006,991.660000000007,993.5700000000006,991.660000000007,993.5700000000006,991.660000000007,993.5700000000006,991.660000000007,993.5700000000006,991.660000000007,993.5700000000006,991.660000000007,993.5700000000006,991.660000000007,993.5700000000006,993.5700000000006,991.660000000007,993.5700000000006,991.660000000007,993.5700000000006,991.660000000007,993.5700000000006,991.660000000007,993.5700000000006,991.660000000007,993.5700000000006,991.660000000007,993.5700000000006,991.660000000007,993.5700000000006,991.660000000007,993.5700000000006,991.660000000007,993.5700000000006,991.660000000007,993.5700000000006,991.660000000007,993.5700000000006,991.660000000007,993.5700000000006,991.660000000007,993.5700000000006,991.660000000007,993.5700000000006,991.660000000007,993.5700000000006,991.660000000007,993.5700000000006,993.5700000000006,991.660000000007,993.5700000000006,991.660000000007,993.5700000000006,991.660000000007,993.5700000000006,991.660000000007,993.5700000000006,991.660000000007,993.5700000000006,991.660000000007,993.5700000000006,991.660000000007,993.5700000000006,991.660000000007,993.5700000000006,991.660000000007,993.5700000000006,991.660000000007,993.5700000000006,991.660000000007,993.5700000000006,991.660000000007,993.5700000000006,991.660000000007,993.5700000000006,993.5700000000006,991.660000000007,993.5700000000006,991.660000000007,993.5700000000006,991.660000000007,993.5700000000006,991.660000000007,993.5700000000006,991.670000000007,993.5700000000006,991.670000000007,991.670000000007,991.670000000007,991.670000000007,991.670000000007,991.670000000007,991.670000000007,991.670000000007,991.670000000007,991.670000000007,991.670000000007,991.670000000007,991.670000000007,991.670000000007,991.670000000007,991.670000000007,991.670000000007,991.670000000007,991.670000000007,991.670000000007,991.670000000007,991.670000000007,991.670000000007,991.670000000007,993.6700000000005,991.670000000007,993.6700000000005,991.670000000007,993.6700000000005,991.670000000007,993.6700000000005,991.680000000007,993.6700000000005,991.680000000007,993.6700000000005,991.680000000007,993.6700000000005,991.680000000007,993.6700000000005,991.680000000007,993.6700000000005,991.680000000007,993.6700000000005,991.680000000007,993.6700000000005,993.6700000000005,991.7700000000069,991.7700000000069,991.7700000000069,991.7700000000069,991.7700000000069,993.6700000000005,991.7700000000069,993.6700000000005,991.7700000000069,993.6700000000005,991.7700000000069,993.6700000000005,991.7700000000069,993.6700000000005,991.7700000000069,993.6700000000005,991.7700000000069,993.6700000000005,991.7700000000069,993.6700000000005,991.7700000000069,993.6700000000005,991.7700000000069,993.6700000000005,991.7700000000069,993.6700000000005,991.7700000000069,993.6700000000005,991.7700000000069,993.6700000000005,991.7700000000069,993.6700000000005,991.7700000000069,993.6700000000005,991.7700000000069,993.6700000000005,991.7700000000069,993.6700000000005,991.7700000000069,993.6700000000005,991.7700000000069,991.7700000000069,991.7700000000069,991.7700000000069,991.7700000000069,991.7700000000069,991.7700000000069,991.7700000000069,991.7700000000069,991.7700000000069,991.7700000000069,991.7700000000069,991.7700000000069,991.7700000000069,991.7700000000069,991.7700000000069,991.7700000000069,991.7700000000069,991.7700000000069,991.7700000000069,991.7700000000069,991.7700000000069,991.7700000000069,991.7700000000069,991.7700000000069,991.7700000000069,993.8700000000006,993.8700000000006,993.8700000000006,993.8700000000006,993.8700000000006,993.8700000000006,993.8700000000006,993.8700000000006,993.8700000000006,993.8700000000006,993.8700000000006,993.8700000000006,993.8700000000006,993.8700000000006,993.8700000000006,993.8700000000006,993.8700000000006,993.8700000000006,993.8700000000006,993.8700000000006,991.950000000007,993.8700000000006,991.950000000007,993.8700000000006,991.950000000007,993.8700000000006,993.8700000000006,991.950000000007,993.8700000000006,991.950000000007,993.8700000000006,991.950000000007,993.8700000000006,991.950000000007,993.8700000000006,991.950000000007,993.8700000000006,991.950000000007,993.8700000000006,991.950000000007,993.8700000000006,991.950000000007,993.8700000000006,991.950000000007,993.8700000000006,991.950000000007,993.8700000000006,991.950000000007,993.8700000000006,991.950000000007,993.8700000000006,993.8700000000006,991.950000000007,993.8700000000006,991.950000000007,993.8700000000006,991.950000000007,993.8700000000006,991.950000000007,993.8700000000006,991.950000000007,993.8700000000006,991.950000000007,993.8700000000006,991.950000000007,993.8700000000006,991.950000000007,993.8700000000006,991.950000000007,993.8700000000006,991.950000000007,993.8700000000006,991.950000000007,993.8700000000006,993.8700000000006,991.950000000007,993.8700000000006,991.950000000007,993.8800000000006,991.950000000007,993.8800000000006,991.950000000007,993.8800000000006,991.950000000007,993.8800000000006,991.950000000007,993.8800000000006,991.950000000007,993.8800000000006,991.950000000007,993.8800000000006,991.950000000007,993.8800000000006,991.950000000007,993.8800000000006,991.950000000007,993.8800000000006,991.950000000007,993.8800000000006,993.8800000000006,991.950000000007,993.8800000000006,991.950000000007,993.8900000000006,991.950000000007,993.8900000000006,991.950000000007,993.8900000000006,991.950000000007,993.8900000000006,991.950000000007,993.8900000000006,991.950000000007,993.8900000000006,991.950000000007,993.8900000000006,991.950000000007,993.8900000000006,991.950000000007,993.8900000000006,993.8900000000006,991.950000000007,993.8900000000006,991.950000000007,991.950000000007,991.960000000007,991.960000000007,991.960000000007,991.960000000007,991.960000000007,991.960000000007,991.960000000007,991.960000000007,991.960000000007,991.960000000007,991.960000000007,991.960000000007,991.960000000007,991.960000000007,991.960000000007,991.960000000007,991.960000000007,991.960000000007,991.960000000007,991.960000000007,991.960000000007,991.960000000007,993.9900000000007,991.960000000007,993.9900000000007,991.960000000007,993.9900000000007,991.960000000007,993.9900000000007,991.960000000007,993.9900000000007,991.960000000007,993.9900000000007,991.960000000007,993.9900000000007,991.960000000007,993.9900000000007,991.960000000007,993.9900000000007,991.960000000007,993.9900000000007,991.960000000007,993.9900000000007,991.960000000007,993.9900000000007,991.960000000007,993.9900000000007,991.960000000007,993.9900000000007,991.960000000007,993.9900000000007,991.960000000007,993.9900000000007,991.960000000007,993.9900000000007,991.960000000007,993.9900000000007,991.960000000007,993.9900000000007,991.960000000007,993.9900000000007,993.9900000000007,991.960000000007,993.9900000000007,991.960000000007,993.9900000000007,991.960000000007,991.960000000007,991.960000000007,991.960000000007,991.960000000007,991.960000000007,991.960000000007,991.960000000007,991.960000000007,991.960000000007,991.960000000007,991.960000000007,991.960000000007,991.960000000007,991.960000000007,991.960000000007,991.960000000007,991.960000000007,991.960000000007,991.960000000007,991.960000000007,991.960000000007,991.960000000007,991.960000000007,991.960000000007,991.960000000007,991.960000000007,991.960000000007,991.960000000007,991.960000000007,991.960000000007,991.960000000007,991.960000000007,991.960000000007,991.960000000007,991.960000000007,991.960000000007,991.960000000007,991.960000000007,991.960000000007,991.960000000007,991.960000000007,991.960000000007,991.960000000007,991.960000000007,991.960000000007,991.960000000007,994.2000000000007,991.960000000007,994.2000000000007,991.960000000007,994.2000000000007,991.960000000007,994.2000000000007,991.960000000007,994.2000000000007,991.960000000007,994.2000000000007,991.960000000007,994.2000000000007,991.960000000007,994.2000000000007,991.960000000007,994.2000000000007,991.960000000007,994.2000000000007,991.960000000007,994.2000000000007,991.960000000007,994.2000000000007,991.960000000007,994.2000000000007,991.960000000007,994.2000000000007,991.960000000007,994.2000000000007,991.960000000007,994.2000000000007,991.960000000007,994.2000000000007,991.960000000007,994.2000000000007,991.960000000007,994.2000000000007,991.960000000007,994.2000000000007,991.960000000007,994.2000000000007,991.960000000007,994.2000000000007,991.960000000007,994.2000000000007,991.960000000007,994.2000000000007,991.960000000007,994.2000000000007,991.960000000007,994.2000000000007,991.960000000007,991.960000000007,991.960000000007,991.960000000007,991.960000000007,991.960000000007,991.960000000007,991.960000000007,991.960000000007,991.960000000007,991.960000000007,991.960000000007,991.960000000007,991.960000000007,991.960000000007,991.960000000007,991.960000000007,991.960000000007,991.960000000007,991.960000000007,991.960000000007,991.960000000007,991.960000000007,991.960000000007,994.2000000000007,991.960000000007,994.2000000000007,991.960000000007,994.2000000000007,991.960000000007,994.2000000000007,991.960000000007,994.2000000000007,991.960000000007,994.2000000000007,991.960000000007,994.2000000000007,991.960000000007,994.2000000000007,991.960000000007,994.2000000000007,991.960000000007,994.2000000000007,991.960000000007,994.2000000000007,991.960000000007,994.2000000000007,991.960000000007,994.2000000000007,991.960000000007,994.2000000000007,991.960000000007,994.2000000000007,991.960000000007,994.2000000000007,991.960000000007,994.2000000000007,991.960000000007,994.2000000000007,991.960000000007,994.2000000000007,991.960000000007,994.2000000000007,994.2000000000007,991.960000000007,994.2000000000007,991.960000000007,994.2000000000007,991.960000000007,994.2000000000007,991.960000000007,994.2000000000007,991.960000000007,994.2000000000007,991.960000000007,994.2000000000007,991.960000000007,994.2000000000007,991.960000000007,994.2100000000007,991.960000000007,994.2100000000007,991.960000000007,994.2100000000007,991.960000000007,994.2100000000007,991.960000000007,994.2100000000007,991.960000000007,994.2100000000007,991.960000000007,994.2100000000007,991.960000000007,994.2100000000007,991.960000000007,994.2100000000007,991.960000000007,994.2100000000007,991.960000000007,994.2200000000007,991.960000000007,994.2200000000007,994.2200000000007,991.960000000007,994.2200000000007,991.960000000007,994.2200000000007,991.960000000007,994.2200000000007,994.2200000000007,994.2200000000007,994.2200000000007,994.2200000000007,994.2200000000007,994.2200000000007,994.2200000000007,994.2200000000007,994.2200000000007,994.2200000000007,994.2200000000007,994.2200000000007,994.2200000000007,994.2200000000007,994.2200000000007,994.2200000000007,992.0500000000069,992.0500000000069,992.0500000000069,992.0500000000069,992.0500000000069,992.0500000000069,992.0500000000069,992.0500000000069,992.0600000000069,992.0600000000069,992.0600000000069,992.0600000000069,992.0600000000069,992.0600000000069,992.0600000000069,992.0600000000069,992.0600000000069,992.0600000000069,992.0600000000069,992.0600000000069,994.3300000000006,992.0600000000069,994.3300000000006,992.0600000000069,994.3300000000006,992.0600000000069,994.3300000000006,992.0600000000069,994.3300000000006,992.0600000000069,994.3300000000006,992.0600000000069,994.3300000000006,992.0600000000069,994.3300000000006,992.0600000000069,994.3300000000006,992.0600000000069,994.3300000000006,992.0600000000069,994.3300000000006,992.0600000000069,994.3300000000006,994.3300000000006,992.0600000000069,994.3300000000006,992.0600000000069,994.3300000000006,992.0600000000069,994.3300000000006,992.0600000000069,994.3400000000006,992.0600000000069,994.3400000000006,992.0600000000069,994.3400000000006,992.0600000000069,994.3400000000006,992.0600000000069,994.3400000000006,992.0600000000069,994.3500000000006,992.0600000000069,994.3500000000006,992.0600000000069,994.3500000000006,992.0600000000069,994.3500000000006,992.0600000000069,994.3500000000006,992.0600000000069,994.3500000000006,992.0700000000069,994.3500000000006,992.0700000000069,992.0700000000069,992.0700000000069,992.0700000000069,992.0700000000069,992.0700000000069,992.0700000000069,992.0800000000069,992.0800000000069,992.0800000000069,992.0800000000069,992.0800000000069,992.0800000000069,992.0800000000069,992.0800000000069,992.0800000000069,992.0800000000069,992.0800000000069,992.0800000000069,992.0800000000069,992.0800000000069,992.0800000000069,992.0800000000069,992.0800000000069,992.0800000000069,992.0800000000069,992.0800000000069,992.0800000000069,992.0800000000069,992.0800000000069,992.0800000000069,992.0800000000069,992.0800000000069,992.0800000000069,992.0800000000069,992.0800000000069,992.0800000000069,992.0800000000069,992.0800000000069,992.0800000000069,992.0800000000069,992.0800000000069,992.0800000000069,992.0800000000069,992.0800000000069,992.0800000000069,992.0800000000069,992.0800000000069,992.0800000000069,994.5700000000006,992.0800000000069,994.5700000000006,992.0800000000069,994.5700000000006,992.0800000000069,994.5700000000006,992.0800000000069,994.5700000000006,992.0800000000069,994.5700000000006,992.0900000000069,994.5700000000006,992.0900000000069,994.5700000000006,992.0900000000069,994.5700000000006,992.0900000000069,994.5700000000006,992.0900000000069,994.5700000000006,992.0900000000069,994.5700000000006,992.0900000000069,994.5700000000006,992.0900000000069,994.5700000000006,992.0900000000069,994.5700000000006,992.0900000000069,994.5700000000006,992.0900000000069,994.5700000000006,992.0900000000069,994.5700000000006,992.0900000000069,994.5700000000006,992.0900000000069,994.5700000000006,994.5700000000006,994.5700000000006,994.5700000000006,994.5700000000006,994.5700000000006,994.5700000000006,994.5700000000006,994.5700000000006,994.5700000000006,994.5700000000006,994.5700000000006,994.5700000000006,994.5700000000006,994.5700000000006,994.5700000000006,994.5700000000006,994.5700000000006,994.5700000000006,994.5700000000006,994.5700000000006,994.5700000000006,994.5700000000006,994.5700000000006,994.5700000000006,994.5700000000006,994.5700000000006,994.5700000000006,994.5700000000006,994.5700000000006,994.5700000000006,994.5700000000006,994.5700000000006,994.5700000000006,994.5700000000006,994.5700000000006,994.5700000000006,994.5700000000006,994.5700000000006,994.5700000000006,994.5700000000006,994.5700000000006,994.5700000000006,994.5700000000006,994.5700000000006,994.5700000000006,994.5700000000006,994.5700000000006,994.5700000000006,994.5700000000006,994.5700000000006,994.5700000000006,994.5700000000006,994.5700000000006,994.5700000000006,994.5700000000006,994.5700000000006,994.5700000000006,994.5700000000006,994.5700000000006,994.5700000000006,994.5700000000006,994.5700000000006,994.5700000000006,992.3600000000068,994.5700000000006,992.3600000000068,994.5700000000006,994.5700000000006,992.3600000000068,994.5700000000006,992.3600000000068,994.5700000000006,992.3600000000068,994.5700000000006,992.3600000000068,994.5700000000006,992.3600000000068,994.5700000000006,992.3600000000068,994.5700000000006,992.3600000000068,994.5700000000006,992.3600000000068,994.5700000000006,992.3600000000068,994.5700000000006,992.3600000000068,994.5700000000006,992.3600000000068,994.5700000000006,994.5700000000006,992.3600000000068,994.5700000000006,992.3600000000068,994.5700000000006,992.3600000000068,994.5700000000006,992.3600000000068,994.5700000000006,992.3600000000068,994.5700000000006,992.3600000000068,994.5700000000006,992.3600000000068,994.5700000000006,992.3600000000068,994.5700000000006,992.3600000000068,994.5700000000006,992.3600000000068,994.5700000000006,992.3600000000068,994.5700000000006,994.5700000000006,992.3600000000068,994.5700000000006,992.3600000000068,994.5700000000006,992.3600000000068,994.5700000000006,992.3600000000068,994.5700000000006,992.3600000000068,994.5700000000006,992.3600000000068,994.5700000000006,992.3600000000068,994.5700000000006,992.3600000000068,994.5700000000006,992.3600000000068,994.5700000000006,992.3600000000068,994.5700000000006,992.3600000000068,994.5700000000006,992.3600000000068,994.5700000000006,992.3600000000068,994.5700000000006,994.5700000000006,992.3600000000068,994.5700000000006,992.3600000000068,994.5700000000006,992.3600000000068,994.5700000000006,992.3600000000068,994.5700000000006,992.3600000000068,994.5700000000006,992.3600000000068,994.5700000000006,992.3600000000068,994.5700000000006,992.3600000000068,994.5700000000006,992.3700000000068,994.5700000000006,992.3700000000068,994.5700000000006,992.3700000000068,994.5700000000006,992.3700000000068,994.5700000000006,992.3700000000068,994.5700000000006,992.3700000000068,994.5700000000006,992.3700000000068,994.5700000000006,992.3700000000068,994.5700000000006,992.3700000000068,994.5700000000006,992.3700000000068,994.5700000000006,994.5700000000006,992.3700000000068,994.5700000000006,992.3700000000068,994.5700000000006,992.3700000000068,994.5700000000006,992.3700000000068,994.5700000000006,992.3700000000068,994.5700000000006,992.3700000000068,994.5700000000006,992.3700000000068,994.5700000000006,992.3700000000068,994.5700000000006,992.3700000000068,994.5700000000006,992.3700000000068,994.5700000000006,992.3700000000068,994.5700000000006,992.3700000000068,994.5700000000006,992.3700000000068,994.5700000000006,994.5700000000006,992.3700000000068,994.5700000000006,992.3700000000068,994.5700000000006,992.3700000000068,994.5700000000006,992.3700000000068,994.5700000000006,992.3700000000068,994.5700000000006,994.5700000000006,994.5700000000006,994.5700000000006,994.5700000000006,994.5700000000006,994.5700000000006,994.5700000000006,994.5700000000006,994.5700000000006,994.5700000000006,994.5700000000006,994.5700000000006,994.5700000000006,994.5700000000006,994.5700000000006,994.5700000000006,994.5700000000006,994.5700000000006,994.5700000000006,994.5700000000006,994.5700000000006,994.5700000000006,994.5700000000006,994.5700000000006,994.5700000000006,994.5700000000006,994.5700000000006,994.5700000000006,994.5700000000006,994.5800000000006,994.5800000000006,994.5800000000006,994.5800000000006,994.5800000000006,994.5800000000006,994.5800000000006,994.5800000000006,994.5800000000006,994.5800000000006,994.5800000000006,994.5800000000006,994.5800000000006,992.5500000000069,994.5800000000006,992.5500000000069,994.5800000000006,992.5500000000069,994.5800000000006,994.5800000000006,992.5500000000069,994.5800000000006,992.5500000000069,994.5800000000006,992.5500000000069,994.5800000000006,992.5500000000069,994.5800000000006,992.5500000000069,994.5800000000006,992.5500000000069,994.5800000000006,992.5500000000069,994.5800000000006,992.5500000000069,994.5800000000006,992.5500000000069,994.5800000000006,992.5500000000069,994.5800000000006,994.5800000000006,992.5500000000069,994.5800000000006,992.5500000000069,994.5800000000006,992.5500000000069,994.5800000000006,992.5500000000069,994.5800000000006,992.5500000000069,994.5800000000006,992.5500000000069,994.5800000000006,994.5800000000006,994.5800000000006,994.5800000000006,994.5800000000006,994.5800000000006,994.5800000000006,994.5800000000006,994.5800000000006,994.5800000000006,994.5800000000006,994.5800000000006,994.5800000000006,994.5800000000006,994.5800000000006,994.5800000000006,994.5800000000006,994.5800000000006,994.5800000000006,994.5800000000006,994.5800000000006,994.5800000000006,992.640000000007,994.5800000000006,992.640000000007,994.5800000000006,992.640000000007,994.5800000000006,992.640000000007,994.5800000000006,992.640000000007,994.5800000000006,992.640000000007,994.5800000000006,994.5800000000006,992.640000000007,994.5800000000006,992.640000000007,994.5800000000006,992.640000000007,994.5800000000006,992.650000000007,994.5800000000006,992.650000000007,994.5800000000006,992.650000000007,994.5800000000006,992.650000000007,994.5800000000006,992.650000000007,994.5800000000006,992.650000000007,994.5800000000006,994.5800000000006,992.650000000007,994.5800000000006,992.660000000007,994.5800000000006,992.660000000007,994.5800000000006,992.660000000007,994.5800000000006,992.660000000007,994.5800000000006,992.660000000007,994.5800000000006,992.660000000007,994.5800000000006,992.660000000007,994.5800000000006,992.660000000007,994.5800000000006,994.5800000000006,994.5800000000006,994.5800000000006,992.660000000007,992.660000000007,992.660000000007,992.660000000007,992.660000000007,992.660000000007,992.660000000007,994.5800000000006,992.660000000007,994.5800000000006,992.660000000007,994.5800000000006,992.660000000007,994.5800000000006,992.660000000007,994.5800000000006,992.660000000007,994.5800000000006,992.660000000007,994.5800000000006,992.660000000007,994.5800000000006,992.660000000007,994.5800000000006,992.660000000007,994.5800000000006,992.660000000007,994.5900000000006,992.660000000007,994.5900000000006,992.660000000007,994.5900000000006,992.660000000007,994.5900000000006,994.5900000000006,992.660000000007,994.5900000000006,992.660000000007,994.5900000000006,992.660000000007,994.5900000000006,992.660000000007,994.5900000000006,992.660000000007,994.5900000000006,992.660000000007,994.5900000000006,992.660000000007,994.5900000000006,992.660000000007,994.5900000000006,992.660000000007,994.5900000000006,992.660000000007,994.5900000000006,992.660000000007,994.5900000000006,992.660000000007,994.5900000000006,992.660000000007,994.5900000000006,992.660000000007,994.5900000000006,992.660000000007,994.5900000000006,992.660000000007,994.5900000000006,994.5900000000006,992.660000000007,994.5900000000006,992.660000000007,994.5900000000006,992.660000000007,994.5900000000006,992.660000000007,994.5900000000006,992.660000000007,994.5900000000006,992.660000000007,994.5900000000006,992.660000000007,994.5900000000006,992.660000000007,994.5900000000006,992.660000000007,994.5900000000006,992.660000000007,994.5900000000006,992.660000000007,994.5900000000006,992.660000000007,994.5900000000006,992.660000000007,994.5900000000006,992.660000000007,994.5900000000006,994.5900000000006,992.660000000007,994.5900000000006,992.660000000007,994.5900000000006,992.660000000007,994.5900000000006,992.660000000007,994.5900000000006,992.660000000007,994.5900000000006,992.660000000007,994.5900000000006,992.660000000007,994.5900000000006,992.660000000007,994.5900000000006,992.660000000007,994.5900000000006,992.660000000007,994.5900000000006,992.660000000007,994.5900000000006,994.5900000000006,992.660000000007,994.5900000000006,992.660000000007,994.5900000000006,992.660000000007,994.5900000000006,992.660000000007,994.5900000000006,992.660000000007,994.5900000000006,992.660000000007,994.5900000000006,992.660000000007,994.5900000000006,992.660000000007,994.5900000000006,992.660000000007,994.5900000000006,992.660000000007,994.5900000000006,992.660000000007,994.5900000000006,992.660000000007,994.5900000000006,994.5900000000006,992.660000000007,994.5900000000006,992.660000000007,994.5900000000006,992.660000000007,994.5900000000006,992.660000000007,994.5900000000006,992.660000000007,992.660000000007,992.7600000000069,992.7600000000069,994.6900000000007,992.7700000000069,994.6900000000007,992.7700000000069,994.6900000000007,994.6900000000007,994.6900000000007,994.6900000000007,994.6900000000007,994.6900000000007,994.6900000000007,994.6900000000007,994.6900000000007,994.6900000000007,994.6900000000007,994.6900000000007,994.7000000000007,994.7000000000007,994.7000000000007,994.7100000000007,994.7100000000007,994.7100000000007,994.7100000000007,994.7100000000007,994.7100000000007,994.7100000000007,994.7100000000007,992.870000000007,994.7100000000007,992.870000000007,994.7100000000007,994.7100000000007,992.870000000007,994.7100000000007,992.870000000007,994.7100000000007,992.880000000007,994.7100000000007,992.880000000007,992.880000000007,992.880000000007,992.880000000007,992.880000000007,992.880000000007,992.880000000007,992.880000000007,992.880000000007,992.880000000007,992.880000000007,992.880000000007,992.880000000007,992.880000000007,992.880000000007,992.880000000007,992.880000000007,992.880000000007,992.880000000007,992.880000000007,992.880000000007,992.880000000007,992.880000000007,992.880000000007,992.880000000007,992.880000000007,992.880000000007,992.880000000007,992.880000000007,992.880000000007,992.880000000007,992.880000000007,992.880000000007,992.880000000007,992.880000000007,992.880000000007,992.880000000007,992.880000000007,992.880000000007,992.880000000007,992.880000000007,992.880000000007,992.880000000007,992.880000000007,992.880000000007,992.880000000007,992.880000000007,992.880000000007,992.880000000007,992.880000000007,994.9200000000008,992.880000000007,994.9200000000008,992.880000000007,994.9200000000008,992.880000000007,994.9200000000008,992.880000000007,994.9200000000008,992.880000000007,994.9200000000008,992.880000000007,994.9300000000007,992.880000000007,994.9300000000007,992.880000000007,994.9300000000007,992.880000000007,994.9300000000007,994.9300000000007,992.880000000007,994.9300000000007,992.880000000007,994.9300000000007,992.880000000007,994.9300000000007,992.880000000007,994.9300000000007,992.880000000007,994.9300000000007,992.880000000007,994.9300000000007,992.880000000007,992.880000000007,992.880000000007,992.880000000007,992.880000000007,992.880000000007,992.880000000007,992.880000000007,992.880000000007,992.880000000007,992.880000000007,992.880000000007,992.880000000007,992.880000000007,992.880000000007,992.880000000007,992.880000000007,992.880000000007,992.880000000007,995.0400000000009,995.0400000000009,995.0400000000009,995.0400000000009,995.0400000000009,995.0400000000009,995.0400000000009,995.0400000000009,995.0400000000009,995.0400000000009,992.970000000007,992.970000000007,992.970000000007,992.970000000007,992.970000000007,992.970000000007,992.970000000007,992.970000000007,992.970000000007,992.970000000007,992.970000000007,992.970000000007,992.970000000007,992.970000000007,992.970000000007,992.970000000007,992.970000000007,992.970000000007,992.970000000007,992.970000000007,992.970000000007,992.970000000007,992.970000000007,992.970000000007,992.970000000007,992.970000000007,992.970000000007,992.970000000007,992.970000000007,992.970000000007,992.970000000007,992.970000000007,992.970000000007,992.980000000007,992.980000000007,992.980000000007,992.980000000007,992.980000000007,992.980000000007,992.980000000007,992.980000000007,992.980000000007,992.980000000007,995.2600000000009,992.980000000007,995.2600000000009,992.980000000007,995.2600000000009,992.980000000007,995.2600000000009,992.980000000007,995.2600000000009,992.980000000007,995.2600000000009,992.980000000007,995.2600000000009,995.2600000000009,995.2600000000009,995.2600000000009,995.2600000000009,995.2600000000009,995.2600000000009,995.2600000000009,995.2600000000009,995.2600000000009,995.2600000000009,995.2600000000009,995.2600000000009,995.2600000000009,995.2600000000009,995.2600000000009,995.2600000000009,995.2600000000009,995.2600000000009,995.2600000000009,995.2600000000009,995.2600000000009,995.2600000000009,995.2600000000009,995.2600000000009,995.2600000000009,995.2700000000009,995.2700000000009,995.2700000000009,995.2700000000009,995.2700000000009,995.2700000000009,995.2700000000009,995.2700000000009,993.170000000007,993.170000000007,993.170000000007,993.170000000007,993.170000000007,993.170000000007,993.170000000007,993.170000000007,993.170000000007,993.170000000007,993.2600000000072,993.2600000000072,993.2600000000072,993.2600000000072,993.2600000000072,993.2600000000072,993.2600000000072,995.380000000001,993.2600000000072,995.380000000001,993.2600000000072,995.380000000001,993.2600000000072,995.380000000001,993.2600000000072,995.380000000001,993.2600000000072,995.380000000001,993.2600000000072,995.380000000001,993.2600000000072,995.380000000001,993.2600000000072,995.380000000001,993.2600000000072,995.380000000001,993.2600000000072,995.380000000001,993.2600000000072,995.380000000001,993.2600000000072,995.380000000001,993.2600000000072,995.380000000001,993.2600000000072,995.380000000001,995.380000000001,993.2600000000072,995.380000000001,993.2600000000072,995.380000000001,993.2600000000072,995.380000000001,993.2600000000072,995.380000000001,993.2600000000072,995.380000000001,993.2600000000072,995.380000000001,993.2600000000072,995.380000000001,993.2600000000072,995.380000000001,993.2600000000072,995.380000000001,993.2600000000072,995.380000000001,993.2600000000072,995.380000000001,993.2600000000072,995.380000000001,993.2700000000071,995.380000000001,993.2700000000071,995.380000000001,993.2700000000071,995.380000000001,993.2700000000071,995.380000000001,995.380000000001,993.2700000000071,995.380000000001,993.2700000000071,995.380000000001,993.2700000000071,995.380000000001,993.2700000000071,995.380000000001,993.2700000000071,995.380000000001,993.2700000000071,995.380000000001,993.2700000000071,995.380000000001,993.2700000000071,995.380000000001,993.2700000000071,995.380000000001,993.2700000000071,995.380000000001,993.2700000000071,995.380000000001,993.2700000000071,995.380000000001,993.2700000000071,995.380000000001,993.2700000000071,995.380000000001,993.2700000000071,995.380000000001,995.380000000001,993.2700000000071,995.380000000001,993.2700000000071,995.380000000001,993.2700000000071,995.380000000001,993.2700000000071,995.380000000001,993.2700000000071,995.380000000001,993.2700000000071,995.380000000001,993.2700000000071,995.380000000001,993.2700000000071,995.380000000001,993.2700000000071,995.380000000001,993.2700000000071,995.380000000001,993.2700000000071,995.380000000001,993.2800000000071,995.380000000001,993.2800000000071,995.380000000001,993.2800000000071,995.380000000001,995.380000000001,993.2800000000071,995.380000000001,993.2800000000071,995.380000000001,993.2800000000071,995.380000000001,993.2800000000071,995.380000000001,993.2800000000071,995.380000000001,993.2800000000071,995.380000000001,993.2800000000071,995.380000000001,993.2800000000071,995.380000000001,993.2800000000071,995.380000000001,993.2800000000071,995.380000000001,993.2800000000071,995.380000000001,993.2800000000071,995.380000000001,993.2800000000071,995.380000000001,995.380000000001,993.2800000000071,995.380000000001,993.2800000000071,995.380000000001,993.2800000000071,995.380000000001,993.2800000000071,995.380000000001,993.2800000000071,995.380000000001,993.2800000000071,995.380000000001,993.2800000000071,995.380000000001,993.2800000000071,995.380000000001,993.2800000000071,993.2800000000071,993.2800000000071,993.2800000000071,993.2800000000071,993.2800000000071,993.2800000000071,993.2800000000071,993.2800000000071,993.2800000000071,993.2800000000071,993.2800000000071,993.2900000000071,993.2900000000071,993.2900000000071,993.2900000000071,993.2900000000071,995.4900000000009,995.4900000000009,995.4900000000009,995.4900000000009,995.4900000000009,995.4900000000009,995.4900000000009,995.4900000000009,995.4900000000009,995.4900000000009,995.4900000000009,995.4900000000009,995.4900000000009,995.4900000000009,995.4900000000009,993.3900000000073,995.4900000000009,993.3900000000073,995.4900000000009,993.3900000000073,995.4900000000009,993.3900000000073,995.4900000000009,993.3900000000073,995.4900000000009,993.3900000000073,995.4900000000009,993.3900000000073,995.4900000000009,993.3900000000073,995.4900000000009,995.4900000000009,993.4000000000073,995.4900000000009,993.4000000000073,995.4900000000009,993.4000000000073,995.4900000000009,993.4000000000073,995.4900000000009,993.4000000000073,995.4900000000009,993.4000000000073,995.4900000000009,993.4000000000073,995.4900000000009,993.4100000000072,995.4900000000009,993.4100000000072,995.4900000000009,993.4100000000072,995.4900000000009,993.4100000000072,995.4900000000009,995.4900000000009,993.4100000000072,995.4900000000009,993.4100000000072,995.4900000000009,993.4100000000072,995.4900000000009,993.4100000000072,995.4900000000009,993.4100000000072,995.4900000000009,993.4100000000072,995.4900000000009,993.4100000000072,995.4900000000009,993.4100000000072,995.4900000000009,993.4100000000072,995.4900000000009,993.4100000000072,995.4900000000009,993.4100000000072,995.4900000000009,995.4900000000009,993.4100000000072,995.4900000000009,993.4100000000072,995.4900000000009,993.4100000000072,995.4900000000009,993.4100000000072,995.4900000000009,993.4100000000072,995.4900000000009,993.4100000000072,995.4900000000009,993.4200000000072,995.4900000000009,993.4200000000072,995.4900000000009,993.4200000000072,995.4900000000009,993.4200000000072,995.4900000000009,993.4200000000072,995.4900000000009,993.4200000000072,995.4900000000009,995.4900000000009,993.4200000000072,995.4900000000009,993.4200000000072,995.4900000000009,993.4200000000072,995.4900000000009,993.4200000000072,995.4900000000009,993.4200000000072,995.4900000000009,993.4200000000072,995.4900000000009,993.4300000000072,995.4900000000009,993.4300000000072,995.4900000000009,993.4300000000072,995.4900000000009,993.4300000000072,995.5000000000009,993.4300000000072,995.5000000000009,993.4300000000072,995.5000000000009,993.4300000000072,995.5000000000009,995.5000000000009,993.4300000000072,995.5000000000009,993.4300000000072,995.5000000000009,993.4300000000072,995.5000000000009,993.4300000000072,995.5100000000009,993.4300000000072,995.5100000000009,993.4300000000072,995.5100000000009,993.4300000000072,995.5100000000009,993.4300000000072,995.5100000000009,993.4300000000072,995.5200000000009,993.4300000000072,995.5200000000009,993.4300000000072,995.5200000000009,993.4300000000072,995.5200000000009,995.5200000000009,993.4300000000072,995.5200000000009,993.4300000000072,995.5200000000009,993.4300000000072,995.5200000000009,993.4300000000072,995.5200000000009,993.4300000000072,995.5200000000009,993.4300000000072,995.5200000000009,993.4300000000072,995.5200000000009,993.4300000000072,995.5200000000009,993.4300000000072,995.5200000000009,993.4300000000072,995.5200000000009,993.4300000000072,995.5200000000009,993.4300000000072,995.5200000000009,993.4300000000072,995.5200000000009,993.4300000000072,995.5200000000009,995.5200000000009,995.5200000000009,995.5200000000009,995.5200000000009,995.5200000000009,995.5200000000009,995.5200000000009,995.5200000000009,995.5200000000009,995.5200000000009,995.5200000000009,995.5200000000009,995.5200000000009,995.5200000000009,995.5200000000009,995.5200000000009,995.5200000000009,995.5200000000009,995.5200000000009,995.5200000000009,995.5200000000009,995.5200000000009,995.5300000000009,995.5300000000009,993.5200000000071,995.5300000000009,993.5200000000071,995.5300000000009,993.5200000000071,995.5300000000009,993.5200000000071,995.5300000000009,993.5200000000071,995.5300000000009,993.5200000000071,995.5300000000009,993.5200000000071,995.5300000000009,993.5200000000071,995.5300000000009,993.5200000000071,995.5300000000009,995.5300000000009,995.5300000000009,995.5300000000009,995.5300000000009,995.5300000000009,995.5300000000009,995.5300000000009,995.5300000000009,995.5300000000009,995.5300000000009,995.5300000000009,995.5300000000009,995.5300000000009,995.5300000000009,995.5300000000009,995.5300000000009,995.5300000000009,995.5300000000009,995.5300000000009,995.5300000000009,995.5300000000009,995.5300000000009,995.5300000000009,993.620000000007,995.5300000000009,993.620000000007,995.5300000000009,995.5300000000009,993.620000000007,995.5300000000009,993.620000000007,995.5300000000009,993.620000000007,995.5300000000009,993.620000000007,995.5300000000009,993.620000000007,995.5300000000009,993.620000000007,995.5300000000009,993.620000000007,995.5300000000009,993.620000000007,995.5300000000009,993.620000000007,995.5300000000009,995.5300000000009,993.620000000007,995.5300000000009,993.620000000007,995.5300000000009,993.620000000007,995.5300000000009,993.620000000007,995.5300000000009,993.620000000007,995.5300000000009,993.620000000007,995.5300000000009,993.620000000007,995.5300000000009,993.620000000007,995.5300000000009,993.620000000007,995.5300000000009,993.620000000007,995.5300000000009,993.620000000007,995.5300000000009,993.620000000007,995.5300000000009,995.5300000000009,993.620000000007,995.5300000000009,993.620000000007,995.5300000000009,993.620000000007,995.5300000000009,993.620000000007,995.5300000000009,993.620000000007,995.5300000000009,993.620000000007,995.5300000000009,993.620000000007,995.5300000000009,993.620000000007,995.5300000000009,993.620000000007,995.5300000000009,993.620000000007,995.5300000000009,993.620000000007,995.5300000000009,993.620000000007,995.5300000000009,993.620000000007,995.5300000000009,993.620000000007,995.5300000000009,995.5300000000009,993.620000000007,995.5300000000009,993.620000000007,995.5300000000009,993.620000000007,995.5300000000009,993.620000000007,995.5300000000009,993.620000000007,995.5300000000009,993.620000000007,995.5300000000009,993.620000000007,995.5300000000009,993.620000000007,995.5300000000009,993.620000000007,995.5300000000009,993.620000000007,995.5300000000009,993.620000000007,995.5300000000009,993.620000000007,995.5300000000009,995.5300000000009,993.620000000007,995.5300000000009,993.620000000007,995.5300000000009,993.620000000007,995.5300000000009,993.620000000007,995.5300000000009,993.620000000007,995.5300000000009,993.620000000007,995.5400000000009,993.620000000007,995.5400000000009,993.620000000007,995.5400000000009,993.620000000007,995.5400000000009,993.620000000007,995.5400000000009,993.620000000007,995.5400000000009,993.620000000007,995.5400000000009,993.620000000007,995.5400000000009,993.620000000007,995.5400000000009,993.620000000007,995.5400000000009,995.5400000000009,993.620000000007,995.5400000000009,993.620000000007,995.5400000000009,993.620000000007,995.5400000000009,993.620000000007,995.5400000000009,993.620000000007,995.5400000000009,993.620000000007,995.5400000000009,993.620000000007,995.5400000000009,993.620000000007,995.5400000000009,993.620000000007,995.5400000000009,993.620000000007,995.5400000000009,993.620000000007,995.5400000000009,993.620000000007,995.5400000000009,993.620000000007,995.5400000000009,993.620000000007,995.5400000000009,993.620000000007,995.5400000000009,995.5400000000009,993.620000000007,995.5400000000009,993.620000000007,995.5400000000009,993.620000000007,995.5400000000009,993.620000000007,995.5400000000009,993.620000000007,995.5400000000009,993.620000000007,995.5400000000009,993.620000000007,995.5400000000009,993.620000000007,995.5400000000009,993.620000000007,995.5400000000009,993.620000000007,995.5400000000009,993.620000000007,995.5400000000009,993.620000000007,995.5400000000009,993.620000000007,995.5400000000009,993.620000000007,995.5400000000009,993.620000000007,995.5400000000009,993.620000000007,995.5400000000009,995.5400000000009,993.620000000007,995.5400000000009,993.620000000007,995.5400000000009,993.620000000007,995.5400000000009,993.620000000007,995.5400000000009,993.620000000007,995.5400000000009,993.620000000007,995.5400000000009,993.620000000007,995.5400000000009,993.620000000007,995.5400000000009,993.620000000007,995.5400000000009,993.620000000007,995.5500000000009,993.620000000007,995.5500000000009,993.620000000007,995.5500000000009,993.620000000007,995.5500000000009,993.620000000007,995.5500000000009,993.620000000007,995.5500000000009,993.620000000007,995.5500000000009,995.5500000000009,993.620000000007,995.5500000000009,993.620000000007,995.5500000000009,993.620000000007,995.5500000000009,993.620000000007,995.5500000000009,993.620000000007,995.5500000000009,993.620000000007,995.5500000000009,993.620000000007,995.5500000000009,993.620000000007,995.5500000000009,993.620000000007,995.5500000000009,993.620000000007,995.5500000000009,993.620000000007,995.5500000000009,993.620000000007,995.5500000000009,993.620000000007,995.5500000000009,993.620000000007,995.5500000000009,993.620000000007,995.5500000000009,995.5500000000009,993.620000000007,995.5500000000009,993.620000000007,995.5500000000009,993.620000000007,995.5500000000009,993.620000000007,995.5500000000009,993.620000000007,995.5500000000009,993.620000000007,995.5500000000009,993.620000000007,995.5500000000009,993.630000000007,995.5500000000009,993.630000000007,995.5500000000009,993.630000000007,995.5500000000009,993.630000000007,995.5500000000009,993.630000000007,995.5500000000009,993.630000000007,995.5500000000009,993.630000000007,995.5500000000009,993.630000000007,995.5500000000009,995.5500000000009,993.630000000007,995.5500000000009,993.630000000007,995.5500000000009,993.630000000007,995.5500000000009,993.630000000007,995.5500000000009,993.630000000007,995.5500000000009,993.630000000007,995.5500000000009,993.630000000007,995.5500000000009,993.630000000007,995.5500000000009,993.630000000007,995.5500000000009,993.630000000007,995.5500000000009,993.630000000007,995.5500000000009,993.630000000007,995.5500000000009,993.630000000007,995.5500000000009,993.630000000007,995.5500000000009,995.5500000000009,993.630000000007,995.5500000000009,995.5500000000009,995.5500000000009,995.5500000000009,995.5500000000009,995.5500000000009,995.5500000000009,995.5500000000009,995.5500000000009,995.5500000000009,995.5500000000009,995.5500000000009,995.5500000000009,995.5500000000009,995.5500000000009,995.5500000000009,995.5500000000009,995.5500000000009,995.5500000000009,995.5500000000009,995.5500000000009,995.5500000000009,993.630000000007,993.640000000007,993.640000000007,993.640000000007,993.640000000007,993.640000000007,993.640000000007,993.640000000007,993.640000000007,993.640000000007,993.640000000007,993.640000000007,993.640000000007,993.640000000007,993.640000000007,993.640000000007,993.640000000007,993.640000000007,993.640000000007,993.640000000007,993.640000000007,993.640000000007,993.640000000007,995.6600000000008,993.640000000007,995.6600000000008,993.640000000007,995.6600000000008,993.640000000007,995.6600000000008,993.640000000007,995.6600000000008,993.640000000007,995.6600000000008,993.640000000007,995.6600000000008,993.640000000007,995.6600000000008,993.640000000007,995.6600000000008,993.640000000007,995.6600000000008,993.640000000007,995.6600000000008,993.640000000007,995.6600000000008,993.640000000007,995.6600000000008,993.640000000007,995.6600000000008,993.640000000007,995.6600000000008,993.640000000007,995.6600000000008,993.640000000007,995.6600000000008,993.640000000007,995.6600000000008,993.640000000007,993.640000000007,993.640000000007,993.640000000007,993.640000000007,993.640000000007,993.640000000007,993.640000000007,993.640000000007,993.640000000007,993.640000000007,993.640000000007,993.640000000007,993.640000000007,993.640000000007,993.640000000007,993.640000000007,993.640000000007,993.640000000007,993.640000000007,993.640000000007,993.640000000007,993.640000000007,993.650000000007,993.650000000007,993.650000000007,995.7700000000009,993.650000000007,995.7700000000009,993.650000000007,995.7700000000009,993.650000000007,995.7700000000009,993.650000000007,995.7700000000009,993.650000000007,995.7700000000009,993.650000000007,995.7700000000009,993.650000000007,995.7700000000009,993.650000000007,995.7700000000009,993.650000000007,995.7800000000009,993.650000000007,995.7800000000009,993.650000000007,995.7800000000009,993.650000000007,995.7800000000009,995.7800000000009,995.7800000000009,995.7800000000009,995.7800000000009,995.7800000000009,995.7800000000009,995.7800000000009,995.7800000000009,995.7800000000009,995.7800000000009,995.7800000000009,995.7800000000009,995.7800000000009,995.7800000000009,995.7800000000009,995.7800000000009,995.7800000000009,995.7800000000009,995.7800000000009,995.7800000000009,995.7800000000009,995.7800000000009,995.7800000000009,995.7800000000009,993.7500000000072,995.7800000000009,993.7500000000072,995.7800000000009,993.7500000000072,995.7800000000009,995.7800000000009,995.7800000000009,995.7800000000009,995.7800000000009,995.7800000000009,995.7800000000009,995.7800000000009,995.7800000000009,995.7800000000009,995.7800000000009,995.7800000000009,995.7800000000009,995.7800000000009,995.7800000000009,995.7800000000009,995.7800000000009,995.7800000000009,995.7800000000009,995.7800000000009,995.7800000000009,995.7800000000009,995.7800000000009,995.7800000000009,995.7800000000009,993.7500000000072,995.7800000000009,993.7500000000072,995.7800000000009,993.7500000000072,993.7500000000072,993.7500000000072,993.7500000000072,993.7500000000072,993.7600000000072,993.7600000000072,993.7600000000072,993.7600000000072,993.7600000000072,993.7600000000072,993.7600000000072,993.7600000000072,993.7600000000072,993.7600000000072,993.7600000000072,993.7600000000072,993.7600000000072,993.7600000000072,993.7600000000072,993.7600000000072,993.7600000000072,993.7600000000072,993.7600000000072,993.7600000000072,995.8900000000008,993.7600000000072,995.8900000000008,993.7600000000072,995.8900000000008,993.7600000000072,995.8900000000008,993.7600000000072,995.8900000000008,993.7600000000072,995.8900000000008,993.7600000000072,995.8900000000008,995.8900000000008,995.8900000000008,995.8900000000008,995.8900000000008,995.8900000000008,995.8900000000008,995.8900000000008,995.8900000000008,995.8900000000008,995.8900000000008,995.8900000000008,995.8900000000008,995.8900000000008,995.8900000000008,995.8900000000008,995.8900000000008,995.8900000000008,995.8900000000008,995.8900000000008,995.8900000000008,995.8900000000008,995.8900000000008,995.8900000000008,995.8900000000008,995.8900000000008,995.8900000000008,995.8900000000008,995.8900000000008,995.8900000000008,995.8900000000008,995.8900000000008,995.8900000000008,995.8900000000008,995.8900000000008,995.8900000000008,995.8900000000008,995.8900000000008,995.8900000000008,995.8900000000008,995.8900000000008,995.8900000000008,995.9000000000008,995.9000000000008,995.9000000000008,995.9000000000008,995.9000000000008,995.9000000000008,995.9000000000008,993.9600000000072,995.9000000000008,993.9600000000072,995.9000000000008,993.9600000000072,995.9000000000008,993.9600000000072,995.9000000000008,993.9600000000072,995.9100000000008,993.9600000000072,995.9100000000008,993.9600000000072,995.9100000000008,993.9600000000072,995.9100000000008,993.9600000000072,995.9100000000008,995.9100000000008,993.9600000000072,995.9100000000008,993.9600000000072,995.9100000000008,993.9600000000072,995.9100000000008,993.9600000000072,995.9100000000008,993.9700000000072,995.9100000000008,993.9700000000072,995.9100000000008,993.9700000000072,995.9100000000008,993.9700000000072,995.9100000000008,993.9700000000072,995.9100000000008,993.9700000000072,995.9100000000008,995.9100000000008,995.9100000000008,995.9100000000008,995.9100000000008,995.9100000000008,995.9100000000008,995.9100000000008,995.9100000000008,995.9100000000008,995.9100000000008,995.9100000000008,995.9100000000008,995.9100000000008,995.9100000000008,995.9100000000008,995.9100000000008,995.9100000000008,995.9100000000008,995.9100000000008,995.9100000000008,996.0300000000007,996.0300000000007,996.0300000000007,996.0300000000007,996.0300000000007,996.0300000000007,996.0300000000007,996.0300000000007,996.0300000000007,996.0300000000007,996.0300000000007,996.0300000000007,996.0300000000007,996.0300000000007,996.0300000000007,996.0300000000007,996.0300000000007,996.0300000000007,996.0300000000007,996.0300000000007,996.0300000000007,996.0300000000007,996.0300000000007,996.0300000000007,994.2700000000071,996.0300000000007,994.2700000000071,996.0300000000007,994.2700000000071,996.0300000000007,994.2800000000071,996.0300000000007,994.2800000000071,996.0300000000007,994.2800000000071,996.0300000000007,994.2800000000071,996.0300000000007,994.2800000000071,996.0300000000007,994.2800000000071,996.0300000000007,996.0300000000007,994.2800000000071,996.0300000000007,994.2800000000071,996.0300000000007,994.2800000000071,996.0300000000007,994.2800000000071,996.0300000000007,994.2800000000071,996.0300000000007,994.2800000000071,996.0300000000007,994.2800000000071,996.0300000000007,994.2800000000071,996.0300000000007,994.2800000000071,996.0300000000007,994.2800000000071,996.0300000000007,994.2800000000071,996.0300000000007,994.2800000000071,996.0300000000007,996.0300000000007,996.0300000000007,996.0300000000007,996.0300000000007,996.0300000000007,996.0300000000007,996.0300000000007,996.0300000000007,996.0300000000007,996.0300000000007,996.0300000000007,996.0300000000007,996.0300000000007,996.0300000000007,996.0300000000007,996.0300000000007,996.0300000000007,996.0300000000007,996.0300000000007,996.0300000000007,996.0300000000007,996.0300000000007,996.0300000000007,996.0300000000007,996.0300000000007,996.0300000000007,996.0300000000007,996.0300000000007,996.0300000000007,996.0300000000007,996.0300000000007,996.0300000000007,996.0300000000007,996.0300000000007,996.0300000000007,996.0300000000007,996.0300000000007,996.0300000000007,996.0300000000007,996.0300000000007,996.0300000000007,996.0300000000007,996.0400000000006,996.0400000000006,996.0400000000006,996.0400000000006,996.0400000000006,996.0400000000006,996.0400000000006,996.0400000000006,996.0400000000006,996.0400000000006,996.0400000000006,996.0400000000006,996.0400000000006,996.0400000000006,996.0400000000006,996.0400000000006,996.0500000000006,996.0500000000006,996.0500000000006,996.0500000000006,996.0500000000006,996.0500000000006,996.0500000000006,996.0500000000006,996.0500000000006,996.0500000000006,996.0500000000006,996.0500000000006,996.0500000000006,996.0500000000006,994.5900000000071,996.0500000000006,994.5900000000071,996.0500000000006,994.5900000000071,996.0500000000006,994.5900000000071,996.0600000000006,996.0600000000006,994.5900000000071,996.0600000000006,994.5900000000071,996.0600000000006,994.5900000000071,996.0600000000006,994.5900000000071,996.0600000000006,994.5900000000071,996.0600000000006,994.5900000000071,996.0600000000006,994.5900000000071,996.0600000000006,994.5900000000071,996.0600000000006,994.5900000000071,996.0600000000006,994.5900000000071,996.0600000000006,994.5900000000071,996.0600000000006,994.5900000000071,996.0600000000006,994.5900000000071,996.0600000000006,996.0600000000006,994.5900000000071,996.0600000000006,994.5900000000071,996.0600000000006,994.5900000000071,996.0600000000006,994.5900000000071,996.0600000000006,994.5900000000071,996.0600000000006,994.5900000000071,996.0600000000006,994.5900000000071,996.0600000000006,994.5900000000071,996.0600000000006,994.5900000000071,996.0600000000006,994.5900000000071,996.0600000000006,994.5900000000071,996.0600000000006,994.5900000000071,996.0600000000006,994.5900000000071,996.0600000000006,994.5900000000071,996.0600000000006,994.5900000000071,996.0600000000006,994.5900000000071,996.0600000000006,996.0600000000006,994.5900000000071,996.0600000000006,994.5900000000071,996.0600000000006,994.5900000000071,996.0600000000006,994.5900000000071,996.0600000000006,994.5900000000071,996.0600000000006,994.5900000000071,996.0600000000006,994.5900000000071,996.0600000000006,994.5900000000071,996.0600000000006,994.5900000000071,996.0700000000006,994.5900000000071,996.0700000000006,994.5900000000071,996.0700000000006,994.5900000000071,996.0700000000006,994.5900000000071,996.0700000000006,994.5900000000071,996.0700000000006,996.0700000000006,994.5900000000071,996.0700000000006,994.5900000000071,996.0700000000006,994.5900000000071,996.0700000000006,994.5900000000071,996.0700000000006,994.5900000000071,996.0700000000006,994.5900000000071,996.0700000000006,994.5900000000071,996.0700000000006,994.5900000000071,996.0700000000006,994.5900000000071,996.0700000000006,994.5900000000071,996.0700000000006,994.5900000000071,996.0700000000006,994.5900000000071,996.0700000000006,994.5900000000071,996.0700000000006,994.5900000000071,996.0700000000006,994.5900000000071,996.0700000000006,996.0700000000006,994.5900000000071,996.0700000000006,994.5900000000071,996.0700000000006,994.5900000000071,996.0700000000006,994.5900000000071,996.0700000000006,994.5900000000071,996.0700000000006,994.5900000000071,996.0700000000006,994.5900000000071,996.0700000000006,994.5900000000071,996.0700000000006,994.5900000000071,996.0700000000006,994.5900000000071,996.0700000000006,994.5900000000071,996.0800000000006,994.5900000000071,996.0800000000006,994.5900000000071,996.0800000000006,994.5900000000071,996.0800000000006,994.5900000000071,996.0800000000006,994.5900000000071,996.0800000000006,994.5900000000071,996.0800000000006,996.0800000000006,994.5900000000071,996.0800000000006,994.5900000000071,996.0800000000006,994.5900000000071,996.0800000000006,994.6000000000071,996.0800000000006,994.6000000000071,996.0800000000006,996.0800000000006,996.0800000000006,996.0800000000006,996.0800000000006,996.0800000000006,996.0800000000006,996.0800000000006,996.0800000000006,996.0800000000006,996.0800000000006,996.0800000000006,996.0800000000006,996.0800000000006,996.0800000000006,996.0800000000006,996.0800000000006,996.0900000000006,996.0900000000006,996.0900000000006,996.0900000000006,996.0900000000006,996.0900000000006,996.0900000000006,994.7100000000072,996.0900000000006,994.7100000000072,996.0900000000006,996.0900000000006,994.7100000000072,996.0900000000006,994.7100000000072,996.0900000000006,994.7100000000072,996.0900000000006,994.7100000000072,994.7100000000072,994.7100000000072,994.7100000000072,994.7100000000072,994.7100000000072,994.7100000000072,994.7100000000072,994.7100000000072,994.7100000000072,994.7100000000072,994.7100000000072,994.7100000000072,994.7100000000072,994.7100000000072,994.7100000000072,994.7100000000072,994.7100000000072,994.7100000000072,994.7100000000072,994.7100000000072,994.7100000000072,994.7100000000072,994.7100000000072,994.7100000000072,994.7100000000072,994.7100000000072,996.2100000000005,994.7100000000072,996.2100000000005,994.7100000000072,996.2100000000005,994.7100000000072,996.2100000000005,994.7100000000072,996.2100000000005,994.7100000000072,996.2100000000005,994.7100000000072,996.2100000000005,994.7100000000072,996.2100000000005,994.7100000000072,996.2100000000005,994.7100000000072,996.2100000000005,994.7100000000072,996.2100000000005,994.7100000000072,996.2100000000005,994.7100000000072,996.2100000000005,994.7200000000072,996.2100000000005,996.2100000000005,994.7200000000072,996.2100000000005,994.7200000000072,996.2100000000005,994.7200000000072,996.2100000000005,994.7200000000072,996.2100000000005,994.7200000000072,996.2100000000005,994.7200000000072,996.2100000000005,994.7200000000072,996.2100000000005,994.7200000000072,996.2100000000005,994.7200000000072,996.2100000000005,994.7200000000072,996.2100000000005,994.7200000000072,996.2100000000005,994.7200000000072,996.2100000000005,994.7200000000072,996.2100000000005,994.7200000000072,996.2100000000005,994.7200000000072,996.2100000000005,996.2100000000005,996.2100000000005,996.2100000000005,996.2100000000005,996.2100000000005,996.2100000000005,996.2100000000005,996.2100000000005,996.2100000000005,996.2100000000005,996.2100000000005,996.2100000000005,996.2100000000005,996.2100000000005,996.2100000000005,996.2100000000005,996.2100000000005,996.2100000000005,996.2100000000005,996.2100000000005,996.2100000000005,996.2100000000005,996.2100000000005,996.2100000000005,996.2100000000005,996.2100000000005,996.2100000000005,996.2100000000005,996.2100000000005,996.2200000000005,996.2200000000005,996.2200000000005,996.2300000000005,996.2300000000005,996.2300000000005,996.2300000000005,996.2300000000005,996.2300000000005,996.2300000000005,996.2300000000005,996.2300000000005,996.2300000000005,996.2300000000005,996.2300000000005,996.2300000000005,996.2300000000005,996.2300000000005,996.2300000000005,996.2300000000005,996.2300000000005,996.2300000000005,996.2300000000005,996.2400000000005,996.2400000000005,996.2400000000005,996.2400000000005,996.2400000000005,996.2400000000005,996.2400000000005,996.2400000000005,996.2400000000005,996.2400000000005,996.2400000000005,996.2400000000005,996.2400000000005,996.2400000000005,996.2400000000005,996.2400000000005,996.2400000000005,996.2400000000005,996.2400000000005,996.2400000000005,996.2400000000005,996.2400000000005,995.0300000000071,996.2400000000005,995.0300000000071,996.2400000000005,995.0300000000071,996.2400000000005,996.2400000000005,995.0300000000071,996.2400000000005,995.0300000000071,996.2400000000005,995.0300000000071,996.2400000000005,995.0300000000071,996.2400000000005,995.0300000000071,996.2400000000005,995.0300000000071,996.2400000000005,995.0300000000071,996.2400000000005,995.0300000000071,996.2400000000005,995.0300000000071,996.2400000000005,995.0300000000071,996.2400000000005,995.0300000000071,996.2400000000005,996.2400000000005,995.0300000000071,996.2400000000005,995.0300000000071,996.2400000000005,995.0300000000071,996.2400000000005,995.0300000000071,996.2400000000005,995.0300000000071,996.2400000000005,995.0300000000071,996.2400000000005,995.0300000000071,996.2400000000005,995.0300000000071,996.2400000000005,995.0300000000071,996.2400000000005,995.0300000000071,996.2400000000005,995.0300000000071,996.2400000000005,995.0300000000071,996.2400000000005,995.0300000000071,996.2400000000005,995.0300000000071,996.2400000000005,995.0300000000071,996.2400000000005,996.2400000000005,995.0300000000071,996.2400000000005,995.0300000000071,996.2400000000005,995.0300000000071,996.2400000000005,995.0300000000071,996.2400000000005,995.0300000000071,996.2400000000005,995.0300000000071,996.2500000000005,995.0300000000071,996.2500000000005,995.0300000000071,996.2500000000005,995.0300000000071,996.2500000000005,995.0300000000071,996.2500000000005,995.0300000000071,996.2500000000005,995.0300000000071,996.2500000000005,995.0300000000071,996.2500000000005,995.0300000000071,996.2500000000005,995.0300000000071,996.2500000000005,995.0300000000071,996.2500000000005,995.0300000000071,996.2500000000005,995.0300000000071,996.2500000000005,995.0300000000071,996.2500000000005,995.0300000000071,996.2500000000005,996.2500000000005,995.0300000000071,996.2500000000005,995.0300000000071,996.2500000000005,995.0300000000071,996.2500000000005,995.0300000000071,996.2500000000005,995.0300000000071,996.2500000000005,995.0300000000071,996.2500000000005,995.0300000000071,996.2500000000005,995.0300000000071,996.2500000000005,995.0300000000071,996.2500000000005,995.0300000000071,996.2500000000005,995.0300000000071,996.2500000000005,995.0400000000071,996.2500000000005,996.2500000000005,996.2500000000005,996.2500000000005,996.2500000000005,996.2500000000005,996.2500000000005,996.2500000000005,996.2500000000005,996.2500000000005,996.2500000000005,996.2500000000005,996.2500000000005,996.2500000000005,996.2600000000004,996.2600000000004,996.2600000000004,996.2600000000004,996.2600000000004,996.2600000000004,996.2600000000004,996.2600000000004,996.2600000000004,996.2600000000004,996.2600000000004,996.2600000000004,995.140000000007,996.2600000000004,995.140000000007,996.2600000000004,995.140000000007,996.2600000000004,995.140000000007,996.2600000000004,996.2600000000004,995.140000000007,996.2600000000004,995.140000000007,996.2600000000004,995.140000000007,996.2600000000004,995.140000000007,996.2600000000004,995.140000000007,996.2600000000004,995.140000000007,996.2600000000004,995.140000000007,996.2600000000004,995.140000000007,996.2600000000004,995.140000000007,996.2600000000004,995.140000000007,996.2600000000004,995.140000000007,996.2600000000004,996.2600000000004,995.140000000007,996.2600000000004,995.140000000007,996.2600000000004,995.140000000007,996.2600000000004,995.150000000007,996.2600000000004,995.150000000007,996.2600000000004,995.150000000007,996.2700000000004,995.150000000007,996.2700000000004,995.150000000007,996.2700000000004,995.150000000007,996.2700000000004,995.150000000007,996.2700000000004,995.150000000007,996.2700000000004,996.2700000000004,996.2700000000004,996.2700000000004,996.2700000000004,996.2700000000004,996.2700000000004,996.2700000000004,996.2700000000004,996.2700000000004,996.2700000000004,996.2700000000004,996.2700000000004,996.2700000000004,996.2700000000004,996.2700000000004,996.2700000000004,996.2700000000004,996.2700000000004,996.2700000000004,996.2700000000004,996.2700000000004,996.2700000000004,995.2600000000069,995.2600000000069,995.2600000000069,995.2600000000069,995.2600000000069,995.2600000000069,995.2600000000069,995.2600000000069,995.2600000000069,995.2600000000069,995.2600000000069,995.2600000000069,995.2600000000069,995.2600000000069,995.2600000000069,995.2600000000069,996.3800000000006,996.3800000000006,996.3800000000006,996.3800000000006,996.3800000000006,996.3800000000006,996.3800000000006,996.3800000000006,995.3700000000068,995.3700000000068,995.3700000000068,995.3700000000068,995.3700000000068,995.3700000000068,995.3700000000068,995.3700000000068,995.3700000000068,995.3700000000068,995.3700000000068,995.3700000000068,995.3700000000068,995.3700000000068,995.3700000000068,995.3700000000068,996.4900000000005,995.3700000000068,996.4900000000005,995.3700000000068,996.4900000000005,995.3700000000068,996.4900000000005,995.3800000000068,996.4900000000005,995.3800000000068,996.4900000000005,995.3800000000068,996.4900000000005,995.3800000000068,996.4900000000005,995.3800000000068,996.4900000000005,995.3800000000068,996.4900000000005,995.3800000000068,996.4900000000005,995.3800000000068,996.4900000000005,995.3800000000068,996.4900000000005,995.3800000000068,996.4900000000005,995.3800000000068,996.4900000000005,995.3800000000068,996.4900000000005,995.3800000000068,996.4900000000005,995.3800000000068,996.4900000000005,995.3800000000068,996.4900000000005,995.3800000000068,996.4900000000005,995.3800000000068,996.4900000000005,995.3800000000068,996.4900000000005,995.3800000000068,996.4900000000005,995.3800000000068,996.4900000000005,995.3800000000068,996.4900000000005,995.3800000000068,996.4900000000005,996.4900000000005,995.3800000000068,996.4900000000005,995.3800000000068,996.4900000000005,995.3900000000068,996.4900000000005,995.3900000000068,996.4900000000005,995.3900000000068,996.4900000000005,995.3900000000068,996.4900000000005,995.3900000000068,996.4900000000005,995.3900000000068,996.4900000000005,995.3900000000068,996.4900000000005,995.3900000000068,996.4900000000005,995.3900000000068,996.4900000000005,995.3900000000068,996.4900000000005,995.3900000000068,996.4900000000005,995.3900000000068,996.4900000000005,995.3900000000068,996.4900000000005,995.3900000000068,996.4900000000005,995.3900000000068,996.4900000000005,995.3900000000068,996.4900000000005,995.4000000000068,996.5000000000005,995.4000000000068,996.5000000000005,995.4000000000068,996.5000000000005,995.4000000000068,996.5000000000005,995.4000000000068,996.5000000000005,995.4000000000068,996.5000000000005,995.4000000000068,996.5000000000005,995.4000000000068,995.4000000000068,995.4000000000068,995.4000000000068,995.4000000000068,995.4000000000068,995.4000000000068,995.4000000000068,995.4000000000068,995.4000000000068,995.4000000000068,995.4000000000068,995.4000000000068,995.4000000000068,995.4000000000068,995.4100000000068,995.4100000000068,995.4100000000068,995.4100000000068,995.4100000000068,995.4100000000068,995.4100000000068,995.4100000000068,995.4100000000068,995.4100000000068,995.4100000000068,995.4100000000068,995.4100000000068,995.4100000000068,995.4100000000068,995.4200000000068,995.4200000000068,995.4200000000068,995.4200000000068,995.4200000000068,995.4200000000068,995.4200000000068,995.4200000000068,995.4200000000068,995.4200000000068,995.4200000000068,995.4200000000068,995.4200000000068,995.4200000000068,995.4200000000068,995.4200000000068,995.4200000000068,995.4200000000068,995.4200000000068,996.6200000000003,995.4200000000068,996.6200000000003,995.4200000000068,996.6200000000003,995.4200000000068,996.6200000000003,995.4200000000068,996.6200000000003,995.4200000000068,996.6200000000003,995.4200000000068,996.6200000000003,995.4200000000068,996.6200000000003,995.4200000000068,996.6200000000003,995.4200000000068,996.6200000000003,995.4200000000068,996.6200000000003,995.4200000000068,996.6200000000003,995.4200000000068,996.6200000000003,995.4200000000068,996.6200000000003,995.4200000000068,996.6200000000003,995.4200000000068,996.6200000000003,995.4200000000068,996.6200000000003,995.4200000000068,996.6200000000003,995.4200000000068,996.6200000000003,995.4200000000068,996.6200000000003,995.4200000000068,996.6200000000003,995.4200000000068,996.6200000000003,995.4200000000068,996.6200000000003,995.4200000000068,996.6200000000003,995.4200000000068,996.6200000000003,995.4200000000068,996.6200000000003,995.4200000000068,996.6200000000003,995.4200000000068,995.4200000000068,995.4200000000068,995.4200000000068,995.4200000000068,995.4200000000068,995.4200000000068,995.4200000000068,995.4200000000068,995.4200000000068,995.4200000000068,995.4200000000068,995.4200000000068,995.4200000000068,995.4200000000068,995.4200000000068,995.4200000000068,995.4200000000068,995.4200000000068,995.4200000000068,995.4200000000068,995.4200000000068,995.4200000000068,995.4200000000068,995.4200000000068,995.4200000000068,995.4200000000068,995.4200000000068,995.4200000000068,995.4200000000068,995.4200000000068,995.4200000000068,995.4200000000068,995.4200000000068,995.4200000000068,995.4200000000068,995.4200000000068,995.4200000000068,995.4200000000068,995.4200000000068,995.4200000000068,995.4200000000068,995.4200000000068,995.4200000000068,995.4200000000068,995.4200000000068,995.4200000000068,995.4200000000068,995.4200000000068,995.4200000000068,995.4300000000068,995.4300000000068,996.8500000000004,995.4300000000068,996.8500000000004,995.4300000000068,996.8500000000004,995.4300000000068,996.8500000000004,995.4300000000068,996.8500000000004,995.4300000000068,996.8500000000004,995.4300000000068,996.8500000000004,995.4300000000068,996.8500000000004,995.4300000000068,996.8500000000004,995.4300000000068,996.8500000000004,995.4300000000068,996.8500000000004,995.4300000000068,996.8500000000004,995.4300000000068,996.8500000000004,995.4300000000068,996.8500000000004,995.4300000000068,996.8500000000004,995.4300000000068,996.8500000000004,995.4300000000068,996.8600000000004,995.4300000000068,996.8600000000004,995.4300000000068,996.8600000000004,995.4300000000068,996.8600000000004,995.4300000000068,996.8600000000004,995.4300000000068,996.8700000000003,995.4300000000068,996.8700000000003,995.4300000000068,996.8700000000003,995.4300000000068,996.8700000000003,995.4300000000068,995.4300000000068,995.4300000000068,995.4300000000068,995.4300000000068,995.4300000000068,995.4300000000068,995.4300000000068,995.4300000000068,995.4300000000068,995.4300000000068,995.4300000000068,995.4300000000068,995.4300000000068,995.4300000000068,995.4400000000068,995.4400000000068,995.4400000000068,995.4400000000068,995.4400000000068,995.4400000000068,995.4400000000068,995.4400000000068,995.4400000000068,995.4400000000068,995.4400000000068,996.9900000000002,995.4400000000068,996.9900000000002,995.4400000000068,996.9900000000002,995.4400000000068,996.9900000000002,995.4400000000068,997.0000000000002,995.4400000000068,997.0000000000002,995.4400000000068,997.0000000000002,995.4400000000068,997.0000000000002,995.4400000000068,997.0000000000002,995.4400000000068,997.0000000000002,995.4400000000068,997.0000000000002,995.4400000000068,997.0000000000002,995.4400000000068,997.0000000000002,995.4400000000068,997.0000000000002,995.4400000000068,997.0000000000002,995.4400000000068,997.0000000000002,995.4400000000068,997.0100000000002,995.4400000000068,997.0100000000002,995.4400000000068,997.0100000000002,995.4400000000068,997.0100000000002,995.4400000000068,997.0100000000002,995.450000000007,997.0100000000002,995.450000000007,997.0100000000002,995.450000000007,997.0100000000002,995.450000000007,997.0100000000002,995.450000000007,997.0100000000002,995.450000000007,997.0100000000002,995.450000000007,997.0100000000002,995.460000000007,997.0100000000002,995.460000000007,997.0100000000002,995.460000000007,997.0100000000002,995.460000000007,997.0100000000002,997.0100000000002,995.460000000007,997.0200000000002,995.460000000007,997.0200000000002,995.460000000007,997.0200000000002,995.460000000007,997.0200000000002,995.460000000007,997.0200000000002,995.460000000007,995.460000000007,995.460000000007,995.460000000007,995.460000000007,995.460000000007,995.460000000007,995.460000000007,995.470000000007,995.470000000007,995.470000000007,995.480000000007,995.480000000007,995.480000000007,995.480000000007,995.480000000007,995.480000000007,995.480000000007,995.480000000007,995.480000000007,995.480000000007,995.480000000007,995.480000000007,995.480000000007,995.480000000007,995.480000000007,995.480000000007,995.480000000007,995.480000000007,995.480000000007,995.480000000007,995.480000000007,995.480000000007,995.480000000007,995.480000000007,995.480000000007,995.480000000007,995.480000000007,995.480000000007,995.480000000007,995.480000000007,995.490000000007,995.490000000007,995.490000000007,995.490000000007,995.490000000007,995.490000000007,995.490000000007,995.490000000007,995.490000000007,995.490000000007,995.490000000007,997.2500000000002,995.490000000007,997.2500000000002,995.490000000007,997.2500000000002,995.490000000007,997.2500000000002,995.490000000007,997.2500000000002,995.490000000007,997.2500000000002,995.490000000007,997.2500000000002,995.490000000007,997.2500000000002,997.2500000000002,997.2500000000002,997.2500000000002,997.2500000000002,997.2500000000002,997.2600000000002,997.2600000000002,997.2600000000002,997.2600000000002,997.2600000000002,997.2600000000002,997.2600000000002,997.2600000000002,997.2600000000002,997.2600000000002,997.2600000000002,997.2600000000002,997.2600000000002,997.2600000000002,997.2600000000002,995.5900000000069,995.5900000000069,995.5900000000069,995.5900000000069,995.5900000000069,995.5900000000069,995.5900000000069,995.5900000000069,995.5900000000069,995.5900000000069,995.5900000000069,995.5900000000069,995.5900000000069,995.5900000000069,995.5900000000069,995.5900000000069,995.5900000000069,995.5900000000069,995.5900000000069,995.5900000000069,995.5900000000069,995.5900000000069,995.5900000000069,995.5900000000069,995.5900000000069,995.5900000000069,995.5900000000069,995.5900000000069,995.5900000000069,995.5900000000069,995.5900000000069,995.5900000000069,995.5900000000069,995.5900000000069,995.5900000000069,995.5900000000069,995.5900000000069,995.5900000000069,995.5900000000069,995.5900000000069,995.5900000000069,995.5900000000069,995.5900000000069,995.5900000000069,995.6000000000068,995.6000000000068,995.6000000000068,997.5000000000002,995.6100000000068,997.5000000000002,995.6100000000068,997.5000000000002,995.6100000000068,997.5000000000002,997.5000000000002,997.5000000000002,997.5000000000002,997.5000000000002,997.5000000000002,997.5000000000002,997.5000000000002,997.5000000000002,997.5000000000002,997.5000000000002,997.5000000000002,997.5000000000002,997.5000000000002,997.5000000000002,997.5000000000002,997.5000000000002,997.5000000000002,997.5000000000002,997.5000000000002,997.5000000000002,997.5000000000002,997.5000000000002,997.5000000000002,997.5000000000002,997.5000000000002,995.7100000000067,997.5000000000002,995.7100000000067,997.5000000000002,995.7100000000067,997.5000000000002,995.7100000000067,997.5000000000002,995.7100000000067,997.5000000000002,995.7100000000067,997.5000000000002,995.7100000000067,997.5000000000002,995.7100000000067,997.5000000000002,995.7100000000067,997.5000000000002,995.7100000000067,997.5000000000002,995.7100000000067,997.5000000000002,995.7100000000067,997.5000000000002,995.7100000000067,997.5000000000002,995.7100000000067,997.5000000000002,995.7100000000067,997.5000000000002,997.5000000000002,995.7100000000067,997.5000000000002,995.7100000000067,997.5000000000002,995.7100000000067,997.5000000000002,995.7100000000067,997.5000000000002,995.7100000000067,997.5000000000002,995.7100000000067,997.5000000000002,995.7100000000067,997.5000000000002,995.7100000000067,997.5000000000002,995.7100000000067,997.5000000000002,995.7100000000067,997.5000000000002,995.7200000000067,997.5100000000002,995.7200000000067,997.5100000000002,995.7200000000067,997.5100000000002,995.7200000000067,997.5100000000002,995.7200000000067,997.5100000000002,995.7200000000067,997.5100000000002,997.5100000000002,995.7200000000067,997.5100000000002,995.7200000000067,997.5100000000002,995.7200000000067,997.5100000000002,995.7200000000067,997.5100000000002,995.7200000000067,997.5100000000002,995.7200000000067,997.5100000000002,995.7200000000067,997.5100000000002,995.7200000000067,997.5100000000002,995.7200000000067,997.5100000000002,995.7200000000067,997.5100000000002,995.7300000000067,997.5100000000002,997.5100000000002,995.7300000000067,997.5100000000002,995.7300000000067,997.5100000000002,995.7300000000067,997.5100000000002,995.7300000000067,997.5100000000002,995.7300000000067,997.5100000000002,995.7300000000067,997.5100000000002,995.7400000000067,997.5100000000002,995.7400000000067,997.5100000000002,995.7400000000067,997.5100000000002,995.7400000000067,997.5100000000002,995.7400000000067,995.7400000000067,995.7400000000067,995.7400000000067,995.7400000000067,995.7400000000067,995.7400000000067,995.7400000000067,995.7400000000067,995.7400000000067,995.7400000000067,995.7400000000067,995.7400000000067,995.7400000000067,995.7400000000067,995.7400000000067,995.7400000000067,995.7400000000067,995.7400000000067,995.7400000000067,995.7400000000067,995.7400000000067,995.7400000000067,995.7400000000067,995.7400000000067,995.7400000000067,995.7400000000067,995.7400000000067,995.7400000000067,995.7400000000067,995.7400000000067,995.7400000000067,995.7400000000067,995.7400000000067,995.7400000000067,995.7400000000067,995.7400000000067,995.7400000000067,995.7400000000067,995.7500000000067,995.7500000000067,995.7500000000067,995.7500000000067,995.7500000000067,995.7500000000067,995.7500000000067,995.7500000000067,995.7500000000067,995.7500000000067,995.7500000000067,995.7500000000067,995.7500000000067,997.75,995.7500000000067,997.75,995.7500000000067,997.75,995.7500000000067,997.75,995.7500000000067,997.76,995.7500000000067,997.76,995.7500000000067,997.76,995.7500000000067,997.77,995.7500000000067,997.77,995.7500000000067,997.77,995.7500000000067,997.77,995.7500000000067,997.77,995.7500000000067,997.77,995.7500000000067,997.77,995.7500000000067,997.77,995.7500000000067,997.77,995.7500000000067,997.77,995.7500000000067,997.77,995.7500000000067,997.77,995.7500000000067,997.77,995.7500000000067,997.77,995.7500000000067,997.77,995.7500000000067,997.77,995.7500000000067,997.77,995.7500000000067,997.77,995.7500000000067,997.77,995.7500000000067,997.77,995.7500000000067,997.77,997.77,995.7500000000067,997.77,995.7500000000067,997.77,995.7500000000067,997.77,995.7500000000067,997.77,995.7500000000067,997.77,995.7500000000067,997.77,995.7500000000067,997.77,995.7500000000067,997.77,995.7500000000067,997.77,995.7500000000067,997.77,995.7500000000067,997.77,995.7500000000067,997.77,995.7500000000067,997.77,995.7500000000067,997.77,995.7500000000067,997.77,995.7500000000067,997.77,997.77,995.7500000000067,997.77,995.7500000000067,997.77,995.7500000000067,997.77,995.7500000000067,997.77,995.7500000000067,997.77,995.7500000000067,997.77,995.7500000000067,997.77,995.7500000000067,997.77,995.7500000000067,997.77,995.7500000000067,997.77,995.7500000000067,997.77,995.7500000000067,997.77,995.7500000000067,997.77,995.7500000000067,997.77,995.7500000000067,997.77,995.7500000000067,997.77,995.7500000000067,997.77,995.7500000000067,997.77,997.77,995.7500000000067,997.77,995.7500000000067,997.77,995.7500000000067,997.77,995.7500000000067,997.77,995.7500000000067,997.77,995.7500000000067,997.77,995.7500000000067,997.77,995.7500000000067,997.77,995.7500000000067,997.77,995.7500000000067,997.77,995.7500000000067,997.77,995.7500000000067,997.77,995.7500000000067,997.77,995.7500000000067,997.77,995.7500000000067,997.77,995.7500000000067,997.77,995.7500000000067,997.78,997.78,995.7500000000067,997.78,995.7500000000067,997.78,995.7500000000067,997.78,995.7500000000067,997.78,995.7500000000067,997.78,995.7500000000067,997.78,995.7500000000067,997.78,995.7500000000067,997.78,995.7500000000067,997.78,995.7500000000067,995.7500000000067,995.7500000000067,995.7500000000067,995.7500000000067,995.7500000000067,995.7500000000067,995.7500000000067,995.7500000000067,995.7500000000067,995.7500000000067,995.7500000000067,995.7500000000067,995.7500000000067,995.7500000000067,995.7500000000067,995.7500000000067,995.7500000000067,995.7500000000067,995.7500000000067,995.7500000000067,995.7500000000067,995.7500000000067,995.7500000000067,995.7500000000067,995.7500000000067,995.7500000000067,995.7500000000067,995.7500000000067,995.7600000000067,995.7600000000067,995.7600000000067,995.7600000000067,995.7600000000067,995.7700000000067,995.7700000000067,995.7700000000067,995.7700000000067,995.7700000000067,995.7700000000067,995.7700000000067,995.7700000000067,995.7700000000067,995.7700000000067,995.7700000000067,995.7700000000067,995.7700000000067,995.7700000000067,995.7700000000067,995.7800000000067,995.7800000000067,995.7800000000067,995.7800000000067,998.02,995.7800000000067,998.02,995.7800000000067,998.02,995.7800000000067,998.02,995.7800000000067,998.02,995.7800000000067,998.02,995.7800000000067,998.02,995.7800000000067,998.02,995.7800000000067,998.02,995.7800000000067,998.02,995.7800000000067,998.02,995.7800000000067,998.02,995.7800000000067,998.02,995.7800000000067,998.02,995.7800000000067,998.02,995.7800000000067,998.02,995.7800000000067,998.02,995.7800000000067,998.02,995.7800000000067,998.02,995.7800000000067,998.02,995.7800000000067,998.02,995.7800000000067,998.02,995.7800000000067,998.02,995.7800000000067,998.02,995.7800000000067,998.02,995.7800000000067,998.03,995.7800000000067,998.03,995.7800000000067,998.03,995.7800000000067,998.03,998.03,995.7800000000067,998.03,995.7800000000067,998.03,995.7800000000067,998.03,995.7800000000067,998.03,995.7800000000067,998.03,995.7800000000067,998.03,995.7800000000067,998.03,995.7800000000067,998.03,995.7800000000067,998.03,995.7800000000067,998.03,995.7800000000067,998.03,995.7800000000067,998.03,995.7800000000067,998.03,995.7800000000067,998.03,998.03,995.7800000000067,998.03,995.7800000000067,998.03,995.7800000000067,998.03,995.7900000000067,998.03,995.7900000000067,998.03,995.7900000000067,998.03,995.7900000000067,998.03,995.7900000000067,998.03,995.7900000000067,998.03,995.7900000000067,998.03,995.8000000000069,998.03,995.8000000000069,998.03,995.8000000000069,998.03,998.03,995.8000000000069,998.03,995.8000000000069,998.03,995.8000000000069,998.03,995.8000000000069,998.03,995.8000000000069,998.03,995.8000000000069,998.03,995.8000000000069,998.03,995.8000000000069,998.03,995.8000000000069,998.03,995.8000000000069,998.03,998.03,995.8000000000069,998.03,995.8000000000069,998.03,995.8000000000069,998.03,998.03,998.03,998.03,998.03,998.03,998.03,998.03,998.03,998.03,998.03,998.03,998.03,998.03,998.03,998.03,998.03,998.03,998.03,998.03,998.03,998.03,998.03,998.03,998.03,998.03,995.8000000000069,998.03,995.8000000000069,998.03,995.8000000000069,998.03,995.8000000000069,998.03,995.8000000000069,998.03,995.8000000000069,998.03,998.03,995.8000000000069,998.03,995.8000000000069,998.03,995.8000000000069,998.03,995.8000000000069,998.03,995.8000000000069,998.03,995.8000000000069,998.03,995.8000000000069,998.03,995.8000000000069,998.03,995.8000000000069,995.8000000000069,995.8000000000069,995.8000000000069,995.8000000000069,995.8000000000069,995.8000000000069,995.8000000000069,995.8000000000069,995.8000000000069,995.8000000000069,995.8000000000069,995.8000000000069,995.8000000000069,995.8000000000069,995.8000000000069,995.8000000000069,995.8000000000069,995.8000000000069,995.8000000000069,995.8000000000069,995.8000000000069,995.8000000000069,995.8000000000069,995.8000000000069,995.8000000000069,995.8000000000069,998.1499999999999,995.8000000000069,998.1499999999999,995.8000000000069,998.1499999999999,995.8000000000069,998.1499999999999,995.8000000000069,998.1499999999999,995.8000000000069,998.1499999999999,995.8000000000069,998.1499999999999,995.8000000000069,998.1499999999999,995.8100000000069,998.1499999999999,995.8100000000069,998.1499999999999,995.8100000000069,998.1499999999999,995.8100000000069,998.1499999999999,995.8100000000069,998.1499999999999,995.8100000000069,998.1499999999999,995.8100000000069,998.1499999999999,995.8100000000069,998.1499999999999,995.8100000000069,998.1499999999999,995.8100000000069,998.1499999999999,995.8100000000069,998.1499999999999,995.8100000000069,998.1499999999999,995.8100000000069,998.1499999999999,995.8100000000069,998.1499999999999,998.1499999999999,995.8100000000069,998.1499999999999,995.8100000000069,998.1499999999999,995.8100000000069,998.1499999999999,995.8100000000069,998.1499999999999,995.8100000000069,998.1499999999999,995.8100000000069,998.1499999999999,995.8100000000069,998.1499999999999,995.8100000000069,998.1499999999999,995.8100000000069,998.1599999999999,995.8100000000069,998.1599999999999,995.8100000000069,998.1599999999999,995.8100000000069,998.1599999999999,995.8100000000069,998.1599999999999,995.8100000000069,998.1599999999999,995.8100000000069,998.1599999999999,998.1599999999999,995.8100000000069,998.1599999999999,995.8100000000069,998.1599999999999,995.8100000000069,998.1599999999999,995.8100000000069,998.1599999999999,995.8100000000069,998.1599999999999,995.8100000000069,998.1599999999999,995.8100000000069,998.1599999999999,995.8100000000069,998.1599999999999,995.8100000000069,998.1599999999999,995.8100000000069,998.1599999999999,995.8100000000069,998.1599999999999,995.8100000000069,998.1599999999999,995.8100000000069,998.1599999999999,995.8100000000069,998.1599999999999,995.8100000000069,998.1599999999999,998.1599999999999,995.8100000000069,998.1599999999999,995.8100000000069,998.1599999999999,995.8100000000069,998.1599999999999,995.8100000000069,998.1599999999999,995.8100000000069,998.1599999999999,995.8100000000069,998.1599999999999,995.8100000000069,998.1699999999998,995.8100000000069,998.1699999999998,995.8100000000069,995.8100000000069,995.8100000000069,995.8100000000069,995.8100000000069,995.8100000000069,995.8100000000069,995.8100000000069,995.8100000000069,995.8100000000069,995.8100000000069,995.8100000000069,995.8100000000069,995.8100000000069,995.8100000000069,995.8100000000069,995.8100000000069,995.8100000000069,995.8100000000069,995.8100000000069,995.8100000000069,995.8100000000069,995.8100000000069,995.8100000000069,995.8100000000069,995.8100000000069,995.8100000000069,995.8100000000069,995.8100000000069,995.8100000000069,995.8100000000069,995.8100000000069,995.8100000000069,995.8100000000069,995.8100000000069,995.8100000000069,995.8100000000069,995.8100000000069,995.8100000000069,995.8100000000069,995.8100000000069,995.8100000000069,995.8100000000069,995.8100000000069,995.8100000000069,995.8100000000069,995.8100000000069,995.8100000000069,995.8100000000069,995.8100000000069,995.8100000000069,995.8100000000069,995.8100000000069,995.8100000000069,998.4199999999998,995.8100000000069,998.4199999999998,995.8100000000069,998.4199999999998,995.8100000000069,998.4199999999998,995.8100000000069,998.4199999999998,995.8200000000069,998.4199999999998,995.8200000000069,998.4199999999998,995.8200000000069,998.4199999999998,995.8200000000069,995.8200000000069,995.8200000000069,995.8200000000069,995.8200000000069,995.8200000000069,995.8200000000069,995.8200000000069,995.8200000000069,995.8200000000069,995.8200000000069,995.8200000000069,995.8200000000069,995.8200000000069,995.8200000000069,995.8200000000069,995.8200000000069,995.8200000000069,995.8200000000069,995.8200000000069,995.8200000000069,995.8200000000069,995.8200000000069,995.8200000000069,995.8200000000069,995.8300000000069,995.8300000000069,995.8300000000069,995.8300000000069,995.8300000000069,995.8300000000069,995.8300000000069,995.8300000000069,995.8300000000069,995.8300000000069,995.8300000000069,995.8300000000069,995.8300000000069,995.8300000000069,995.8300000000069,995.8300000000069,995.8300000000069,995.8300000000069,995.8300000000069,995.8300000000069,995.8300000000069,995.8300000000069,995.8300000000069,995.8300000000069,995.8300000000069,995.8300000000069,995.8300000000069,995.8300000000069,998.6599999999999,995.8400000000069,998.6599999999999,995.8400000000069,998.6599999999999,995.8400000000069,998.6599999999999,995.8400000000069,998.6599999999999,995.8400000000069,998.6699999999998,995.8400000000069,998.6699999999998,995.8400000000069,998.6699999999998,995.8400000000069,998.6699999999998,995.8400000000069,998.6699999999998,998.6699999999998,995.8400000000069,998.6699999999998,995.8400000000069,998.6699999999998,995.8400000000069,998.6699999999998,995.8400000000069,998.6699999999998,995.8400000000069,998.6699999999998,995.8400000000069,998.6699999999998,995.8400000000069,998.6699999999998,995.8500000000068,998.6699999999998,995.8500000000068,998.6699999999998,995.8500000000068,998.6699999999998,995.8500000000068,998.6699999999998,995.8500000000068,998.6699999999998,995.8500000000068,998.6699999999998,995.8500000000068,998.6699999999998,995.8500000000068,998.6699999999998,995.8500000000068,998.6699999999998,995.8500000000068,998.6699999999998,995.8500000000068,995.8500000000068,995.8500000000068,995.8500000000068,995.8500000000068,995.8500000000068,995.8500000000068,995.8500000000068,995.8500000000068,995.8500000000068,995.8500000000068,995.8500000000068,995.8500000000068,995.8500000000068,998.9099999999999,998.9099999999999,998.9099999999999,998.9099999999999,998.9099999999999,998.9099999999999,998.9099999999999,998.9099999999999,998.9099999999999,998.9099999999999,998.9099999999999,998.9099999999999,998.9099999999999,998.9099999999999,998.9099999999999,998.9099999999999,998.9099999999999,998.9099999999999,998.9099999999999,998.9099999999999,998.9099999999999,998.9099999999999,998.9099999999999,998.9099999999999,998.9099999999999,998.9099999999999,998.9099999999999,998.9099999999999,998.9099999999999,998.9099999999999,998.9099999999999,998.9099999999999,998.9099999999999,998.9099999999999,998.9099999999999,998.9099999999999,998.9199999999998,998.9199999999998,998.9199999999998,998.9199999999998,998.9199999999998,998.9199999999998,998.9199999999998,998.9199999999998,998.9199999999998,998.9199999999998,998.9199999999998,998.9199999999998,998.9199999999998,998.9199999999998,998.9199999999998,998.9199999999998,998.9199999999998,998.9199999999998,998.9199999999998,998.9199999999998,998.9199999999998,998.9199999999998,998.9199999999998,998.9199999999998,996.2900000000067,998.9199999999998,996.2900000000067,998.9199999999998,996.2900000000067,998.9199999999998,996.2900000000067,998.9199999999998,996.2900000000067,998.9199999999998,996.2900000000067,998.9199999999998,996.2900000000067,998.9199999999998,996.2900000000067,998.9199999999998,998.9199999999998,996.2900000000067,998.9199999999998,996.2900000000067,998.9199999999998,996.2900000000067,998.9299999999998,996.2900000000067,998.9299999999998,996.2900000000067,998.9299999999998,996.2900000000067,998.9299999999998,996.2900000000067,998.9299999999998,996.2900000000067,998.9299999999998,996.2900000000067,998.9299999999998,996.2900000000067,998.9299999999998,996.2900000000067,998.9299999999998,996.2900000000067,998.9299999999998,998.9299999999998,996.2900000000067,998.9299999999998,996.2900000000067,998.9299999999998,996.2900000000067,998.9299999999998,996.2900000000067,998.9299999999998,996.2900000000067,998.9299999999998,996.2900000000067,998.9299999999998,996.2900000000067,998.9299999999998,996.2900000000067,998.9299999999998,996.2900000000067,996.2900000000067,996.2900000000067,996.2900000000067,996.2900000000067,996.2900000000067,996.2900000000067,996.2900000000067,996.2900000000067,996.2900000000067,996.2900000000067,996.2900000000067,996.2900000000067,996.2900000000067,996.2900000000067,996.2900000000067,996.2900000000067,996.2900000000067,996.2900000000067,996.2900000000067,996.2900000000067,996.2900000000067,996.2900000000067,996.2900000000067,996.2900000000067,996.2900000000067,996.2900000000067,998.9299999999998,996.2900000000067,998.9299999999998,996.3000000000067,998.9299999999998,996.3000000000067,998.9299999999998,996.3000000000067,998.9299999999998,996.3000000000067,998.9299999999998,996.3000000000067,998.9299999999998,996.3100000000067,998.9299999999998,996.3100000000067,998.9299999999998,996.3100000000067,998.9299999999998,996.3100000000067,998.9299999999998,996.3100000000067,998.9299999999998,996.3100000000067,998.9299999999998,996.3100000000067,998.9299999999998,998.9299999999998,996.3100000000067,998.9299999999998,996.3100000000067,998.9299999999998,996.3100000000067,998.9299999999998,996.3100000000067,998.9299999999998,996.3100000000067,998.9299999999998,996.3100000000067,998.9299999999998,996.3100000000067,998.9299999999998,996.3100000000067,998.9299999999998,996.3100000000067,998.9299999999998,996.3100000000067,998.9299999999998,996.3100000000067,998.9299999999998,996.3100000000067,998.9299999999998,996.3100000000067,998.9299999999998,996.3100000000067,998.9299999999998,996.3100000000067,998.9299999999998,996.3100000000067,998.9299999999998,996.3100000000067,998.9299999999998,998.9299999999998,996.3100000000067,998.9299999999998,996.3200000000066,998.9299999999998,996.3200000000066,998.9299999999998,996.3200000000066,998.9299999999998,996.3200000000066,998.9299999999998,998.9299999999998,998.9299999999998,998.9299999999998,998.9299999999998,998.9299999999998,998.9299999999998,998.9299999999998,998.9299999999998,998.9299999999998,998.9299999999998,998.9299999999998,998.9299999999998,998.9299999999998,996.4300000000065,996.4300000000065,996.4300000000065,996.4300000000065,996.4300000000065,996.4300000000065,996.4300000000065,996.4300000000065,996.4400000000065,996.4400000000065,996.4400000000065,996.4400000000065,996.4400000000065,996.4400000000065,996.4400000000065,996.4400000000065,996.4400000000065,996.4400000000065,996.4400000000065,996.4400000000065,996.4400000000065,996.4400000000065,996.4400000000065,996.4400000000065,996.4400000000065,996.4400000000065,996.4400000000065,996.4400000000065,996.4400000000065,996.4400000000065,996.4400000000065,996.4400000000065,996.4400000000065,996.4400000000065,996.4400000000065,996.4400000000065,996.4400000000065,996.4400000000065,996.4400000000065,996.4400000000065,999.1799999999998,999.1799999999998,999.1799999999998,999.1799999999998,999.1799999999998,999.1799999999998,999.1799999999998,999.1799999999998,999.1799999999998,999.1799999999998,999.1799999999998,996.5500000000064,996.5500000000064,996.5500000000064,996.5500000000064,996.5500000000064,996.5500000000064,996.5500000000064,996.5500000000064,996.5500000000064,996.5500000000064,996.5500000000064,996.5500000000064,996.5500000000064,999.3099999999997,999.3099999999997,999.3099999999997,999.3099999999997,999.3099999999997,999.3099999999997,999.3099999999997,999.3099999999997,999.3099999999997,999.3099999999997,999.3199999999999,999.3199999999999,999.3199999999999,999.3199999999999,999.3199999999999,999.3199999999999,999.3199999999999,999.3199999999999,999.3199999999999,999.3199999999999,999.3199999999999,999.3199999999999,999.3199999999999,996.6600000000063,999.3199999999999,996.6600000000063,999.3199999999999,999.3199999999999,996.6600000000063,999.3199999999999,996.6600000000063,999.3199999999999,996.6600000000063,999.3199999999999,996.6600000000063,999.3199999999999,996.6600000000063,999.3199999999999,996.6600000000063,999.3199999999999,996.6600000000063,999.3199999999999,996.6600000000063,999.3199999999999,996.6600000000063,999.3199999999999,996.6600000000063,999.3199999999999,996.6600000000063,999.3199999999999,999.3199999999999,996.6600000000063,999.3199999999999,996.6600000000063,999.3199999999999,996.6600000000063,999.3199999999999,996.6600000000063,999.3199999999999,996.6600000000063,999.3199999999999,996.6600000000063,999.3199999999999,996.6600000000063,999.3199999999999,996.6600000000063,999.3199999999999,996.6600000000063,999.3199999999999,996.6700000000066,999.3199999999999,996.6700000000066,999.3199999999999,999.3199999999999,996.6700000000066,999.3199999999999,996.6700000000066,999.3199999999999,996.6700000000066,999.3199999999999,996.6700000000066,999.3199999999999,996.6700000000066,999.3199999999999,996.6700000000066,999.3199999999999,996.6700000000066,999.3199999999999,996.6700000000066,999.3199999999999,996.6700000000066,999.3199999999999,996.6700000000066,999.3199999999999,996.6700000000066,999.3199999999999,999.3199999999999,996.6700000000066,999.3199999999999,996.6700000000066,999.3199999999999,996.6700000000066,999.3199999999999,996.6700000000066,999.3199999999999,996.6700000000066,999.3199999999999,996.6700000000066,999.3199999999999,996.6700000000066,999.3199999999999,996.6700000000066,999.3199999999999,996.6700000000066,999.3199999999999,996.6700000000066,999.3199999999999,996.6700000000066,999.3199999999999,996.6700000000066,999.3300000000002,996.6700000000066,999.3300000000002,999.3300000000002,996.6700000000066,999.3300000000002,996.6700000000066,999.3300000000002,996.6700000000066,999.3300000000002,996.6700000000066,999.3300000000002,996.6700000000066,999.3300000000002,996.6700000000066,999.3300000000002,996.6700000000066,999.3300000000002,996.6700000000066,999.3300000000002,996.6700000000066,999.3300000000002,996.6700000000066,999.3300000000002,996.6700000000066,999.3300000000002,996.6700000000066,999.3300000000002,996.6700000000066,999.3300000000002,996.6700000000066,999.3300000000002,999.3300000000002,996.6700000000066,999.3300000000002,996.6700000000066,999.3300000000002,996.6700000000066,999.3300000000002,996.6700000000066,999.3300000000002,996.6700000000066,999.3300000000002,996.6700000000066,999.3300000000002,996.6700000000066,999.3300000000002,996.6700000000066,999.3300000000002,996.6700000000066,999.3300000000002,996.6700000000066,999.3300000000002,996.6700000000066,999.3300000000002,996.6700000000066,999.3300000000002,999.3300000000002,996.6700000000066,999.3300000000002,996.6700000000066,999.3300000000002,996.6700000000066,999.3400000000001,996.6700000000066,999.3400000000001,996.6700000000066,996.6700000000066,996.6700000000066,996.6700000000066,996.6700000000066,996.6700000000066,996.6700000000066,996.6700000000066,996.6700000000066,996.6700000000066,996.6700000000066,996.6700000000066,996.6700000000066,996.6700000000066,996.6700000000066,996.6700000000066,996.6700000000066,996.6700000000066,996.6700000000066,996.6700000000066,996.6700000000066,996.6700000000066,996.6700000000066,996.6700000000066,996.6700000000066,996.6700000000066,996.6700000000066,996.6700000000066,996.6700000000066,999.4700000000003,999.4700000000003,996.6700000000066,999.4700000000003,996.6700000000066,999.4700000000003,996.6700000000066,999.4700000000003,996.6700000000066,999.4700000000003,996.6700000000066,999.4700000000003,996.6700000000066,999.4700000000003,996.6700000000066,999.4700000000003,996.6700000000066,999.4700000000003,996.6700000000066,999.4700000000003,996.6700000000066,999.4700000000003,996.6700000000066,999.4700000000003,996.6700000000066,999.4800000000002,996.6700000000066,999.4800000000002,996.6700000000066,999.4800000000002,996.6700000000066,999.4800000000002,996.6700000000066,999.4800000000002,996.6700000000066,999.4800000000002,996.6700000000066,999.4800000000002,999.4800000000002,999.4800000000002,999.4800000000002,999.4800000000002,999.4800000000002,999.4800000000002,999.4800000000002,999.4800000000002,999.4800000000002,999.4800000000002,999.4800000000002,999.4800000000002,999.4800000000002,999.4800000000002,999.4800000000002,999.4800000000002,999.4800000000002,999.4800000000002,999.4800000000002,999.4800000000002,999.4900000000002,999.4900000000002,999.4900000000002,999.4900000000002,999.4900000000002,999.4900000000002,996.7800000000067,999.4900000000002,996.7800000000067,999.4900000000002,996.7800000000067,999.4900000000002,999.4900000000002,996.7800000000067,999.4900000000002,996.7800000000067,999.4900000000002,996.7800000000067,999.4900000000002,996.7800000000067,999.4900000000002,996.7800000000067,999.4900000000002,996.7800000000067,999.4900000000002,996.7800000000067,999.4900000000002,996.7800000000067,999.4900000000002,996.7800000000067,999.5000000000002,996.7800000000067,999.5000000000002,996.7800000000067,999.5000000000002,996.7800000000067,999.5000000000002,996.7800000000067,999.5000000000002,999.5100000000002,996.7800000000067,999.5100000000002,996.7800000000067,999.5100000000002,996.7800000000067,999.5100000000002,996.7800000000067,999.5100000000002,996.7800000000067,999.5100000000002,996.7800000000067,999.5100000000002,996.7800000000067,999.5100000000002,996.7800000000067,999.5100000000002,996.7800000000067,999.5100000000002,996.7800000000067,999.5100000000002,996.7900000000067,999.5100000000002,996.7900000000067,999.5100000000002,996.7900000000067,999.5100000000002,996.7900000000067,999.5100000000002,996.7900000000067,999.5100000000002,996.7900000000067,999.5100000000002,999.5100000000002,996.7900000000067,999.5100000000002,996.8000000000067,999.5100000000002,996.8000000000067,999.5100000000002,996.8000000000067,999.5100000000002,996.8000000000067,999.5100000000002,996.8000000000067,999.5100000000002,996.8000000000067,999.5100000000002,996.8000000000067,999.5100000000002,999.5100000000002,999.5100000000002,999.5100000000002,999.5100000000002,999.5100000000002,999.5100000000002,999.5100000000002,999.5100000000002,999.5100000000002,999.5100000000002,999.5100000000002,999.5100000000002,999.5100000000002,999.5100000000002,999.5200000000002,999.5200000000002,999.5200000000002,999.5200000000002,999.5200000000002,999.5200000000002,999.5200000000002,999.5200000000002,999.5200000000002,999.5200000000002,999.5200000000002,999.5200000000002,996.9100000000068,999.5200000000002,996.9100000000068,999.5200000000002,996.9100000000068,999.5200000000002,996.9100000000068,999.5200000000002,996.9100000000068,999.5200000000002,996.9100000000068,999.5200000000002,996.9200000000068,999.5200000000002,999.5200000000002,996.9200000000068,999.5200000000002,996.9200000000068,999.5200000000002,996.9200000000068,999.5200000000002,996.9200000000068,999.5200000000002,996.9200000000068,999.5200000000002,996.9200000000068,999.5200000000002,996.9200000000068,999.5200000000002,996.9200000000068,999.5200000000002,996.9200000000068,999.5300000000002,996.9200000000068,999.5300000000002,996.9200000000068,999.5300000000002,996.9200000000068,999.5300000000002,999.5300000000002,996.9200000000068,999.5300000000002,996.9200000000068,999.5300000000002,996.9200000000068,999.5400000000002,996.9200000000068,999.5400000000002,996.9200000000068,999.5400000000002,996.9200000000068,999.5400000000002,996.9200000000068,999.5400000000002,996.9200000000068,999.5400000000002,996.9200000000068,999.5400000000002,996.9200000000068,999.5400000000002,996.9200000000068,999.5400000000002,996.9200000000068,999.5400000000002,996.9200000000068,999.5400000000002,996.9200000000068,999.5400000000002,999.5400000000002,996.9200000000068,999.5400000000002,996.9200000000068,999.5400000000002,996.9200000000068,999.5400000000002,996.9200000000068,999.5400000000002,996.9200000000068,999.5400000000002,996.9200000000068,999.5400000000002,996.9200000000068,999.5400000000002,996.9200000000068,999.5400000000002,996.9200000000068,999.5400000000002,996.9200000000068,999.5400000000002,996.9200000000068,999.5400000000002,999.5400000000002,996.9200000000068,999.5400000000002,996.9200000000068,999.5400000000002,996.9200000000068,999.5400000000002,996.9200000000068,999.5400000000002,996.9200000000068,999.5400000000002,996.9200000000068,999.5400000000002,996.9300000000068,999.5400000000002,996.9300000000068,999.5400000000002,996.9300000000068,999.5400000000002,996.9300000000068,999.5400000000002,996.9300000000068,999.5400000000002,996.9300000000068,999.5400000000002,999.5400000000002,999.5400000000002,999.5400000000002,999.5500000000004,999.5500000000004,999.5500000000004,999.5500000000004,999.5500000000004,999.5500000000004,999.5500000000004,999.5500000000004,999.5500000000004,999.5500000000004,999.5500000000004,999.5500000000004,999.5500000000004,999.5500000000004,999.5500000000004,999.5500000000004,999.5600000000004,999.5600000000004,999.5600000000004,999.5600000000004,999.5600000000004,999.5600000000004,999.5600000000004,997.0400000000067,999.5600000000004,997.0400000000067,999.5600000000004,997.0400000000067,999.5600000000004,999.5600000000004,997.0400000000067,999.5600000000004,997.0400000000067,999.5600000000004,997.0400000000067,999.5600000000004,997.0400000000067,999.5600000000004,997.0400000000067,999.5600000000004,997.0400000000067,999.5600000000004,997.0400000000067,999.5600000000004,997.0400000000067,997.0400000000067,997.0400000000067,997.0400000000067,997.0400000000067,997.0400000000067,997.0400000000067,997.0400000000067,997.0400000000067,997.0400000000067,997.0400000000067,997.0400000000067,997.0400000000067,997.0400000000067,997.0400000000067,997.0400000000067,997.0400000000067,997.0400000000067,997.0400000000067,997.0400000000067,997.0400000000067,997.0400000000067,997.0400000000067,997.0400000000067,997.0400000000067,997.0400000000067,997.0500000000067,999.6900000000005,997.0500000000067,999.6900000000005,997.0500000000067,999.6900000000005,997.0500000000067,999.6900000000005,997.0500000000067,999.6900000000005,997.0500000000067,999.6900000000005,997.0500000000067,999.6900000000005,997.0500000000067,999.6900000000005,997.0500000000067,999.6900000000005,997.0500000000067,999.6900000000005,997.0500000000067,999.6900000000005,997.0500000000067,999.6900000000005,997.0500000000067,999.6900000000005,997.0500000000067,999.6900000000005,999.6900000000005,999.6900000000005,999.6900000000005,999.6900000000005,999.6900000000005,997.2700000000067,997.2700000000067,997.2700000000067,997.2700000000067,999.9400000000005,999.9400000000005,999.9400000000005,999.9400000000005,999.9400000000005,999.9400000000005,999.9400000000005,999.9400000000005,1000.0600000000004,1000.0600000000004,1000.0600000000004,1000.0600000000004,1000.0600000000004,1000.0600000000004,997.3800000000068,1000.0600000000004,997.3800000000068,1000.0600000000004,997.3800000000068,1000.0600000000004,997.3800000000068,1000.0600000000004,997.3800000000068,1000.0600000000004,997.3800000000068,1000.0600000000004,1000.0600000000004,997.3800000000068,1000.0600000000004,997.3800000000068,1000.0600000000004,997.3900000000068,1000.0600000000004,997.3900000000068,1000.0600000000004,997.3900000000068,1000.0600000000004,997.3900000000068,1000.0600000000004,997.3900000000068,997.3900000000068,997.3900000000068,997.3900000000068,997.3900000000068,997.3900000000068,997.3900000000068,997.3900000000068,997.3900000000068,997.3900000000068,997.3900000000068,997.3900000000068,997.3900000000068,997.3900000000068,997.3900000000068,997.3900000000068,997.3900000000068,997.4000000000068,997.4000000000068,997.4000000000068,997.4000000000068,997.4000000000068,997.4100000000068,997.4100000000068,997.4100000000068,997.4100000000068,997.4100000000068,997.4100000000068,1000.0600000000004,997.4100000000068,1000.0600000000004,997.4100000000068,1000.0600000000004,997.4100000000068,1000.0600000000004,1000.0600000000004,1000.0600000000004,1000.0600000000004,1000.0600000000004,1000.0600000000004,1000.0600000000004,1000.0600000000004,1000.0600000000004,1000.0600000000004,1000.0600000000004,1000.0600000000004,1000.0600000000004,1000.0600000000004,1000.0600000000004,1000.0600000000004,1000.0700000000004,1000.0700000000004,1000.0700000000004,1000.0700000000004,1000.0700000000004,1000.0700000000004,1000.0700000000004,1000.0700000000004,1000.0700000000004,1000.0700000000004,997.5300000000067,1000.0700000000004,997.5300000000067,1000.0700000000004,997.5300000000067,1000.0700000000004,997.5300000000067,1000.0700000000004,997.5300000000067,1000.0700000000004,997.5300000000067,1000.0700000000004,997.5300000000067,1000.0700000000004,997.5300000000067,1000.0700000000004,997.5300000000067,1000.0700000000004,1000.0700000000004,997.5300000000067,1000.0700000000004,997.5300000000067,1000.0700000000004,997.5300000000067,1000.0700000000004,997.5300000000067,1000.0700000000004,997.5300000000067,1000.0700000000004,997.5300000000067,1000.0700000000004,997.5300000000067,1000.0700000000004,997.5300000000067,1000.0700000000004,997.5300000000067,1000.0700000000004,997.5300000000067,1000.0700000000004,997.5400000000067,1000.0700000000004,997.5400000000067,1000.0700000000004,997.5400000000067,1000.0700000000004,1000.0700000000004,1000.0700000000004,1000.0700000000004,1000.0700000000004,1000.0700000000004,1000.0700000000004,1000.0700000000004,1000.0700000000004,1000.0700000000004,1000.0700000000004,1000.0700000000004,1000.0700000000004,1000.0700000000004,1000.0700000000004,1000.0700000000004,1000.0700000000004,1000.0700000000004,1000.0700000000004,1000.0700000000004,1000.0700000000004,1000.0700000000004,1000.0700000000004,1000.0700000000004,1000.0700000000004,1000.0700000000004,1000.0700000000004,997.6500000000066,1000.0700000000004,997.6500000000066,1000.0700000000004,997.6500000000066,1000.0700000000004,
997.6500000000066,997.6500000000066,997.6500000000066,997.6500000000066,1000.0700000000004,997.6500000000066,1000.0700000000004,997.6500000000066,1000.0700000000004,997.6500000000066,1000.0700000000004,997.6500000000066,1000.0700000000004,997.6500000000066,1000.0800000000004,997.6500000000066,1000.0800000000004,997.6500000000066,1000.0800000000004,997.6500000000066,1000.0800000000004,1000.0800000000004,997.6500000000066,997.6600000000066,1000.0800000000004,997.6600000000066,997.6600000000066,1000.0900000000004,997.6600000000066,1000.0900000000004,997.6600000000066,1000.0900000000004,997.6600000000066,1000.0900000000004,997.6600000000066,1000.0900000000004,997.6600000000066,997.6600000000066,1000.0900000000004,997.6700000000066,997.6700000000066,1000.0900000000004,1000.0900000000004,1000.0900000000004,1000.0900000000004,1000.0900000000004,1000.0900000000004,1000.0900000000004,1000.1000000000004,1000.1000000000004,1000.1000000000004,1000.1000000000004,1000.1000000000004,1000.1300000000006,1000.1300000000006,1000.1300000000006,997.7900000000064,1000.1300000000006,997.7900000000064,997.7900000000064,997.7900000000064,1000.1400000000006,997.7900000000064,1000.1400000000006,997.7900000000064,997.7900000000064,997.7900000000064,997.7900000000064,997.7900000000064,1000.1700000000005,997.7900000000064,1000.1700000000005,997.7900000000064,997.7900000000064,997.7900000000064,997.7900000000064,1000.1800000000005,997.7900000000064,1000.1800000000005,997.7900000000064,1000.1800000000005,997.7900000000064,997.7900000000064,997.7900000000064,997.7900000000064,1000.1900000000005,997.7900000000064,997.7900000000064,997.7900000000064,1000.2000000000005,997.7900000000064,997.7900000000064,997.7900000000064,997.7900000000064,997.7900000000064,997.7900000000064,997.7900000000064,1000.2300000000005,997.7900000000064,997.7900000000064,997.7900000000064,997.7900000000064,997.7900000000064,1000.2500000000005,997.7900000000064,997.7900000000064,997.7900000000064,997.7900000000064,1000.2700000000004,997.7900000000064,1000.2700000000004,997.7900000000064,1000.2700000000004,997.7900000000064,1000.2700000000004,997.7900000000064,1000.2700000000004,997.7900000000064,997.7900000000064,997.7900000000064,997.7900000000064,1000.2800000000004,997.7900000000064,1000.2800000000004,997.7900000000064,1000.2800000000004,997.7900000000064,997.7900000000064,997.7900000000064,997.7900000000064,997.7900000000064,1000.2900000000004,997.7900000000064,997.7900000000064,997.7900000000064,997.7900000000064,1000.3100000000004,997.7900000000064,1000.3100000000004,997.7900000000064,1000.3100000000004,997.7900000000064,997.7900000000064,997.7900000000064,997.7900000000064,997.7900000000064,997.7900000000064,997.7900000000064,997.7900000000064,997.7900000000064,997.7900000000064,1000.3600000000004,1000.4000000000003,1000.4000000000003,1000.4300000000003,1000.4500000000003,1000.4600000000003,1000.4800000000005,1000.5100000000004,1000.5300000000004,1000.6000000000004,1000.6000000000004,1000.6500000000005,1000.6500000000005,1000.6500000000005,1000.6500000000005,998.2600000000065,998.2600000000065,998.2600000000065,1000.6800000000005,998.2600000000065,1000.6800000000005,1000.7100000000005,1000.7700000000004,1000.7700000000004,1000.7700000000004,1000.7700000000004,1000.7700000000004,998.3800000000066,1000.7700000000004,998.3800000000066,998.3800000000066,998.3800000000066,998.3800000000066,998.3800000000066,998.3800000000066,998.3800000000066,998.3800000000066,998.3800000000066,998.3800000000066,998.3800000000066,998.3800000000066,998.3800000000066,1000.8300000000006,998.3800000000066,1000.8300000000006,998.3800000000066,1000.8300000000006,998.3800000000066,998.3800000000066,998.3800000000066,998.3800000000066,998.3800000000066,998.3800000000066,998.3800000000066,1000.8300000000006,998.3800000000066,1000.8300000000006,998.3800000000066,1000.8300000000006,998.3800000000066,998.3900000000066,998.3900000000066,998.3900000000066,998.3900000000066,998.3900000000066,998.3900000000066,998.3900000000066,998.3900000000066,998.3900000000066,998.3900000000066,998.3900000000066,998.3900000000066,998.4000000000068,1000.8900000000006,998.4000000000068,1000.8900000000006,998.4000000000068,998.4000000000068,998.4000000000068,998.4000000000068,998.4000000000068,1000.9600000000005,1000.9600000000005,1000.9600000000005,998.5200000000067,1001.0300000000007,1001.0300000000007,1001.0600000000006,1001.1300000000006,1001.1300000000006,1001.2400000000007,1001.3200000000006,1001.3200000000006,998.7500000000067,998.7500000000067,998.7500000000067,998.7500000000067,1001.3500000000006,998.7500000000067,1001.3500000000006,998.7500000000067,1001.3500000000006,998.7500000000067,1001.3500000000006,998.7500000000067,1001.3500000000006,998.7500000000067,998.7500000000067,998.7500000000067,998.7500000000067,998.7500000000067,998.7500000000067,998.7500000000067,998.7500000000067,998.7500000000067,1001.3500000000006,998.7500000000067,1001.3500000000006,998.7500000000067,1001.3500000000006,998.7500000000067,1001.3500000000006,998.7500000000067,1001.3500000000006,998.7500000000067,998.7500000000067,998.7500000000067,998.7500000000067,998.7500000000067,998.7500000000067,998.7500000000067,998.7500000000067,998.7500000000067,1001.3900000000008,998.7500000000067,1001.3900000000008,998.7500000000067,998.7500000000067,998.7500000000067,998.7500000000067,998.7500000000067,998.7500000000067,998.7500000000067,1001.4300000000007,1001.4300000000007,1001.4300000000007,1001.4300000000007,1001.4300000000007,1001.4700000000007,998.8700000000068,1001.4700000000007,998.8700000000068,998.8700000000068,998.8700000000068,998.8700000000068,998.8700000000068,998.8700000000068,998.8700000000068,998.8700000000068,998.8700000000068,998.8700000000068,1001.5100000000007,998.8700000000068,1001.5100000000007,998.8700000000068,1001.5100000000007,998.8700000000068,998.8700000000068,998.8700000000068,998.8700000000068,998.8700000000068,998.8700000000068,998.8700000000068,998.8700000000068,998.8700000000068,998.8800000000068,1001.5500000000006,998.8800000000068,998.8800000000068,998.8800000000068,998.8800000000068,998.8800000000068,998.8800000000068,998.8800000000068,998.8800000000068,998.8800000000068,998.8800000000068,1001.5500000000006,998.8800000000068,1001.5500000000006,998.8800000000068,998.8800000000068,998.8800000000068,998.8800000000068,998.8800000000068,998.8800000000068,998.8800000000068,998.8800000000068,998.8800000000068,1001.5900000000006,1001.5900000000006,1001.6300000000006,1001.6300000000006,1001.6300000000006,1001.6300000000006,998.8800000000068,1001.6300000000006,998.8800000000068,998.8800000000068,998.8800000000068,998.8800000000068,998.8800000000068,998.8800000000068,998.8800000000068,998.8800000000068,998.8800000000068,998.8800000000068,1001.6800000000005,998.8800000000068,1001.6800000000005,998.8800000000068,998.8800000000068,998.8800000000068,998.8800000000068,998.8800000000068,998.8800000000068,998.8800000000068,998.8800000000068,998.8800000000068,998.8800000000068,1001.7200000000005,998.8800000000068,1001.7200000000005,998.8800000000068,1001.7200000000005,998.8800000000068,1001.7200000000005,998.8800000000068,1001.7200000000005,998.8800000000068,1001.7200000000005,998.8800000000068,1001.7200000000005,998.8800000000068,998.8800000000068,998.8800000000068,998.8800000000068,998.8800000000068,998.8800000000068,998.8800000000068,998.8800000000068,998.8800000000068,998.8800000000068,998.8800000000068,998.8800000000068,998.8800000000068,998.8800000000068,998.8800000000068,998.8800000000068,998.8800000000068,998.8800000000068,998.8800000000068,998.8900000000068,998.8900000000068,1001.8100000000004,998.8900000000068,1001.8100000000004,998.8900000000068,1001.8100000000004,998.8900000000068,1001.8100000000004,998.8900000000068,1001.8100000000004,998.8900000000068,1001.8100000000004,998.8900000000068,1001.8100000000004,998.8900000000068,998.8900000000068,998.8900000000068,998.8900000000068,998.8900000000068,998.8900000000068,998.8900000000068,998.8900000000068,998.8900000000068,998.8900000000068,998.9000000000068,998.9000000000068,998.9000000000068,998.9000000000068,998.9000000000068,998.9000000000068,998.9000000000068,998.9000000000068,998.9000000000068,998.9000000000068,1001.9100000000003,998.9000000000068,1001.9100000000003,998.9000000000068,998.9000000000068,998.9000000000068,998.9000000000068,998.9000000000068,998.9000000000068,998.9000000000068,998.9000000000068,998.9000000000068,998.9000000000068,998.9000000000068,1001.9600000000003,998.9000000000068,1001.9600000000003,998.9000000000068,1001.9600000000003,998.9000000000068,1001.9600000000003,998.9000000000068,998.9000000000068,998.9000000000068,998.9000000000068,999.0300000000067,999.0300000000067,999.0300000000067,1002.1100000000004,999.0300000000067,999.0300000000067,999.0300000000067,999.0300000000067,999.0300000000067,999.0300000000067,999.0300000000067,999.0300000000067,999.0300000000067,999.0300000000067,999.0300000000067,1002.1600000000003,999.0300000000067,1002.1600000000003,999.0300000000067,1002.1600000000003,999.0300000000067,999.0300000000067,999.0300000000067,999.0300000000067,999.0300000000067,999.0300000000067,999.0300000000067,999.0300000000067,999.0300000000067,999.0300000000067,999.0300000000067,999.0300000000067,1002.2100000000003,999.0300000000067,999.0300000000067,999.0300000000067,999.0300000000067,999.0300000000067,999.0300000000067,999.0300000000067,999.0300000000067,999.0300000000067,999.0300000000067,999.0300000000067,1002.2600000000004,999.0300000000067,999.0300000000067,999.0300000000067,999.0300000000067,999.0300000000067,999.0300000000067,999.0300000000067,999.0300000000067,999.0300000000067,999.0300000000067,999.0300000000067,999.0300000000067,1002.3200000000004,999.0300000000067,999.0300000000067,999.0300000000067,999.0300000000067,999.0300000000067,999.0300000000067,999.0300000000067,999.0300000000067,999.0300000000067,999.0300000000067,999.0300000000067,999.0300000000067,1002.3700000000003,999.0300000000067,1002.3700000000003,999.0300000000067,999.0300000000067,999.0300000000067,1002.4300000000003,1002.4300000000003,1002.4300000000003,1002.4300000000003,1002.4300000000003,1002.4300000000003,999.1500000000068,1002.4300000000003,999.1500000000068,1002.4300000000003,999.1500000000068,1002.4300000000003,999.1500000000068,1002.4300000000003,999.1500000000068,1002.4300000000003,999.1500000000068,999.1500000000068,999.1500000000068,1002.4900000000002,1002.4900000000002,1002.4900000000002,1002.4900000000002,1002.4900000000002,1002.4900000000002,1002.4900000000002,1002.4900000000002,1002.4900000000002,1002.4900000000002,1002.4900000000002,1002.4900000000002,1002.4900000000002,1002.5500000000002,1002.5500000000002,1002.5500000000002,1002.5500000000002,1002.5500000000002,1002.6000000000004,1002.6000000000004,1002.6000000000004,999.3900000000068,1002.6000000000004,999.3900000000068,1002.6000000000004,999.3900000000068,
1002.6000000000004,1002.6000000000004,999.3900000000068,999.3900000000068,999.3900000000068,999.3900000000068,999.3900000000068,999.3900000000068,999.3900000000068,999.3900000000068,999.3900000000068,1002.6500000000003,999.3900000000068,1002.6500000000003,999.3900000000068,1002.6500000000003,1002.6500000000003,999.4000000000068,1002.6500000000003,999.4100000000068,999.4100000000068,999.4100000000068,999.4100000000068,999.4100000000068,999.4100000000068,999.4100000000068,999.4200000000068,999.4200000000068,1002.7000000000003,1002.7000000000003,1002.7000000000003,1002.7000000000003,999.430000000007,1002.7000000000003,999.430000000007,1002.7000000000003,999.430000000007,1002.7000000000003,999.430000000007,999.430000000007,999.430000000007,999.440000000007,999.450000000007,999.450000000007,999.450000000007,1002.7600000000004,1002.7600000000004,999.460000000007,999.470000000007,999.470000000007,999.480000000007,999.490000000007,999.5000000000069,999.5000000000069,999.5100000000069,999.5200000000069,1002.8700000000003,999.5300000000069,1002.8700000000003,999.5300000000069,999.5300000000069,999.5400000000069,999.5500000000069,999.5500000000069,999.5500000000069,999.5500000000069,1002.9300000000003,999.5800000000071,999.5800000000071,999.6000000000071,1002.9900000000005,1002.9900000000005,999.620000000007,999.640000000007,999.670000000007,1003.0500000000004,999.670000000007,999.690000000007,999.710000000007,999.7500000000069,999.7500000000069,1003.1700000000003,1003.1700000000003,1003.1800000000005,1003.1800000000005,999.7900000000071,999.7900000000071,999.7900000000071,999.8100000000071,999.8400000000071,1003.3100000000004,999.890000000007,999.890000000007,999.910000000007,999.930000000007,999.950000000007,1003.4300000000005,999.970000000007,1003.4300000000005,999.990000000007,999.990000000007,999.990000000007,1003.4900000000005,999.990000000007,999.990000000007,1000.0200000000069,1003.5500000000004,1000.1000000000068,1000.1000000000068,1003.6100000000004,1003.6100000000004,1003.6100000000004,1000.130000000007,1000.150000000007,1000.150000000007,1000.150000000007,1003.6800000000005,1003.6800000000005,1000.180000000007,1000.180000000007,1000.180000000007,1003.7400000000005,1003.7400000000005,1000.240000000007,1000.240000000007,1000.240000000007,1003.8100000000004,1000.2700000000069,1003.8100000000004,1000.2700000000069,1000.3000000000071,1003.8800000000006,1000.3000000000071,1003.8900000000006,1003.8900000000006,1003.8900000000006,1003.8900000000006,1003.8900000000006,1003.8900000000006,1000.3300000000071,1000.3600000000071,1000.400000000007,1000.400000000007,1000.400000000007,1000.400000000007,1004.0200000000004,1000.440000000007,1000.440000000007,1000.470000000007,1000.470000000007,1000.470000000007,1000.470000000007,1000.5000000000069,1000.5000000000069,1000.5000000000069,1004.1500000000005,1004.1500000000005,1000.5400000000069,1000.5800000000069,1000.5800000000069,1000.5800000000069,1004.2200000000005,1004.2200000000005,1000.6600000000068,1000.6600000000068,1004.2900000000004,1000.690000000007,1000.690000000007,1000.730000000007,1004.4300000000005,1004.4300000000005,1004.4300000000005,1004.4300000000005,1004.4400000000005,1000.7700000000069,1004.4400000000005,1004.4400000000005,1004.4400000000005,1004.4400000000005,1004.4400000000005,1004.4400000000005,1004.4400000000005,1004.4400000000005,1004.4400000000005,1004.4400000000005,1000.8100000000069,1004.4400000000005,1000.8100000000069,1004.4400000000005,1000.8100000000069,1004.4400000000005,1004.4400000000005,1004.4400000000005,1004.4400000000005,1004.4400000000005,1004.4400000000005,1000.8500000000068,1000.8500000000068,1000.8900000000068,1004.5100000000007,1004.5100000000007,1004.5100000000007,1004.5100000000007,1000.9300000000068,1000.9300000000068,1004.5100000000007,1004.5100000000007,1000.9700000000067,1004.5200000000007,1000.9700000000067,1004.5200000000007,1000.9700000000067,1004.5200000000007,1000.9700000000067,1004.5200000000007,1000.9700000000067,1004.5200000000007,1000.9700000000067,1004.5200000000007,1004.5200000000007,1004.5200000000007,1004.5200000000007,1004.5200000000007,1004.5200000000007,1004.5200000000007,1001.0100000000067,1001.0100000000067,1001.0500000000069,1004.5900000000006,1004.5900000000006,1004.5900000000006,1001.0900000000069,1001.0900000000069,1004.5900000000006,1001.1300000000068,1001.1300000000068,1004.6700000000005,1004.6700000000005,1001.1700000000068,1004.7400000000005,1001.1700000000068,1004.7400000000005,1001.1700000000068,1001.1700000000068,1001.1700000000068,1001.1700000000068,1001.1700000000068,1001.1700000000068,1004.8100000000004,1001.2200000000067,1004.8100000000004,1001.2600000000067,1001.2600000000067,1001.2600000000067,1001.3000000000067,1001.3000000000067,1004.9600000000003,1001.3500000000068,1001.4400000000068,1001.4400000000068,1005.1100000000004,1001.5400000000067,1001.5400000000067,1001.6000000000068,1005.1900000000005,1005.1900000000005,1005.1900000000005,1005.1900000000005,1005.1900000000005,1005.1900000000005,1005.1900000000005,1005.1900000000005,1001.6500000000068,1005.1900000000005,1005.1900000000005,1001.6500000000068,1001.6500000000068,1005.2700000000004,1001.7600000000067,1001.7600000000067,1001.7600000000067,1005.3500000000004,1005.3500000000004,1005.3500000000004,1005.3500000000004,1001.8200000000069,1005.3500000000004,1005.3500000000004,1001.8200000000069,1005.3500000000004,1001.8200000000069,1001.8200000000069,1005.4300000000003,1005.4300000000003,1001.9200000000068,1005.5100000000002,1005.5100000000002,1002.0300000000069,1005.5900000000004,1002.0900000000069,1005.6700000000003,1005.6700000000003,1005.6700000000003,1005.6700000000003,1005.6700000000003,1005.7500000000002,1005.7500000000002,1002.2600000000069,1005.8300000000004,1002.3700000000068,1002.4200000000068,1002.4200000000068,1002.4200000000068,1002.480000000007,1002.480000000007,1002.480000000007,1002.480000000007,1002.480000000007,1006.0700000000004,1002.5400000000069,1002.5400000000069,1002.6000000000068,1006.1500000000003,1006.1500000000003,1002.6600000000068,1002.7800000000069,1002.7800000000069,1002.7800000000069,1002.7800000000069,1002.910000000007,1006.4900000000002,1006.4900000000002,1006.4900000000002,1006.4900000000002,1002.970000000007,1006.5800000000002,1006.5800000000002,1003.0300000000069,1003.0300000000069,1003.0300000000069,1006.6600000000001,1006.6600000000001,1003.0900000000069,1003.0900000000069,1003.160000000007,1003.160000000007,1003.230000000007,1003.230000000007,1003.230000000007,1003.230000000007,1006.8400000000001,1006.8400000000001,1006.8400000000001,1006.8400000000001,1006.8400000000001,1006.8400000000001,1006.8400000000001,1006.8400000000001,1006.8400000000001,1006.8400000000001,1006.8400000000001,1006.8400000000001,1003.3600000000071,1003.3600000000071,1003.3600000000071,1006.9300000000003,1006.9300000000003,1003.3600000000071,1003.3600000000071,1003.3600000000071,1003.3600000000071,1003.3600000000071,1003.3600000000071,1007.0200000000002,1003.3600000000071,1007.0200000000002,1003.3600000000071,1007.0200000000002,1003.3600000000071,1007.0200000000002,1007.0200000000002,1007.0200000000002,1007.0200000000002,1007.0200000000002,1003.430000000007,1003.430000000007,1003.430000000007,1003.430000000007,1007.1100000000001,1007.1100000000001,1007.1100000000001,1007.1100000000001,1003.5000000000072,1003.5000000000072,1003.5000000000072,1003.5000000000072,1003.5000000000072,1003.5000000000072,1003.5000000000072,1003.5000000000072,1003.5000000000072,1003.5000000000072,1003.5000000000072,1003.5000000000072,1003.5000000000072,1003.5000000000072,1003.5000000000072,1003.5000000000072,1003.5000000000072,1003.5000000000072,1003.5000000000072,1003.5000000000072,1003.5000000000072,1003.5000000000072,1003.5000000000072,1003.5000000000072,1003.5000000000072,1003.5000000000072,1003.5000000000072,1003.5000000000072,1003.5000000000072,1003.5000000000072,1003.5000000000072,1003.5000000000072,1007.29,1003.5000000000072,1003.5000000000072,1003.5000000000072,1003.5000000000072,1003.5000000000072,1003.5000000000072,1003.5000000000072,1003.5000000000072,1003.5000000000072,1003.5000000000072,1003.5000000000072,1003.5000000000072,1003.5000000000072,1003.5000000000072,1003.5000000000072,1003.5000000000072,1003.5000000000072,1003.5000000000072,1003.5000000000072,1003.5000000000072,1007.3800000000001,1003.5000000000072,1003.5000000000072,1003.5000000000072,1003.5000000000072,1003.5000000000072,1003.5000000000072,1003.5000000000072,1003.5000000000072,1003.5000000000072,1003.5000000000072,1003.5000000000072,1003.5000000000072,1003.5000000000072,1003.5000000000072,1003.5000000000072,1003.5000000000072,1003.5000000000072,1003.5000000000072,1003.5000000000072,1007.48,1003.5000000000072,1003.5000000000072,1003.5000000000072,1003.5100000000072,1003.5100000000072,1003.5100000000072,1003.5100000000072,1003.5100000000072,1003.5100000000072,1003.5100000000072,1003.5200000000071,1003.5200000000071,1003.5200000000071,1003.5200000000071,1003.5200000000071,1007.5699999999999,1007.5699999999999,1007.5699999999999,1007.5699999999999,1007.5699999999999,1007.5699999999999,1007.5699999999999,1003.5900000000071,1003.5900000000071,1003.5900000000071,1003.5900000000071,1003.5900000000071,1003.5900000000071,1003.5900000000071,1003.5900000000071,1003.5900000000071,1003.5900000000071,1003.5900000000071,1003.5900000000071,1003.5900000000071,1003.5900000000071,1003.5900000000071,1007.5699999999999,1003.5900000000071,1007.5699999999999,1003.5900000000071,1003.5900000000071,1003.5900000000071,1003.5900000000071,1003.6000000000071,1003.6000000000071,1003.6000000000071,1003.6000000000071,1003.6000000000071,1003.6000000000071,1003.6000000000071,1003.6000000000071,1003.6000000000071,1003.6000000000071,1003.6000000000071,1003.6000000000071,1007.6599999999999,1003.7500000000072,1003.7500000000072,1007.7499999999998,1003.8200000000071,1003.8200000000071,1003.8200000000071,1003.8200000000071,1003.8200000000071,1003.8200000000071,1003.8200000000071,1003.890000000007,1003.9600000000072,1003.9600000000072,1003.9600000000072,1003.9600000000072,1003.9600000000072,1003.9600000000072,1003.9600000000072,1003.9600000000072,1003.9600000000072,1003.9600000000072,1003.9600000000072,1003.9600000000072,1003.9600000000072,1003.9700000000072,1003.9700000000072,1003.9700000000072,1003.9700000000072,1008.0299999999997,1003.9700000000072,1004.0400000000071,1004.0400000000071,1004.0400000000071,1004.0400000000071,1008.1299999999999,1004.0400000000071,1008.1299999999999,1004.0400000000071,1008.1299999999999,1004.0400000000071,1008.1299999999999,1004.0500000000071,1008.1299999999999,1004.0500000000071,1008.1299999999999,1004.0500000000071,1008.1299999999999,1004.0500000000071,1004.0500000000071,1004.0500000000071,1004.0500000000071,1004.120000000007,1004.120000000007,1004.120000000007,1004.120000000007,1004.120000000007,1004.120000000007,1004.120000000007,1004.120000000007,1004.120000000007,1004.120000000007,1008.4199999999998,1008.4199999999998,1008.4199999999998,1008.4199999999998,1008.4199999999998,1008.4199999999998,1008.4199999999998,1008.5199999999998,1008.5199999999998,1004.430000000007,1004.430000000007,1004.430000000007,1004.430000000007,1004.430000000007,1004.430000000007,1004.430000000007,1004.430000000007,1004.440000000007,1004.440000000007,1004.440000000007,1004.440000000007,1004.440000000007,1004.440000000007,1004.440000000007,1004.440000000007,1004.440000000007,1004.440000000007,1004.440000000007,1004.440000000007,1004.440000000007,1004.440000000007,1004.440000000007,1004.440000000007,1004.440000000007,1004.440000000007,1004.440000000007,1004.440000000007,1004.440000000007,1004.440000000007,1004.440000000007,1004.440000000007,1004.440000000007,1004.440000000007,1004.440000000007,1004.440000000007,1004.440000000007,1008.7199999999998,1004.440000000007,1008.7199999999998,1004.440000000007,1008.7199999999998,1004.440000000007,1004.440000000007,1004.440000000007,1004.440000000007,1004.440000000007,1004.440000000007,1004.440000000007,1004.440000000007,1004.440000000007,1004.440000000007,1004.440000000007,1004.440000000007,1004.440000000007,1004.440000000007,1004.440000000007,1004.440000000007,1004.440000000007,1004.440000000007,1004.440000000007,1004.440000000007,1004.440000000007,1004.440000000007,1008.8199999999999,1004.440000000007,1008.8199999999999,1004.440000000007,1004.440000000007,1004.440000000007,1004.440000000007,1004.450000000007,1004.450000000007,1004.450000000007,1004.450000000007,1004.450000000007,1004.450000000007,1004.450000000007,1004.450000000007,1004.450000000007,1004.450000000007,1004.450000000007,1004.450000000007,1004.450000000007,1004.450000000007,1004.450000000007,1004.450000000007,1004.450000000007,1008.9199999999998,1004.450000000007,1004.450000000007,1004.450000000007,1004.450000000007,1004.450000000007,1004.450000000007,1004.450000000007,1004.450000000007,1004.450000000007,1004.450000000007,1004.450000000007,1004.450000000007,1004.450000000007,1004.450000000007,1004.450000000007,1004.450000000007,1004.450000000007,1004.450000000007,1004.450000000007,1004.450000000007,1004.450000000007,1004.450000000007,1009.0299999999997,1004.450000000007,1009.0299999999997,1004.450000000007,1009.0299999999997,1004.450000000007,1009.0299999999997,1004.450000000007,1009.0299999999997,1004.450000000007,1004.450000000007,1004.450000000007,1004.450000000007,1004.450000000007,1004.450000000007,1004.450000000007,1004.450000000007,1004.450000000007,1004.450000000007,1004.450000000007,1004.450000000007,1004.450000000007,1004.450000000007,1004.450000000007,1004.450000000007,1004.450000000007,1004.450000000007,1004.450000000007,1004.450000000007,1004.450000000007,1004.450000000007,1009.1299999999997,1004.450000000007,1009.1299999999997,1004.450000000007,1004.450000000007,1004.450000000007,1004.450000000007,1004.450000000007,1004.450000000007,1004.450000000007,1004.450000000007,1004.450000000007,1004.450000000007,1004.450000000007,1004.450000000007,1004.450000000007,1004.450000000007,1004.450000000007,1004.450000000007,1009.2299999999996,1009.2299999999996,1004.5300000000069,1004.5300000000069,1004.5300000000069,1004.5300000000069,1004.5300000000069,1004.5300000000069,1004.5300000000069,1004.5300000000069,1004.5300000000069,1009.3299999999997,1009.3299999999997,1009.3299999999997,1004.6100000000071,1004.6100000000071,1004.6100000000071,1004.6100000000071,1004.6100000000071,1004.6100000000071,1004.6100000000071,1004.6100000000071,1004.6100000000071,1004.6100000000071,1004.6100000000071,1009.4299999999996,1004.620000000007,1009.4299999999996,1004.620000000007,1009.4299999999996,1004.620000000007,1009.4299999999996,1004.620000000007,1009.4299999999996,1009.4299999999996,1004.620000000007,1009.4399999999996,1004.620000000007,1009.4399999999996,1004.620000000007,1009.4399999999996,1004.620000000007,1009.4399999999996,1004.620000000007,1009.4399999999996,1004.620000000007,1009.4399999999996,1004.620000000007,1009.4399999999996,1004.630000000007,1009.4399999999996,1004.630000000007,1009.4399999999996,1004.630000000007,1009.4399999999996,1004.630000000007,1009.4399999999996,1004.630000000007,1009.4399999999996,1004.630000000007,1009.4399999999996,1004.630000000007,1009.4399999999996,1009.4399999999996,1004.630000000007,1009.4399999999996,1004.630000000007,1009.4399999999996,1004.630000000007,1009.4399999999996,1004.630000000007,1009.4399999999996,1004.630000000007,1009.4399999999996,1004.630000000007,1009.4399999999996,1004.630000000007,1009.4399999999996,1004.630000000007,1009.4399999999996,1004.630000000007,1009.4399999999996,1004.630000000007,1009.4399999999996,1004.630000000007,1009.4399999999996,1004.630000000007,1009.4399999999996,1009.4399999999996,1009.4399999999996,1009.4399999999996,1009.4399999999996,1009.4399999999996,1009.4399999999996,1009.4399999999996,1009.4399999999996,1009.4399999999996,1009.4399999999996,1009.4399999999996,1009.4399999999996,1009.4399999999996,1009.4399999999996,1009.4399999999996,1009.4399999999996,1009.4399999999996,1009.4399999999996,1009.4399999999996,1009.4399999999996,1009.4399999999996,1009.4399999999996,1009.4399999999996,1009.4399999999996,1009.4399999999996,1009.4399999999996,1009.4399999999996,1009.4399999999996,1009.4399999999996,1009.4399999999996,1009.4399999999996,1009.4399999999996,1009.4399999999996,1009.4399999999996,1004.7900000000071,1004.7900000000071,1004.7900000000071,1004.7900000000071,1004.7900000000071,1004.7900000000071,1004.7900000000071,1004.7900000000071,1004.7900000000071,1009.4399999999996,1009.4399999999996,1009.4399999999996,1009.4399999999996,1009.4399999999996,1009.4399999999996,1009.4399999999996,1009.4399999999996,1009.4399999999996,1009.4399999999996,1009.4399999999996,1009.4399999999996,1009.4399999999996,1009.4399999999996,1009.4499999999996,1009.4499999999996,1009.4499999999996,1009.4499999999996,1009.4499999999996,1009.4599999999996,1009.4599999999996,1009.4599999999996,1009.4599999999996,1009.4599999999996,1009.4599999999996,1009.4599999999996,1009.4599999999996,1009.4599999999996,1009.4599999999996,1009.4599999999996,1009.4599999999996,1009.4599999999996,1009.4599999999996,1009.4599999999996,1009.4599999999996,1009.4599999999996,1009.4599999999996,1009.4599999999996,1009.4599999999996,1009.4599999999996,1009.4599999999996,1009.4599999999996,1009.4599999999996,1009.4599999999996,1009.4599999999996,1009.4599999999996,1009.4599999999996,1005.1100000000073,1005.1100000000073,1005.1100000000073,1005.1100000000073,1005.1100000000073,1005.1100000000073,1005.1100000000073,1005.1100000000073,1005.1100000000073,1005.1100000000073,1009.5699999999995,1005.1100000000073,1009.5699999999995,1005.1100000000073,1009.5699999999995,1005.1100000000073,1009.5699999999995,1005.1100000000073,1009.5699999999995,1005.1100000000073,1009.5699999999995,1005.1100000000073,1009.5699999999995,1009.5699999999995,1009.5699999999995,1009.5699999999995,1009.5699999999995,1009.5699999999995,1009.5699999999995,1009.5699999999995,1009.5699999999995,1009.5699999999995,1009.5699999999995,1009.5699999999995,1009.5699999999995,1009.5699999999995,1009.5699999999995,1009.5699999999995,1009.5699999999995,1009.5699999999995,1009.5699999999995,1009.5699999999995,1009.5699999999995,1009.5699999999995,1009.5699999999995,1009.5699999999995,1009.5699999999995,1009.5699999999995,1009.5699999999995,1009.5699999999995,1009.5699999999995,1009.5699999999995,1009.5699999999995,1009.5699999999995,1009.5699999999995,1005.3500000000073,1009.5699999999995,1005.3500000000073,1009.5699999999995,1005.3500000000073,1009.5699999999995,1005.3500000000073,1009.5699999999995,1005.3500000000073,1009.5699999999995,1005.3500000000073,1009.5699999999995,1009.5699999999995,1005.3500000000073,1009.5699999999995,1005.3500000000073,1009.5699999999995,1005.3500000000073,1009.5699999999995,1005.3500000000073,1009.5699999999995,1005.3500000000073,1009.5699999999995,1005.3500000000073,1009.5699999999995,1005.3500000000073,1009.5699999999995,1005.3600000000073,1009.5699999999995,1005.3600000000073,1009.5699999999995,1005.3600000000073,1009.5699999999995,1005.3600000000073,1009.5699999999995,1005.3600000000073,1009.5699999999995,1009.5699999999995,1005.3600000000073,1009.5699999999995,1005.3600000000073,1009.5699999999995,1005.3600000000073,1009.5699999999995,1005.3600000000073,1009.5699999999995,1005.3600000000073,1009.5699999999995,1005.3600000000073,1009.5699999999995,1005.3600000000073,1009.5699999999995,1005.3600000000073,1009.5699999999995,1005.3600000000073,1009.5699999999995,1005.3600000000073,1009.5699999999995,1005.3600000000073,1009.5699999999995,1005.3600000000073,1009.5699999999995,1005.3600000000073,1005.3600000000073,1005.3600000000073,1005.4400000000074,1005.4400000000074,1009.6699999999994,1005.4400000000074,1009.6699999999994,1005.4400000000074,1009.6699999999994,1005.4400000000074,1009.6699999999994,1005.4400000000074,1009.6699999999994,1005.4400000000074,1009.6699999999994,1005.4400000000074,1009.6699999999994,1005.4500000000074,1009.6699999999994,1005.4500000000074,1009.6699999999994,1005.4500000000074,1009.6699999999994,1005.4500000000074,1009.6699999999994,1005.4500000000074,1009.6699999999994,1005.4500000000074,1009.6699999999994,1009.6699999999994,1009.6699999999994,1009.6699999999994,1009.6699999999994,1009.6699999999994,1009.6699999999994,1009.6699999999994,1009.6699999999994,1009.6699999999994,1009.6699999999994,1009.6699999999994,1009.6699999999994,1009.6699999999994,1009.6699999999994,1009.6699999999994,1009.6699999999994,1009.6799999999994,1009.6799999999994,1005.5300000000074,1009.6799999999994,1005.5300000000074,1009.6799999999994,1009.6799999999994,1005.5300000000074,1009.6799999999994,1005.5300000000074,1009.6799999999994,1005.5300000000074,1009.6799999999994,1005.5300000000074,1009.6799999999994,1005.5300000000074,1009.6799999999994,1005.5300000000074,1009.6799999999994,1005.5300000000074,1009.6799999999994,1005.5300000000074,1009.6799999999994,1005.5300000000074,1009.6799999999994,1009.6799999999994,1009.6799999999994,1009.6799999999994,1009.6799999999994,1009.6799999999994,1009.6799999999994,1009.6799999999994,1009.6799999999994,1009.6799999999994,1005.5300000000074,1005.5400000000074,1005.5400000000074,1005.6300000000073,1005.6300000000073,1005.6300000000073,1005.6300000000073,1005.6300000000073,1005.6300000000073,1005.6300000000073,1005.6300000000073,1005.6300000000073,1005.6300000000073,1005.6300000000073,1005.6300000000073,1005.6300000000073,1005.6300000000073,1005.6300000000073,1005.6300000000073,1005.6300000000073,1005.6300000000073,1005.6300000000073,1005.6300000000073,1009.9899999999993,1009.9899999999993,1009.9899999999993,1005.7200000000072,1009.9899999999993,1009.9899999999993,1009.9899999999993,1009.9899999999993,1009.9899999999993,1009.9899999999993,1009.9899999999993,1009.9899999999993,1009.9899999999993,1009.9899999999993,1009.9899999999993,1009.9899999999993,1009.9899999999993,1009.9899999999993,1009.9899999999993,1009.9899999999993,1009.9899999999993,1009.9899999999993,1009.9899999999993,1005.8100000000071,1009.9899999999993,1009.9899999999993,1005.8100000000071,1009.9899999999993,1005.8100000000071,1009.9899999999993,1005.8100000000071,1009.9899999999993,1005.8100000000071,1009.9899999999993,1005.8100000000071,1009.9899999999993,1009.9899999999993,1009.9899999999993,1009.9899999999993,1009.9899999999993,1009.9899999999993,1009.9899999999993,1009.9899999999993,1009.9899999999993,1009.9899999999993,1009.9899999999993,1009.9899999999993,1009.9899999999993,1009.9899999999993,1005.8900000000073,1005.8900000000073,1005.8900000000073,1005.8900000000073,1005.9800000000072,1005.9800000000072,1005.9800000000072,1005.9800000000072,1005.9800000000072,1005.9800000000072,1010.0999999999992,1010.0999999999992,1006.0800000000073,1006.0800000000073,1006.0800000000073,1006.0800000000073,1006.0800000000073,1006.0800000000073,1006.0800000000073,1006.0800000000073,1006.0800000000073,1006.0800000000073,1006.0800000000073,1006.0800000000073,1006.0800000000073,1006.0800000000073,1006.0800000000073,1010.2099999999991,1010.2099999999991,1010.2099999999991,1010.3199999999993,1010.3199999999993,1010.3199999999993,1010.3199999999993,1010.3199999999993,1010.3199999999993,1010.3199999999993,1010.3199999999993,1006.2600000000074,1006.2600000000074,1006.2600000000074,1006.2600000000074,1006.2600000000074,1010.4299999999992,1010.4299999999992,1010.4299999999992,1006.3500000000073,1010.4299999999992,1010.4299999999992,1006.3500000000073,1010.4299999999992,1006.3500000000073,1010.4299999999992,1006.3500000000073,1006.3500000000073,1006.3500000000073,1006.3500000000073,1006.3500000000073,1006.3500000000073,1006.3500000000073,1006.3500000000073,1006.3500000000073,1006.3500000000073,1006.3500000000073,1006.3500000000073,1006.3500000000073,1006.3500000000073,1006.3500000000073,1006.3500000000073,1006.3500000000073,1006.3500000000073,1006.3600000000073,1006.3600000000073,1006.3600000000073,1006.4500000000072,1010.6399999999992,1010.6399999999992,1010.6399999999992,1010.6399999999992,1010.6399999999992,1010.6399999999992,1010.6399999999992,1010.6399999999992,1010.6399999999992,1010.6399999999992,1010.6399999999992,1010.6399999999992,1010.6399999999992,1010.6399999999992,1010.6399999999992,1006.4500000000072,1010.6399999999992,1006.4500000000072,1010.6399999999992,1006.4500000000072,1006.4500000000072,1006.4500000000072,1006.4500000000072,1006.4500000000072,1006.4500000000072,1006.4500000000072,1006.4500000000072,1006.4500000000072,1006.4500000000072,1006.4500000000072,1006.4500000000072,1006.4500000000072,1006.4500000000072,1006.4500000000072,1006.4500000000072,1006.4500000000072,1006.4500000000072,1006.4500000000072,1006.4500000000072,1006.4500000000072,1006.4500000000072,1006.4500000000072,1010.6399999999992,1006.4500000000072,1006.4500000000072,1006.4500000000072,1006.4500000000072,1006.4500000000072,1006.4500000000072,1006.4500000000072,1006.4500000000072,1006.4500000000072,1006.4600000000072,1006.4600000000072,1006.4600000000072,1006.4600000000072,1006.4600000000072,1006.4600000000072,1006.4600000000072,1006.4600000000072,1006.4600000000072,1006.4600000000072,1006.4600000000072,1006.4600000000072,1006.4600000000072,1006.4600000000072,1006.4600000000072,1010.7499999999991,1006.4600000000072,1010.7499999999991,1006.4600000000072,1010.7499999999991,1006.4600000000072,1010.7499999999991,1006.4600000000072,1010.7499999999991,1006.4600000000072,1010.7499999999991,1006.4600000000072,1010.7499999999991,1006.4600000000072,1010.7499999999991,1006.4600000000072,1010.7499999999991,1006.4600000000072,1010.7499999999991,1006.4600000000072,1010.7499999999991,1006.4600000000072,1010.7499999999991,1006.4600000000072,1010.7499999999991,1006.4600000000072,1010.7499999999991,1006.4600000000072,1010.7499999999991,1006.4600000000072,1010.7499999999991,1010.7499999999991,1006.4600000000072,1010.7499999999991,1006.4600000000072,1010.7499999999991,1006.4600000000072,1010.7499999999991,1006.4600000000072,1010.7499999999991,1006.4600000000072,1010.7499999999991,1010.7499999999991,1010.7499999999991,1010.7499999999991,1010.7499999999991,1010.7499999999991,1010.7499999999991,1010.7499999999991,1010.7499999999991,1010.7499999999991,1010.7499999999991,1010.7499999999991,1010.7499999999991,1010.7499999999991,1010.7499999999991,1010.7499999999991,1010.7499999999991,1010.7499999999991,1010.7499999999991,1010.7499999999991,1010.7499999999991,1006.5500000000073,1010.7499999999991,1006.5500000000073,1010.7499999999991,1010.7499999999991,1010.7499999999991,1010.7499999999991,1010.7499999999991,1010.7499999999991,1010.7499999999991,1010.7499999999991,1010.7499999999991,1010.7499999999991,1010.7499999999991,1010.7499999999991,1010.7499999999991,1010.7499999999991,1010.7499999999991,1010.7499999999991,1010.7499999999991,1010.7499999999991,1010.7499999999991,1006.6400000000073,1006.6400000000073,1006.6400000000073,1006.6400000000073,1006.6400000000073,1006.6400000000073,1006.6500000000073,1006.6500000000073,1006.6500000000073,1006.6500000000073,1006.6500000000073,1006.6500000000073,1006.6500000000073,1006.6500000000073,1006.6500000000073,1006.6500000000073,1006.6500000000073,1006.6500000000073,1006.6500000000073,1006.6500000000073,1006.6500000000073,1006.6500000000073,1006.6500000000073,1006.6500000000073,1006.7400000000072,1006.7400000000072,1006.7400000000072,1006.7400000000072,1006.7400000000072,1006.7400000000072,1006.7400000000072,1010.9699999999991,1010.9699999999991,1006.8300000000071,1011.079999999999,1011.079999999999,1011.079999999999,1011.089999999999,1011.089999999999,1011.089999999999,1011.089999999999,1011.089999999999,1011.099999999999,1011.099999999999,1011.099999999999,1011.099999999999,1011.099999999999,1011.099999999999,1011.099999999999,1011.099999999999,1011.099999999999,1011.099999999999,1011.099999999999,1011.099999999999,1011.099999999999,1011.099999999999,1011.099999999999,1011.099999999999,1011.099999999999,1011.099999999999,1011.099999999999,1011.099999999999,1011.099999999999,1011.109999999999,1011.109999999999,1011.109999999999,1011.109999999999,1011.109999999999,1011.109999999999,1011.109999999999,1011.109999999999,1011.109999999999,1007.1000000000071,1007.1000000000071,1007.1000000000071,1007.1000000000071,1007.1000000000071,1007.1000000000071,1011.109999999999,1007.1000000000071,1011.109999999999,1007.1000000000071,1011.109999999999,1007.1000000000071,1007.1000000000071,1007.1000000000071,1007.1000000000071,1007.1100000000071,1011.2199999999991,1007.2000000000072,1011.2199999999991,1007.2000000000072,1011.2199999999991,1007.2000000000072,1011.2199999999991,1007.2000000000072,1011.2199999999991,1011.2199999999991,1007.2000000000072,1011.2199999999991,1007.2000000000072,1011.2199999999991,1007.2000000000072,1011.2199999999991,1007.2000000000072,1011.2199999999991,1007.2000000000072,1011.2199999999991,1007.2000000000072,1011.2199999999991,1007.2000000000072,1011.2199999999991,1007.2000000000072,1011.2199999999991,1007.2000000000072,1011.2199999999991,1007.2000000000072,1011.2199999999991,1007.2000000000072,1011.2199999999991,1007.2000000000072,1011.2199999999991,1007.2000000000072,1007.2000000000072,1007.2000000000072,1007.2000000000072,1007.2000000000072,1007.2000000000072,1007.2000000000072,1007.2000000000072,1011.3399999999992,1011.3399999999992,1011.3399999999992,1011.3399999999992,1007.2900000000071,1011.3399999999992,1011.3399999999992,1007.2900000000071,1011.3399999999992,1007.2900000000071,1011.3399999999992,1007.2900000000071,1011.3399999999992,1007.2900000000071,1011.3399999999992,1007.2900000000071,1011.3399999999992,1007.2900000000071,1011.3399999999992,1007.2900000000071,1011.3399999999992,1007.2900000000071,1011.3399999999992,1007.2900000000071,1011.3399999999992,1007.2900000000071,1007.2900000000071,1007.2900000000071,1007.2900000000071,1007.2900000000071,1007.2900000000071,1007.2900000000071,1007.2900000000071,1007.2900000000071,1007.2900000000071,1007.2900000000071,1007.2900000000071,1007.2900000000071,1007.2900000000071,1007.2900000000071,1007.2900000000071,1007.2900000000071,1007.2900000000071,1007.2900000000071,1007.2900000000071,1007.2900000000071,1007.2900000000071,1007.2900000000071,1007.2900000000071,1011.4499999999991,1007.2900000000071,1011.4499999999991,1007.2900000000071,1007.2900000000071,1007.2900000000071,1007.2900000000071,1007.2900000000071,1007.2900000000071,1007.2900000000071,1007.2900000000071,1007.2900000000071,1007.3000000000071,1007.3000000000071,1007.3000000000071,1007.3000000000071,1007.3000000000071,1011.5699999999993,1011.5699999999993,1011.5699999999993,1011.5699999999993,1011.5699999999993,1011.5799999999992,1011.5799999999992,1011.5799999999992,1011.5799999999992,1011.5799999999992,1007.4000000000073,1011.5799999999992,1007.4000000000073,1011.5799999999992,1007.4000000000073,1011.5799999999992,1011.5899999999992,1011.5899999999992,1011.5899999999992,1011.5899999999992,1011.5899999999992,1011.5899999999992,1011.5899999999992,1011.5899999999992,1011.5899999999992,1011.5899999999992,1011.5899999999992,1011.5899999999992,1011.5899999999992,1011.5899999999992,1011.5899999999992,1011.5899999999992,1011.5899999999992,1011.5899999999992,1011.5899999999992,1011.5899999999992,1011.5899999999992,1011.5899999999992,1007.5000000000072,1011.5899999999992,1007.5000000000072,1011.5899999999992,1007.5000000000072,1011.5899999999992,1007.5000000000072,1011.5899999999992,1007.5000000000072,1011.5899999999992,1007.5000000000072,1011.5899999999992,1007.5000000000072,1011.5899999999992,1007.5000000000072,1011.5899999999992,1007.5000000000072,1011.5899999999992,1007.5000000000072,1011.5899999999992,1011.5899999999992,1007.5000000000072,1011.5899999999992,1007.5000000000072,1011.5899999999992,1007.5000000000072,1011.5899999999992,1007.5000000000072,1011.5899999999992,1007.5000000000072,1011.5899999999992,1011.5899999999992,1011.5899999999992,1011.5899999999992,1011.5899999999992,1011.5899999999992,1011.5899999999992,1011.5899999999992,1011.5899999999992,1011.5899999999992,1011.5899999999992,1011.5899999999992,1011.5899999999992,1011.5899999999992,1011.5899999999992,1011.5899999999992,1011.5899999999992,1011.5899999999992,1011.5899999999992,1011.5899999999992,1011.5899999999992,1011.5899999999992,1011.5899999999992,1011.5899999999992,1011.5899999999992,1011.5899999999992,1011.5899999999992,1011.5899999999992,1011.5899999999992,1011.5899999999992,1011.5899999999992,1011.5899999999992,1011.5899999999992,1011.5899999999992,1011.5899999999992,1011.5899999999992,1011.5899999999992,1011.5899999999992,1011.5899999999992,1011.5899999999992,1011.5999999999992,1011.5999999999992,1011.5999999999992,1011.5999999999992,1007.6900000000072,1011.5999999999992,1007.6900000000072,1011.5999999999992,1011.5999999999992,1007.6900000000072,1011.5999999999992,1007.6900000000072,1011.5999999999992,1007.6900000000072,1011.5999999999992,1007.6900000000072,1011.6099999999992,1007.6900000000072,1011.6099999999992,1007.6900000000072,1011.6099999999992,1007.6900000000072,1011.6099999999992,1007.6900000000072,1011.6099999999992,1011.6199999999992,1007.6900000000072,1011.6199999999992,1007.6900000000072,1011.6199999999992,1007.6900000000072,1011.6199999999992,1007.6900000000072,1011.6199999999992,1007.6900000000072,1011.6199999999992,1007.6900000000072,1011.6199999999992,1007.6900000000072,1011.6199999999992,1007.6900000000072,1011.6199999999992,1007.6900000000072,1011.6199999999992,1007.6900000000072,1011.6199999999992,1007.6900000000072,1011.6199999999992,1007.6900000000072,1011.6199999999992,1007.6900000000072,1011.6199999999992,1007.6900000000072,1011.6199999999992,1011.6199999999992,1007.6900000000072,1011.6199999999992,1007.6900000000072,1011.6299999999992,1007.6900000000072,1011.6299999999992,1007.6900000000072,1011.6299999999992,1007.6900000000072,1011.6299999999992,1007.6900000000072,1011.6299999999992,1007.6900000000072,1011.6299999999992,1007.6900000000072,1011.6299999999992,1007.6900000000072,1011.6399999999992,1007.6900000000072,1011.6399999999992,1007.6900000000072,1011.6399999999992,1011.6399999999992,1007.6900000000072,1011.6399999999992,1007.6900000000072,1011.6499999999992,1007.6900000000072,1011.6499999999992,1011.6499999999992,1011.6499999999992,1011.6499999999992,1011.6499999999992,1011.6499999999992,1011.6499999999992,1007.7800000000071,1007.7800000000071,1007.7800000000071,1007.7800000000071,1007.7800000000071,1007.7800000000071,1007.7800000000071,1007.7800000000071,1007.7800000000071,1007.7800000000071,1007.7800000000071,1007.7800000000071,1007.7800000000071,1007.7800000000071,1011.8799999999992,1007.7800000000071,1011.8799999999992,1007.7800000000071,1011.8799999999992,1007.7800000000071,1011.8799999999992,1011.8799999999992,1011.8799999999992,1011.8799999999992,1011.8799999999992,1011.8799999999992,1011.8799999999992,1011.8799999999992,1011.8799999999992,1011.8799999999992,1011.8799999999992,1011.8799999999992,1011.8799999999992,1011.8799999999992,1011.8799999999992,1011.8799999999992,1011.8799999999992,1011.8799999999992,1011.8799999999992,1007.870000000007,1007.870000000007,1007.870000000007,1007.870000000007,1007.870000000007,1007.870000000007,1007.870000000007,1007.870000000007,1007.870000000007,1007.870000000007,1007.870000000007,1007.870000000007,1007.870000000007,1007.870000000007,1007.870000000007,1007.870000000007,1007.870000000007,1007.870000000007,1007.870000000007,1007.870000000007,1007.870000000007,1011.8799999999992,1007.870000000007,1011.8799999999992,1007.870000000007,1011.8799999999992,1007.870000000007,1011.8799999999992,1007.870000000007,1011.8799999999992,1007.870000000007,1011.8799999999992,1007.870000000007,1011.8799999999992,1007.870000000007,1011.8799999999992,1007.870000000007,1007.870000000007,1007.870000000007,1007.870000000007,1007.970000000007,1007.970000000007,1007.970000000007,1007.970000000007,1007.970000000007,1007.970000000007,1007.970000000007,1007.970000000007,1007.970000000007,1007.970000000007,1007.970000000007,1007.970000000007,1007.970000000007,1011.9999999999991,1011.9999999999991,1011.9999999999991,1011.9999999999991,1011.9999999999991,1011.9999999999991,1011.9999999999991,1011.9999999999991,1011.9999999999991,1011.9999999999991,1011.9999999999991,1011.9999999999991,1011.9999999999991,1011.9999999999991,1011.9999999999991,1011.9999999999991,1011.9999999999991,1011.9999999999991,1011.9999999999991,1011.9999999999991,1012.0099999999991,1012.0099999999991,1012.0099999999991,1012.0099999999991,1012.0099999999991,1012.0099999999991,1012.0099999999991,1012.0099999999991,1008.0700000000071,1008.0700000000071,1008.0700000000071,1008.0700000000071,1008.1700000000072,1008.1700000000072,1008.1700000000072,1008.1700000000072,1008.1700000000072,1008.1700000000072,1008.1700000000072,1008.1700000000072,1008.1700000000072,1008.1700000000072,1008.1700000000072,1008.1700000000072,1008.1700000000072,1008.1700000000072,1008.2600000000072,1008.2600000000072,1008.2600000000072,1008.2600000000072,1008.2600000000072,1008.2600000000072,1008.2600000000072,1008.2600000000072,1008.2600000000072,1008.2700000000074,1008.2700000000074,1008.2700000000074,1008.2700000000074,1008.2700000000074,1008.2700000000074,1008.2700000000074,1012.3699999999992,1012.3699999999992,1012.3699999999992,1012.3699999999992,1012.3699999999992,1012.3799999999992,1012.3799999999992,1012.3799999999992,1012.3799999999992,1012.3799999999992,1012.3799999999992,1012.3799999999992,1012.3799999999992,1012.3799999999992,1012.3799999999992,1012.3799999999992,1012.3799999999992,1012.3799999999992,1012.3799999999992,1012.3799999999992,1012.3799999999992,1012.3799999999992,1012.3799999999992,1012.3799999999992,1012.3799999999992,1012.3799999999992,1012.3799999999992,1012.3799999999992,1012.3799999999992,1012.3799999999992,1012.3799999999992,1012.3799999999992,1012.3799999999992,1012.3799999999992,1012.3799999999992,1012.3799999999992,1012.3799999999992,1012.3799999999992,1012.3799999999992,1012.3799999999992,1012.3799999999992,1012.3799999999992,1012.3799999999992,1012.3799999999992,1012.3799999999992,1012.3799999999992,1008.4700000000072,1012.3899999999992,1008.4700000000072,1012.3899999999992,1008.4700000000072,1012.3899999999992,1008.4700000000072,1012.3899999999992,1008.4700000000072,1012.3899999999992,1008.4700000000072,1012.3899999999992,1008.4700000000072,1012.3899999999992,1008.4700000000072,1012.3999999999992,1008.4700000000072,1012.3999999999992,1012.3999999999992,1008.4800000000072,1012.3999999999992,1008.4800000000072,1012.3999999999992,1008.4800000000072,1012.3999999999992,1008.4800000000072,1012.3999999999992,1008.4800000000072,1012.4099999999992,1008.4800000000072,1012.4099999999992,1008.4800000000072,1012.4099999999992,1008.4800000000072,1008.5800000000073,1008.5800000000073,1008.5800000000073,1008.5800000000073,1008.5800000000073,1008.5800000000073,1008.5800000000073,1008.5800000000073,1008.5800000000073,1008.5800000000073,1008.5800000000073,1008.5800000000073,1008.5800000000073,1008.5800000000073,1008.5800000000073,1008.5800000000073,1012.6499999999992,1012.6499999999992,1012.6499999999992,1012.6499999999992,1012.6499999999992,1012.6499999999992,1012.6499999999992,1012.6499999999992,1012.6499999999992,1012.6499999999992,1008.6800000000072,1012.6499999999992,1008.6800000000072,1012.6499999999992,1008.6800000000072,1012.6499999999992,1008.6800000000072,1012.6499999999992,1008.6800000000072,1012.6499999999992,1008.6800000000072,1012.6499999999992,1008.6800000000072,1012.6499999999992,1012.6499999999992,1008.6800000000072,1012.6499999999992,1008.6800000000072,1012.6499999999992,1008.6800000000072,1012.6499999999992,1008.6800000000072,1012.6499999999992,1008.6800000000072,1012.6499999999992,1008.6800000000072,1012.6499999999992,1008.6800000000072,1012.6499999999992,1008.6800000000072,1012.6499999999992,1012.6499999999992,1012.6499999999992,1012.6499999999992,1008.7800000000071,1008.7800000000071,1008.7800000000071,1008.7800000000071,1008.7800000000071,1008.7800000000071,1008.7800000000071,1008.7800000000071,1008.7800000000071,1008.7800000000071,1008.7800000000071,1008.7800000000071,1008.7800000000071,1008.7800000000071,1008.7800000000071,1008.7800000000071,1008.7800000000071,1008.7800000000071,1008.7800000000071,1008.7800000000071,1008.7800000000071,1008.7800000000071,1008.7800000000071,1008.7800000000071,1008.7800000000071,1008.7800000000071,1008.7800000000071,1008.7800000000071,1008.7800000000071,1008.7800000000071,1008.7800000000071,1008.7900000000071,1008.7900000000071,1012.8899999999992,1008.7900000000071,1012.8899999999992,1008.7900000000071,1012.8899999999992,1008.7900000000071,1012.8899999999992,1008.7900000000071,1012.8899999999992,1008.7900000000071,1012.8899999999992,1008.7900000000071,1012.8899999999992,1008.7900000000071,1012.8899999999992,1012.8899999999992,1012.8899999999992,1012.8899999999992,1012.8899999999992,1012.8899999999992,1012.8899999999992,1012.8899999999992,1012.8899999999992,1012.8899999999992,1012.8899999999992,1012.8899999999992,1012.8899999999992,1012.8899999999992,1012.8899999999992,1012.8899999999992,1012.8899999999992,1012.8899999999992,1012.8899999999992,1012.8899999999992,1012.8899999999992,1012.8899999999992,1012.8899999999992,1012.8899999999992,1008.900000000007,1012.8899999999992,1008.900000000007,1012.8899999999992,1012.8899999999992,1008.900000000007,1012.8899999999992,1008.900000000007,1012.8899999999992,1008.900000000007,1012.8899999999992,1008.900000000007,1012.8899999999992,1008.900000000007,1012.8899999999992,1008.900000000007,1012.8899999999992,1008.900000000007,1012.8899999999992,1008.900000000007,1012.8899999999992,1008.900000000007,1012.8899999999992,1008.900000000007,1012.8899999999992,1012.8899999999992,1008.900000000007,1012.8899999999992,1008.900000000007,1012.8899999999992,1008.900000000007,1012.8899999999992,1008.900000000007,1012.8899999999992,1012.8899999999992,1012.8899999999992,1012.8899999999992,1012.8899999999992,1012.8899999999992,1012.8899999999992,1012.8899999999992,1012.8899999999992,1012.8899999999992,1012.8899999999992,1012.8899999999992,1012.8899999999992,1012.8899999999992,1012.8899999999992,1012.8899999999992,1012.8899999999992,1012.8899999999992,1012.8899999999992,1012.8899999999992,1012.8899999999992,1012.8899999999992,1012.8899999999992,1012.8899999999992,1008.900000000007,1012.8899999999992,1008.900000000007,1012.8899999999992,1008.900000000007,1012.8899999999992,1012.8899999999992,1008.900000000007,1012.8899999999992,1008.900000000007,1012.8899999999992,1008.900000000007,1012.8899999999992,1008.900000000007,1012.8899999999992,1008.900000000007,1012.8899999999992,1008.900000000007,1012.8899999999992,1008.900000000007,1012.8899999999992,1008.900000000007,1012.8899999999992,1008.900000000007,1012.8899999999992,1008.900000000007,1012.8899999999992,1008.900000000007,1012.8899999999992,1012.8899999999992,1008.900000000007,1012.8899999999992,1008.900000000007,1012.8899999999992,1008.900000000007,1012.8899999999992,1008.900000000007,1012.8899999999992,1008.900000000007,1012.8899999999992,1008.900000000007,1012.8899999999992,1008.900000000007,1012.8899999999992,1008.900000000007,1012.8899999999992,1008.900000000007,1012.8899999999992,1008.900000000007,1012.8899999999992,1008.900000000007,1012.8899999999992,1008.900000000007,1012.8899999999992,1008.900000000007,1012.8899999999992,1008.900000000007,1012.8899999999992,1012.8899999999992,1008.900000000007,1012.8899999999992,1008.900000000007,1012.8899999999992,1008.900000000007,1012.8899999999992,1008.900000000007,1012.8899999999992,1008.900000000007,1012.8899999999992,1008.900000000007,1012.8899999999992,1008.900000000007,1012.8899999999992,1008.900000000007,1012.8899999999992,1008.900000000007,1012.8899999999992,1008.900000000007,1012.8899999999992,1008.900000000007,1012.8899999999992,1008.900000000007,1012.8899999999992,1008.900000000007,1012.8899999999992,1008.900000000007,1012.8899999999992,1008.900000000007,1012.8899999999992,1008.900000000007,1012.8899999999992,1008.900000000007,1012.8899999999992,1008.900000000007,1012.8899999999992,1008.900000000007,1012.8899999999992,1008.900000000007,1012.8899999999992,1008.900000000007,1012.8899999999992,1008.900000000007,1012.8899999999992,1008.900000000007,1012.8899999999992,1012.8899999999992,1008.900000000007,1012.8899999999992,1008.900000000007,1012.8899999999992,1008.900000000007,1012.8899999999992,1008.910000000007,1012.8899999999992,1008.910000000007,1012.8899999999992,1008.910000000007,1012.8899999999992,1008.910000000007,1012.8899999999992,1008.910000000007,1012.8899999999992,1008.910000000007,1012.8899999999992,1008.910000000007,1012.8899999999992,1008.910000000007,1012.8899999999992,1008.910000000007,1012.8899999999992,1008.910000000007,1012.8899999999992,1008.910000000007,1012.8899999999992,1008.910000000007,1008.910000000007,1008.910000000007,1008.910000000007,1008.910000000007,1008.910000000007,1008.910000000007,1008.910000000007,1008.910000000007,1008.910000000007,1008.910000000007,1008.910000000007,1008.910000000007,1008.910000000007,1008.910000000007,1009.0100000000072,1009.0100000000072,1009.0100000000072,1009.0100000000072,1009.0100000000072,1009.0100000000072,1009.0100000000072,1009.0100000000072,1009.0100000000072,1013.1299999999992,1013.1299999999992,1013.1299999999992,1013.1299999999992,1013.1299999999992,1013.1299999999992,1013.1299999999992,1013.1299999999992,1013.1299999999992,1013.1299999999992,1013.1299999999992,1013.1299999999992,1013.1299999999992,1013.1299999999992,1013.1299999999992,1009.120000000007,1009.120000000007,1009.120000000007,1009.120000000007,1009.120000000007,1009.120000000007,1009.120000000007,1009.120000000007,1009.120000000007,1009.120000000007,1009.120000000007,1009.120000000007,1009.120000000007,1009.120000000007,1009.120000000007,1009.120000000007,1009.120000000007,1009.120000000007,1009.120000000007,1009.120000000007,1009.120000000007,1009.120000000007,1009.120000000007,1009.120000000007,1013.2499999999993,1009.120000000007,1013.2499999999993,1009.120000000007,1013.2499999999993,1009.120000000007,1013.2499999999993,1009.130000000007,1013.2499999999993,1009.130000000007,1013.2499999999993,1009.130000000007,1013.2499999999993,1009.130000000007,1013.2499999999993,1009.130000000007,1013.2499999999993,1009.130000000007,1013.2499999999993,1009.130000000007,1013.2499999999993,1009.130000000007,1013.2499999999993,1009.130000000007,1013.2499999999993,1009.130000000007,1013.2499999999993,1009.130000000007,1013.2499999999993,1009.130000000007,1013.2499999999993,1009.130000000007,1013.2499999999993,1013.2499999999993,1013.2499999999993,1013.2499999999993,1013.2499999999993,1013.2499999999993,1013.2499999999993,1013.2499999999993,1013.2499999999993,1013.2499999999993,1013.2499999999993,1013.2499999999993,1013.2499999999993,1013.2499999999993,1013.2499999999993,1013.2499999999993,1013.2499999999993,1013.2499999999993,1013.2499999999993,1013.2499999999993,1013.2499999999993,1013.2499999999993,1013.2499999999993,1013.2499999999993,1009.240000000007,1013.2499999999993,1009.240000000007,1013.2499999999993,1009.240000000007,1013.2499999999993,1009.240000000007,1013.2499999999993,1009.2500000000069,1013.2499999999993,1009.2500000000069,1013.2499999999993,1009.2500000000069,1013.2499999999993,1013.2499999999993,1009.2500000000069,1013.2499999999993,1009.2500000000069,1013.2499999999993,1009.2500000000069,1013.2499999999993,1009.2500000000069,1013.2499999999993,1009.2500000000069,1013.2599999999993,1009.2500000000069,1013.2599999999993,1009.2500000000069,1013.2599999999993,1009.2500000000069,1013.2599999999993,1009.2500000000069,1013.2599999999993,1009.2500000000069,1013.2599999999993,1009.2500000000069,1013.2599999999993,1013.2699999999993,1009.2500000000069,1013.2699999999993,1009.2500000000069,1013.2699999999993,1009.2500000000069,1013.2699999999993,1009.2500000000069,1013.2699999999993,1009.2500000000069,1013.2699999999993,1009.2500000000069,1013.2699999999993,1009.2500000000069,1013.2699999999993,1009.2500000000069,1013.2699999999993,1009.2500000000069,1013.2699999999993,1009.2500000000069,1013.2699999999993,1009.2500000000069,1013.2699999999993,1009.2500000000069,1013.2699999999993,1009.2500000000069,1013.2699999999993,1009.2500000000069,1013.2699999999993,1009.2500000000069,1013.2699999999993,1013.2699999999993,1009.2500000000069,1013.2699999999993,1009.2500000000069,1013.2699999999993,1009.2500000000069,1013.2699999999993,1009.2500000000069,1013.2699999999993,1009.2500000000069,1013.2699999999993,1009.2500000000069,1013.2699999999993,1009.2600000000069,1013.2699999999993,1009.2600000000069,1013.2699999999993,1009.2600000000069,1013.2699999999993,1009.2600000000069,1013.2699999999993,1013.2699999999993,1013.2699999999993,1013.2699999999993,1013.2699999999993,1013.2699999999993,1013.2699999999993,1013.2699999999993,1013.2799999999993,1013.2799999999993,1013.2799999999993,1013.2799999999993,1013.2799999999993,1013.2799999999993,1013.2799999999993,1013.2799999999993,1013.2899999999993,1013.2899999999993,1013.2899999999993,1013.2899999999993,1013.2899999999993,1013.2899999999993,1013.2899999999993,1013.2899999999993,1013.2899999999993,1009.370000000007,1013.2899999999993,1009.370000000007,1013.2899999999993,1009.370000000007,1013.2899999999993,1009.370000000007,1013.2899999999993,1009.370000000007,1013.2899999999993,1013.2899999999993,1009.370000000007,1013.2899999999993,1009.370000000007,1013.2899999999993,1009.370000000007,1013.2899999999993,1009.370000000007,1013.2899999999993,1009.370000000007,1013.2899999999993,1009.370000000007,1013.2999999999993,1009.370000000007,1013.2999999999993,1009.370000000007,1013.2999999999993,1009.370000000007,1009.370000000007,1009.370000000007,1009.380000000007,1009.380000000007,1009.380000000007,1009.380000000007,1009.380000000007,1009.380000000007,1009.380000000007,1009.380000000007,1009.480000000007,1009.480000000007,1009.480000000007,1009.480000000007,1009.480000000007,1013.5399999999993,1013.5399999999993,1009.5800000000069,1009.5800000000069,1009.5800000000069,1009.5800000000069,1009.5800000000069,1009.5800000000069,1009.5800000000069,1009.5800000000069,1009.5800000000069,1009.5800000000069,1009.5800000000069,1009.5800000000069,1009.5800000000069,1009.5800000000069,1009.5800000000069,1009.5800000000069,1009.5800000000069,1009.5800000000069,1013.6699999999992,1009.5800000000069,1013.6699999999992,1009.5800000000069,1013.6799999999994,1009.5900000000069,1013.6799999999994,1009.5900000000069,1013.6799999999994,1009.5900000000069,1013.6799999999994,1009.5900000000069,1013.6799999999994,1009.5900000000069,1013.6799999999994,1009.5900000000069,1013.6799999999994,1009.5900000000069,1013.6799999999994,1009.5900000000069,1013.6799999999994,1009.5900000000069,1013.6799999999994,1009.5900000000069,1013.6799999999994,1009.5900000000069,1013.6799999999994,1009.5900000000069,1013.6799999999994,1009.5900000000069,1013.6799999999994,1009.5900000000069,1013.6799999999994,1009.5900000000069,1013.6799999999994,1009.5900000000069,1013.6899999999994,1013.6899999999994,1009.5900000000069,1013.6899999999994,1009.5900000000069,1013.6899999999994,1009.5900000000069,1013.6899999999994,1009.5900000000069,1013.6899999999994,1009.5900000000069,1013.6899999999994,1009.5900000000069,1013.6899999999994,1009.5900000000069,1013.6899999999994,1009.6000000000068,1013.6899999999994,1009.6000000000068,1013.6899999999994,1009.6000000000068,1013.6899999999994,1009.6000000000068,1013.6899999999994,1009.6000000000068,1013.6899999999994,1013.6899999999994,1013.6899999999994,1013.6899999999994,1013.6899999999994,1013.6899999999994,1013.6899999999994,1013.6899999999994,1013.6899999999994,1013.6899999999994,1013.6899999999994,1013.6899999999994,1013.6899999999994,1013.6899999999994,1013.6899999999994,1013.6899999999994,1013.6899999999994,1013.6899999999994,1013.6899999999994,1013.6899999999994,1013.6899999999994,1013.6899999999994,1013.6999999999994,1013.6999999999994,1013.6999999999994,1013.6999999999994,1013.6999999999994,1013.6999999999994,1013.6999999999994,1013.6999999999994,1013.6999999999994,1013.6999999999994,1013.6999999999994,1013.6999999999994,1013.6999999999994,1013.6999999999994,1013.6999999999994,1013.6999999999994,1013.6999999999994,1013.6999999999994,1013.6999999999994,1013.6999999999994,1013.6999999999994,1013.6999999999994,1013.6999999999994,1013.7099999999994,1013.7099999999994,1013.7099999999994,1009.7100000000067,1013.7099999999994,1009.7100000000067,1013.7099999999994,1013.7099999999994,1009.7100000000067,1013.7099999999994,1009.7100000000067,1013.7099999999994,1009.7100000000067,1013.7099999999994,1009.7100000000067,1013.7099999999994,1009.7100000000067,1013.7099999999994,1009.7100000000067,1013.7099999999994,1009.7100000000067,1013.7099999999994,1009.7100000000067,1013.7099999999994,1009.7100000000067,1009.7100000000067,1009.7100000000067,1009.7100000000067,1009.7100000000067,1009.7100000000067,1009.7100000000067,1009.7100000000067,1009.7100000000067,1009.7200000000067,1009.7200000000067,1009.7200000000067,1009.7200000000067,1009.7200000000067,1009.7300000000067,1009.7300000000067,1009.7300000000067,1009.7300000000067,1009.7300000000067,1009.7300000000067,1009.7300000000067,1009.7400000000067,1009.7400000000067,1009.7400000000067,1009.7400000000067,1009.7400000000067,1009.7400000000067,1013.8399999999992,1009.7400000000067,1013.8399999999992,1009.7400000000067,1013.8399999999992,1009.7400000000067,1013.8399999999992,1009.7400000000067,1013.8399999999992,1009.7400000000067,1013.8399999999992,1009.7400000000067,1013.8399999999992,1009.7400000000067,1013.8399999999992,1013.8399999999992,1013.8399999999992,1013.8399999999992,1013.8399999999992,1013.8399999999992,1013.8399999999992,1013.8399999999992,1013.8399999999992,1013.8399999999992,1013.8399999999992,1013.8399999999992,1013.8399999999992,1013.8399999999992,1013.8399999999992,1013.8399999999992,1013.8399999999992,1013.8399999999992,1013.8399999999992,1013.8399999999992,1013.8399999999992,1013.8399999999992,1013.8399999999992,1013.8399999999992,1013.8499999999992,1013.8499999999992,1009.8500000000068,1013.8499999999992,1009.8500000000068,1013.8499999999992,1009.8500000000068,1013.8499999999992,1009.8500000000068,1013.8499999999992,1013.8499999999992,1009.8500000000068,1013.8499999999992,1009.8500000000068,1013.8499999999992,1009.8500000000068,1013.8499999999992,1009.8500000000068,1013.8499999999992,1009.8500000000068,1013.8499999999992,1009.8500000000068,1013.8499999999992,1013.8499999999992,1013.8499999999992,1013.8599999999992,1013.8599999999992,1013.8599999999992,1013.8599999999992,1013.8599999999992,1013.8599999999992,1013.8599999999992,1013.8599999999992,1013.8599999999992,1013.8599999999992,1013.8599999999992,1013.8599999999992,1013.8599999999992,1013.8599999999992,1013.8599999999992,1013.8599999999992,1013.8599999999992,1013.8599999999992,1013.8599999999992,1013.8599999999992,1013.8599999999992,1013.8599999999992,1013.8599999999992,1009.960000000007,1013.8599999999992,1009.960000000007,1013.8599999999992,1009.960000000007,1013.8599999999992,1009.960000000007,1013.8599999999992,1009.960000000007,1013.8599999999992,1009.960000000007,1013.8599999999992,1009.970000000007,1013.8599999999992,1009.970000000007,1013.8699999999992,1013.8699999999992,1013.8699999999992,1013.8699999999992,1013.8699999999992,1013.8699999999992,1013.8699999999992,1013.8699999999992,1013.8699999999992,1013.8699999999992,1013.8699999999992,1013.8699999999992,1013.8699999999992,1013.8699999999992,1013.8699999999992,1013.8699999999992,1013.8699999999992,1013.8699999999992,1013.8699999999992,1013.8699999999992,1013.8699999999992,1013.8699999999992,1013.8699999999992,1013.8699999999992,1013.8699999999992,1013.8699999999992,1009.970000000007,1013.8699999999992,1009.970000000007,1013.8699999999992,1009.970000000007,1013.8799999999992,1009.970000000007,1013.8799999999992,1009.970000000007,1013.8799999999992,1009.970000000007,1013.8799999999992,1009.970000000007,1013.8799999999992,1013.8799999999992,1013.8799999999992,1013.8799999999992,1013.8799999999992,1013.8799999999992,1013.8799999999992,1013.8799999999992,1013.8799999999992,1013.8799999999992,1013.8799999999992,1013.8799999999992,1013.8799999999992,1013.8799999999992,1013.8799999999992,1013.8799999999992,1013.8799999999992,1013.8799999999992,1013.8799999999992,1013.8799999999992,1013.8799999999992,1013.8799999999992,1013.8799999999992,1013.8799999999992,1013.8799999999992,1013.8799999999992,1010.0700000000071,1013.8799999999992,1013.8799999999992,1010.0700000000071,1013.8799999999992,1010.0700000000071,1013.8799999999992,1013.8799999999992,1014.0099999999991,1014.0099999999991,1014.0099999999991,1014.0099999999991,1014.0099999999991,1010.2900000000071,1010.2900000000071,1014.1399999999992,1014.1399999999992,1014.1399999999992,1014.1399999999992,1014.1399999999992,1014.1399999999992,1014.1399999999992,1014.1399999999992,1014.1399999999992,1014.1399999999992,1014.1399999999992,1014.1399999999992,1014.1399999999992,1014.1399999999992,1014.1399999999992,1014.1399999999992,1014.1399999999992,1014.1399999999992,1014.1399999999992,1014.1399999999992,1014.1399999999992,1014.1399999999992,1014.1399999999992,1014.1399999999992,1014.1399999999992,1014.1399999999992,1014.1399999999992,1014.1399999999992,1014.1399999999992,1014.1399999999992,1014.1399999999992,1014.1399999999992,1014.1399999999992,1014.1399999999992,1014.1399999999992,1014.1399999999992,1014.1399999999992,1014.1399999999992,1014.1399999999992,1014.1399999999992,1014.1399999999992,1014.1399999999992,1014.1399999999992,1014.1399999999992,1014.1399999999992,1014.1399999999992,1014.1399999999992,1014.1399999999992,1014.1399999999992,1014.1499999999992,1014.1499999999992,1014.1499999999992,1014.1499999999992,1014.1499999999992,1014.1599999999992,1014.1599999999992,1014.1599999999992,1014.1599999999992,1014.1599999999992,1014.1699999999992,1014.1699999999992,1014.1699999999992,1014.1699999999992,1010.620000000007,1014.1699999999992,1010.620000000007,1014.1699999999992,1010.620000000007,1014.1699999999992,1010.620000000007,1014.1699999999992,1010.620000000007,1014.1699999999992,1010.620000000007,1014.1699999999992,1014.1699999999992,1014.1699999999992,1014.1699999999992,1014.1699999999992,1014.1699999999992,1014.1699999999992,1014.1699999999992,1014.1699999999992,1014.1699999999992,1014.1699999999992,1014.1699999999992,1014.1699999999992,1014.1699999999992,1014.1699999999992,1014.1699999999992,1014.1699999999992,1014.1699999999992,1014.1699999999992,1014.1799999999992,1014.1799999999992,1014.1799999999992,1014.1799999999992,1014.1799999999992,1014.1799999999992,1014.1799999999992,1014.1799999999992,1014.1799999999992,1014.1799999999992,1014.1799999999992,1014.1799999999992,1014.1799999999992,1014.1799999999992,1014.1799999999992,1014.1799999999992,1014.1799999999992,1014.1799999999992,1014.1799999999992,1014.1799999999992,1010.8400000000071,1010.8400000000071,1010.8400000000071,1010.8400000000071,1010.8400000000071,1010.8400000000071,1010.8400000000071,1010.8400000000071,1010.8400000000071,1010.8400000000071,1010.8400000000071,1010.8400000000071,1010.8400000000071,1010.8400000000071,1010.8400000000071,1010.8400000000071,1010.8400000000071,1010.8400000000071,1010.8400000000071,1014.4399999999991,1010.8400000000071,1014.4399999999991,1010.8400000000071,1014.4399999999991,1010.8500000000071,1014.4399999999991,1010.8500000000071,1014.4399999999991,1010.8500000000071,1014.4399999999991,1010.8500000000071,1014.4399999999991,1010.8500000000071,1014.4399999999991,1010.8500000000071,1014.4399999999991,1010.8500000000071,1014.4399999999991,1010.8500000000071,1014.4399999999991,1010.8500000000071,1014.4399999999991,1010.8500000000071,1014.4399999999991,1010.8500000000071,1014.4399999999991,1010.8600000000071,1014.4399999999991,1010.8600000000071,1014.4399999999991,1010.8600000000071,1014.4399999999991,1014.4399999999991,1010.8600000000071,1014.4399999999991,1010.8600000000071,1014.4399999999991,1010.8600000000071,1014.4399999999991,1010.8600000000071,1014.4399999999991,1010.8600000000071,1014.4399999999991,1010.8600000000071,1014.4399999999991,1010.8600000000071,1014.4399999999991,1010.8600000000071,1014.4399999999991,1010.8600000000071,1014.4399999999991,1010.8600000000071,1014.4399999999991,1010.8600000000071,1014.4399999999991,1010.8600000000071,1014.4399999999991,1010.8600000000071,1014.4399999999991,1010.8600000000071,1014.4399999999991,1010.8600000000071,1014.4499999999991,1010.8600000000071,1014.4499999999991,1010.8600000000071,1014.4499999999991,1014.4499999999991,1010.8600000000071,1014.4499999999991,1010.8600000000071,1014.4499999999991,1010.8600000000071,1014.4499999999991,1010.8600000000071,1014.4499999999991,1010.8600000000071,1014.4499999999991,1010.8600000000071,1014.4499999999991,1010.8600000000071,1014.4499999999991,1010.8600000000071,1014.4499999999991,1010.8600000000071,1014.4499999999991,1010.8600000000071,1014.4499999999991,1010.8600000000071,1014.4499999999991,1010.8600000000071,1014.4499999999991,1010.8600000000071,1014.4499999999991,1014.4499999999991,1010.8600000000071,1014.4499999999991,1014.4499999999991,1014.4499999999991,1014.4499999999991,1014.4499999999991,1014.4499999999991,1014.4499999999991,1014.4499999999991,1014.4499999999991,1014.4499999999991,1014.4499999999991,1014.4599999999991,1014.4599999999991,1014.4599999999991,1014.4599999999991,1014.4599999999991,1014.4599999999991,1014.4599999999991,1014.4599999999991,1014.4599999999991,1014.4599999999991,1014.4599999999991,1014.4599999999991,1014.4599999999991,1014.4599999999991,1014.4599999999991,1014.4599999999991,1014.4599999999991,1014.4599999999991,1014.4599999999991,1014.4599999999991,1014.4599999999991,1014.4599999999991,1014.4599999999991,1014.4599999999991,1014.4599999999991,1014.4599999999991,1014.4599999999991,1014.4599999999991,1014.4599999999991,1014.4599999999991,1014.4599999999991,1014.4599999999991,1014.4599999999991,1014.4599999999991,1014.4599999999991,1014.4599999999991,1014.4599999999991,1014.4599999999991,1014.4599999999991,1014.4599999999991,1011.0900000000071,1014.4599999999991,1011.0900000000071,1014.4599999999991,1011.0900000000071,1014.4599999999991,1011.0900000000071,1014.4599999999991,1011.0900000000071,1014.4599999999991,1011.0900000000071,1014.4599999999991,1014.4699999999991,1011.0900000000071,1014.4699999999991,1011.0900000000071,1014.4699999999991,1011.0900000000071,1014.4699999999991,1011.0900000000071,1014.4699999999991,1011.0900000000071,1014.4699999999991,1011.0900000000071,1014.4699999999991,1011.0900000000071,1014.4799999999991,1011.0900000000071,1014.4799999999991,1011.0900000000071,1014.4799999999991,1011.0900000000071,1014.4799999999991,1011.0900000000071,1014.4799999999991,1014.4799999999991,1011.0900000000071,1014.4799999999991,1011.0900000000071,1014.4799999999991,1011.0900000000071,1014.4799999999991,1011.0900000000071,1014.4799999999991,1011.0900000000071,1014.4799999999991,1011.0900000000071,1014.4799999999991,1011.0900000000071,1014.4799999999991,1011.0900000000071,1014.4799999999991,1011.0900000000071,1014.4799999999991,1011.0900000000071,1014.4799999999991,1011.0900000000071,1014.4799999999991,1011.0900000000071,1014.4799999999991,1014.4799999999991,1011.0900000000071,1014.4799999999991,1011.1000000000071,1011.1000000000071,1011.1000000000071,1011.1000000000071,1011.1000000000071,1014.4799999999991,1014.4799999999991,1011.2100000000072,1014.4799999999991,1011.2100000000072,1014.4799999999991,1011.2100000000072,1014.4799999999991,1011.2100000000072,1014.4799999999991,1011.2100000000072,1014.4799999999991,1011.2200000000072,1014.4799999999991,1014.4799999999991,1011.2200000000072,1014.4799999999991,1011.2200000000072,1014.4799999999991,1011.2200000000072,1014.4799999999991,1011.2200000000072,1014.4799999999991,1011.2200000000072,1014.4799999999991,1011.2200000000072,1014.4799999999991,1011.2200000000072,1014.4799999999991,1011.2200000000072,1014.4799999999991,1011.2200000000072,1014.4799999999991,1011.2200000000072,1014.4799999999991,1011.2200000000072,1014.4799999999991,1011.2200000000072,1014.4799999999991,1011.2200000000072,1014.4799999999991,1011.2200000000072,1014.4799999999991,1014.4799999999991,1011.2200000000072,1014.4799999999991,1011.2200000000072,1014.4799999999991,1011.2200000000072,1014.4799999999991,1011.2200000000072,1014.4799999999991,1011.2200000000072,1014.4799999999991,1011.2200000000072,1014.4799999999991,1011.2200000000072,1014.4799999999991,1011.2200000000072,1014.4799999999991,1011.2200000000072,1014.4799999999991,1011.2200000000072,1014.4799999999991,1011.2200000000072,1014.4799999999991,1011.2200000000072,1014.4799999999991,1011.2200000000072,1014.4799999999991,1011.2200000000072,1011.2300000000072,1011.2300000000072,1011.2300000000072,1011.2300000000072,1011.2300000000072,1011.2300000000072,1011.2300000000072,1011.2300000000072,1011.2300000000072,1011.2300000000072,1011.2300000000072,1011.2300000000072,1011.2300000000072,1014.7299999999991,1014.7299999999991,1014.7299999999991,1014.7299999999991,1014.7299999999991,1014.7299999999991,1014.7299999999991,1014.7299999999991,1014.7299999999991,1014.7299999999991,1011.2300000000072,1014.7299999999991,1011.2300000000072,1014.7299999999991,1011.2300000000072,1014.7299999999991,1011.2300000000072,1014.7299999999991,1011.2300000000072,1014.7299999999991,1011.2300000000072,1014.7299999999991,1011.2300000000072,1014.7299999999991,1011.2300000000072,1014.7299999999991,1014.7299999999991,1011.2300000000072,1014.7399999999991,1011.2300000000072,1014.7399999999991,1011.2300000000072,1014.7399999999991,1011.2300000000072,1014.7399999999991,1011.2300000000072,1014.7399999999991,1011.2300000000072,1014.7399999999991,1011.2300000000072,1014.7399999999991,1011.2300000000072,1014.7499999999991,1011.2300000000072,1014.7499999999991,1011.2300000000072,1014.7499999999991,1014.7499999999991,1011.2400000000072,1014.7499999999991,1011.2400000000072,1014.7499999999991,1011.2400000000072,1014.7499999999991,1011.2400000000072,1014.7499999999991,1011.2400000000072,1014.7499999999991,1011.2400000000072,1014.7499999999991,1011.2400000000072,1014.7499999999991,1011.2400000000072,1014.7499999999991,1011.2400000000072,1014.7499999999991,1011.2400000000072,1014.7499999999991,1014.7599999999991,1014.7599999999991,1014.7599999999991,1014.889999999999,1014.889999999999,1014.889999999999,1014.889999999999,1014.889999999999,1014.889999999999,1014.889999999999,1014.889999999999,1014.889999999999,1014.889999999999,1014.889999999999,1014.889999999999,1014.889999999999,1014.889999999999,1014.889999999999,1014.889999999999,1014.889999999999,1014.889999999999,1014.889999999999,1014.889999999999,1014.889999999999,1014.889999999999,1014.889999999999,1014.889999999999,1014.889999999999,1014.889999999999,1014.889999999999,1014.889999999999,1014.889999999999,1014.889999999999,1014.889999999999,1014.889999999999,1014.889999999999,1014.889999999999,1014.889999999999,1014.889999999999,1014.889999999999,1014.889999999999,1014.889999999999,1014.889999999999,1014.889999999999,1014.889999999999,1014.889999999999,1014.889999999999,1014.889999999999,1014.889999999999,1014.889999999999,1014.889999999999,1014.889999999999,1014.889999999999,1014.889999999999,1014.889999999999,1014.889999999999,1014.889999999999,1014.889999999999,1014.889999999999,1014.889999999999,1014.889999999999,1014.889999999999,1014.889999999999,1014.889999999999,1014.889999999999,1014.889999999999,1014.889999999999,1014.889999999999,1014.889999999999,1014.889999999999,1014.889999999999,1014.889999999999,1014.889999999999,1011.7100000000072,1014.889999999999,1011.7200000000072,1014.889999999999,1011.7200000000072,1014.889999999999,1014.889999999999,1014.889999999999,1014.889999999999,1014.889999999999,1014.889999999999,1014.889999999999,1014.889999999999,1014.889999999999,1014.889999999999,1014.889999999999,1014.889999999999,1014.889999999999,1014.889999999999,1014.889999999999,1014.889999999999,1014.889999999999,1014.889999999999,1014.889999999999,1014.889999999999,1014.889999999999,1014.889999999999,1014.889999999999,1014.889999999999,1014.889999999999,1014.889999999999,1011.8400000000071,1014.889999999999,1011.8400000000071,1014.889999999999,1014.889999999999,1011.8400000000071,1014.889999999999,1011.8400000000071,1014.889999999999,1011.8400000000071,1014.889999999999,1011.8400000000071,1014.889999999999,1011.8400000000071,1014.889999999999,1011.8400000000071,1014.889999999999,1011.8400000000071,1014.889999999999,1011.8400000000071,1014.889999999999,1011.8400000000071,1014.889999999999,1011.8400000000071,1014.889999999999,1011.8400000000071,1014.889999999999,1011.8400000000071,1014.889999999999,1014.889999999999,1011.8400000000071,1014.889999999999,1011.8400000000071,1014.889999999999,1011.8400000000071,1014.889999999999,1011.8400000000071,1014.889999999999,1011.8400000000071,1014.889999999999,1011.8400000000071,1014.889999999999,1011.8400000000071,1014.889999999999,1011.8400000000071,1014.889999999999,1011.8400000000071,1014.889999999999,1011.8400000000071,1014.889999999999,1011.8400000000071,1014.889999999999,1011.8400000000071,1014.889999999999,1011.8400000000071,1014.889999999999,1014.889999999999,1011.8400000000071,1014.889999999999,1011.8400000000071,1014.889999999999,1011.8400000000071,1014.889999999999,1011.8400000000071,1014.889999999999,1011.8400000000071,1014.889999999999,1011.8400000000071,1014.889999999999,1011.8400000000071,1014.889999999999,1011.8400000000071,1014.889999999999,1011.8400000000071,1014.889999999999,1011.8400000000071,1014.889999999999,1011.8400000000071,1014.889999999999,1011.8400000000071,1014.889999999999,1011.8400000000071,1014.889999999999,1014.889999999999,1011.8400000000071,1014.889999999999,1011.8400000000071,1014.889999999999,1011.8400000000071,1014.889999999999,1011.8500000000071,1014.889999999999,1011.8500000000071,1014.889999999999,1011.8500000000071,1014.889999999999,1011.8500000000071,1014.889999999999,1011.8500000000071,1014.889999999999,1011.8500000000071,1014.889999999999,1011.8500000000071,1014.889999999999,1011.8500000000071,1014.889999999999,1014.889999999999,1011.8500000000071,1014.889999999999,1011.8500000000071,1014.889999999999,1011.8500000000071,1014.889999999999,1011.8500000000071,1014.889999999999,1011.8500000000071,1014.889999999999,1011.8500000000071,1014.889999999999,1011.8500000000071,1014.889999999999,1011.8500000000071,1011.8500000000071,1011.8500000000071,1011.8500000000071,1011.8500000000071,1011.8500000000071,1011.8500000000071,1011.8500000000071,1011.8500000000071,1011.8500000000071,1011.8500000000071,1011.8500000000071,1011.8500000000071,1011.8500000000071,1011.8500000000071,1011.8500000000071,1011.8500000000071,1011.8500000000071,1011.8500000000071,1011.8500000000071,1011.8500000000071,1011.8500000000071,1011.8500000000071,1014.889999999999,1014.889999999999,1014.889999999999,1014.889999999999,1014.889999999999,1014.899999999999,1014.899999999999,1014.899999999999,1014.899999999999,1014.899999999999,1014.899999999999,1014.899999999999,1014.899999999999,1014.909999999999,1014.909999999999,1014.909999999999,1014.909999999999,1014.909999999999,1014.909999999999,1014.909999999999,1014.909999999999,1014.909999999999,1011.970000000007,1014.909999999999,1014.909999999999,1011.970000000007,1014.909999999999,1011.970000000007,1014.909999999999,1011.970000000007,1014.909999999999,1011.970000000007,1014.909999999999,1011.970000000007,1014.909999999999,1011.970000000007,1014.909999999999,1011.970000000007,1014.909999999999,1011.970000000007,1014.909999999999,1014.909999999999,1011.970000000007,1014.909999999999,1011.970000000007,1014.909999999999,1011.970000000007,1014.909999999999,1011.970000000007,1014.909999999999,1011.970000000007,1014.909999999999,1011.970000000007,1014.909999999999,1014.909999999999,1014.909999999999,1014.909999999999,1014.909999999999,1014.909999999999,1014.909999999999,1014.909999999999,1014.909999999999,1014.909999999999,1014.909999999999,1014.909999999999,1014.909999999999,1014.909999999999,1014.909999999999,1014.909999999999,1014.909999999999,1014.909999999999,1014.909999999999,1014.909999999999,1014.909999999999,1014.909999999999,1014.909999999999,1014.909999999999,1014.909999999999,1014.909999999999,1012.0900000000069,1014.909999999999,1012.0900000000069,1014.909999999999,1012.0900000000069,1014.909999999999,1014.909999999999,1012.0900000000069,1014.909999999999,1012.0900000000069,1014.909999999999,1012.0900000000069,1014.909999999999,1012.0900000000069,1014.909999999999,1012.0900000000069,1014.909999999999,1012.0900000000069,1014.909999999999,1012.0900000000069,1014.909999999999,1012.0900000000069,1014.909999999999,1012.0900000000069,1014.909999999999,1012.0900000000069,1014.909999999999,1012.0900000000069,1014.909999999999,1012.0900000000069,1014.909999999999,1012.0900000000069,1014.909999999999,1014.909999999999,1012.0900000000069,1014.909999999999,1012.0900000000069,1014.909999999999,1012.0900000000069,1014.909999999999,1012.0900000000069,1012.0900000000069,1012.0900000000069,1012.0900000000069,1012.0900000000069,1012.0900000000069,1012.1000000000068,1012.1000000000068,1015.039999999999,1015.039999999999,1015.039999999999,1015.039999999999,1015.039999999999,1015.039999999999,1012.1000000000068,1015.039999999999,1012.1000000000068,1015.039999999999,1012.1000000000068,1015.039999999999,1012.1000000000068,1015.039999999999,1015.039999999999,1015.039999999999,1015.039999999999,1015.039999999999,1015.039999999999,1015.039999999999,1015.039999999999,1015.039999999999,1015.039999999999,1015.039999999999,1015.039999999999,1015.049999999999,1015.049999999999,1015.049999999999,1015.049999999999,1015.049999999999,1015.049999999999,1015.049999999999,1015.049999999999,1015.049999999999,1015.049999999999,1015.049999999999,1015.049999999999,1015.049999999999,1015.049999999999,1015.049999999999,1012.220000000007,1015.049999999999,1012.220000000007,1015.049999999999,1012.220000000007,1015.049999999999,1012.220000000007,1015.049999999999,1012.220000000007,1015.049999999999,1015.049999999999,1015.049999999999,1015.049999999999,1015.049999999999,1015.049999999999,1015.049999999999,1015.049999999999,1015.049999999999,1015.049999999999,1015.049999999999,1015.049999999999,1015.049999999999,1015.049999999999,1015.049999999999,1015.049999999999,1015.049999999999,1015.049999999999,1015.049999999999,1015.049999999999,1015.049999999999,1015.049999999999,1015.049999999999,1015.049999999999,1015.049999999999,1015.049999999999,1015.049999999999,1012.3400000000069,1015.049999999999,1012.3400000000069,1015.049999999999,1012.3400000000069,1015.049999999999,1012.3400000000069,1015.049999999999,1012.3400000000069,1015.049999999999,1012.3400000000069,1015.049999999999,1015.049999999999,1012.3400000000069,1015.049999999999,1012.3400000000069,1015.049999999999,1012.3400000000069,1015.049999999999,1015.049999999999,1015.049999999999,1015.049999999999,1015.049999999999,1015.049999999999,1015.049999999999,1015.049999999999,1015.049999999999,1015.049999999999,1012.4600000000067,1012.4600000000067,1012.4600000000067,1012.4600000000067,1012.4600000000067,1012.4600000000067,1012.4600000000067,1012.4600000000067,1012.4600000000067,1012.4600000000067,1012.4600000000067,1015.1799999999992,1012.4600000000067,1015.1799999999992,1012.4600000000067,1015.1799999999992,1012.4600000000067,1015.1799999999992,1012.4600000000067,1015.1799999999992,1012.4600000000067,1015.1799999999992,1012.4600000000067,1015.1799999999992,1012.4600000000067,1015.1799999999992,1012.4600000000067,1015.1799999999992,1012.4600000000067,1015.1899999999991,1012.4600000000067,1015.1899999999991,1012.4600000000067,1015.1899999999991,1012.4600000000067,1015.1899999999991,1012.4600000000067,1015.1899999999991,1012.4600000000067,1015.1899999999991,1012.4600000000067,1015.1899999999991,1012.4600000000067,1015.1899999999991,1012.4600000000067,1015.1899999999991,1012.4600000000067,1015.1899999999991,1012.4600000000067,1015.1899999999991,1012.4600000000067,1015.1899999999991,1015.1899999999991,1015.1899999999991,1015.1899999999991,1015.1899999999991,1015.1899999999991,1015.1899999999991,1015.1899999999991,1015.1899999999991,1015.1899999999991,1015.1899999999991,1015.1899999999991,1015.1999999999991,1015.1999999999991,1015.1999999999991,1015.1999999999991,1015.1999999999991,1015.1999999999991,1015.1999999999991,1015.1999999999991,1015.1999999999991,1015.1999999999991,1015.1999999999991,1015.1999999999991,1015.1999999999991,1015.1999999999991,1012.5900000000066,1015.1999999999991,1012.5900000000066,1015.1999999999991,1015.1999999999991,1012.5900000000066,1015.1999999999991,1012.5900000000066,1015.1999999999991,1012.5900000000066,1015.1999999999991,1015.3299999999992,1015.3299999999992,1015.3299999999992,1015.3299999999992,1015.3299999999992,1015.3299999999992,1015.3299999999992,1015.3299999999992,1015.3299999999992,1015.3299999999992,1015.3299999999992,1015.3299999999992,1015.3299999999992,1015.3299999999992,1015.3299999999992,1015.3299999999992,1015.3299999999992,1015.3299999999992,1015.3299999999992,1015.4599999999994,1015.4599999999994,1015.4599999999994,1012.9600000000067,1015.4599999999994,1012.9600000000067,1015.4599999999994,1012.9600000000067,1015.4599999999994,1012.9600000000067,1015.4599999999994,1012.9600000000067,1015.4599999999994,1012.9600000000067,1015.4599999999994,1012.9600000000067,1015.4599999999994,1015.4599999999994,1012.9700000000067,1015.4599999999994,1012.9700000000067,1015.4599999999994,1012.9700000000067,1015.4599999999994,1012.9700000000067,1015.4599999999994,1012.9700000000067,1015.4599999999994,1012.9700000000067,1015.4599999999994,1012.9700000000067,1015.4599999999994,1012.9700000000067,1015.4599999999994,1012.9700000000067,1015.4599999999994,1012.9700000000067,1015.4599999999994,1012.9800000000067,1015.4599999999994,1012.9800000000067,1015.4599999999994,1012.9800000000067,1015.4599999999994,1015.4599999999994,1012.9800000000067,1015.4599999999994,1012.9800000000067,1015.4599999999994,1012.9800000000067,1015.4599999999994,1012.9900000000067,1015.4599999999994,1012.9900000000067,1015.4599999999994,1012.9900000000067,1015.4599999999994,1012.9900000000067,1015.4599999999994,1012.9900000000067,1015.4599999999994,1012.9900000000067,1015.4599999999994,1012.9900000000067,1015.4599999999994,1012.9900000000067,1015.4599999999994,1012.9900000000067,1015.4599999999994,1012.9900000000067,1015.4599999999994,1012.9900000000067,1015.4599999999994,1015.4599999999994,1012.9900000000067,1015.4599999999994,1012.9900000000067,1015.4599999999994,1012.9900000000067,1015.4599999999994,1015.4599999999994,1015.4599999999994,1015.4599999999994,1015.4599999999994,1015.4599999999994,1015.4599999999994,1015.4599999999994,1015.4599999999994,1015.4599999999994,1015.4599999999994,1015.4599999999994,1015.4599999999994,1015.4599999999994,1015.4599999999994,1015.4599999999994,1015.4599999999994,1015.4699999999993,1015.4699999999993,1015.4699999999993,1015.4699999999993,1015.4699999999993,1015.4699999999993,1015.4699999999993,1015.4699999999993,1015.4699999999993,1015.4699999999993,1013.1200000000068,1015.4699999999993,1015.4699999999993,1013.1200000000068,1015.4699999999993,1013.1200000000068,1015.4699999999993,1013.1200000000068,1015.4699999999993,1015.4699999999993,1015.4699999999993,1015.4699999999993,1015.4699999999993,1015.4799999999993,1015.4799999999993,1015.4799999999993,1015.4799999999993,1015.4799999999993,1015.4799999999993,1015.4799999999993,1015.4799999999993,1015.4799999999993,1015.4799999999993,1015.4799999999993,1015.4799999999993,1015.4799999999993,1015.4899999999993,1015.4899999999993,1015.4899999999993,1015.4899999999993,1015.4899999999993,1015.4899999999993,1015.4899999999993,1015.4899999999993,1015.4899999999993,1015.4899999999993,1013.240000000007,1015.4899999999993,1013.240000000007,1015.4899999999993,1013.240000000007,1015.4999999999993,1013.240000000007,1015.4999999999993,1013.240000000007,1015.4999999999993,1013.240000000007,1015.4999999999993,1013.240000000007,1015.4999999999993,1013.240000000007,1015.4999999999993,1013.240000000007,1015.4999999999993,1013.240000000007,1015.4999999999993,1013.240000000007,1015.4999999999993,1013.3600000000068,1013.3600000000068,1015.6299999999992,1013.3600000000068,1015.6299999999992,1013.3600000000068,1015.6299999999992,1013.3600000000068,1015.6299999999992,1013.3600000000068,1015.6299999999992,1013.3600000000068,1015.6299999999992,1015.6299999999992,1015.6299999999992,1015.6299999999992,1015.6299999999992,1015.6299999999992,1015.6299999999992,1015.6299999999992,1015.6399999999992,1015.6399999999992,1015.6399999999992,1015.6399999999992,1015.6399999999992,1015.6399999999992,1015.6399999999992,1015.6399999999992,1015.6399999999992,1015.6399999999992,1015.6399999999992,1015.6399999999992,1015.6399999999992,1015.6399999999992,1015.6399999999992,1015.6399999999992,1015.6399999999992,1015.6399999999992,1015.6399999999992,1015.6399999999992,1015.6399999999992,1015.6399999999992,1015.6399999999992,1015.6399999999992,1015.6399999999992,1015.6399999999992,1015.6399999999992,1015.6399999999992,1015.6399999999992,1015.6399999999992,1015.6399999999992,1015.6399999999992,1015.6399999999992,1015.6399999999992,1015.6399999999992,1015.6399999999992,1015.6399999999992,1015.6399999999992,1015.6399999999992,1015.6399999999992,1015.6399999999992,1015.6399999999992,1015.6399999999992,1015.6399999999992,1015.6399999999992,1015.6399999999992,1013.6100000000068,1015.6399999999992,1015.6399999999992,1013.6100000000068,1015.6399999999992,1013.6100000000068,1015.6399999999992,1013.6100000000068,1015.6399999999992,1013.6100000000068,1015.6399999999992,1013.6100000000068,1015.6399999999992,1013.6100000000068,1015.6399999999992,1013.6100000000068,1015.6399999999992,1013.6100000000068,1015.6399999999992,1015.6399999999992,1013.6100000000068,1015.6399999999992,1013.6100000000068,1015.6399999999992,1013.6100000000068,1015.6399999999992,1013.6100000000068,1015.6399999999992,1013.6100000000068,1015.6399999999992,1013.6100000000068,1015.6499999999992,1013.6100000000068,1015.6499999999992,1013.6100000000068,1015.6499999999992,1013.6100000000068,1015.6499999999992,1015.6499999999992,1013.6100000000068,1015.6499999999992,1013.6100000000068,1015.6499999999992,1013.6100000000068,1015.6599999999992,1013.6100000000068,1015.6599999999992,1013.6100000000068,1015.6599999999992,1013.6100000000068,1015.6599999999992,1013.6100000000068,1015.6599999999992,1013.6100000000068,1015.6599999999992,1013.6100000000068,1015.6599999999992,1013.6100000000068,1015.6599999999992,1013.6100000000068,1013.7300000000067,1015.6599999999992,1013.7300000000067,1015.6599999999992,1013.7300000000067,1015.6599999999992,1013.7300000000067,1015.6599999999992,1013.7300000000067,1015.6599999999992,1015.6599999999992,1013.7300000000067,1015.6599999999992,1013.7300000000067,1015.6599999999992,1013.7300000000067,1015.6599999999992,1013.7300000000067,1015.6599999999992,1013.7300000000067,1015.6599999999992,1013.7300000000067,1015.6599999999992,1013.7300000000067,1015.6599999999992,1013.7300000000067,1015.6599999999992,1013.7300000000067,1015.6599999999992,1013.7300000000067,1015.6599999999992,1013.7300000000067,1015.6599999999992,1013.7300000000067,1015.6599999999992,1013.7300000000067,1015.6599999999992,1013.7300000000067,1015.6599999999992,1013.7300000000067,1015.6599999999992,1015.6599999999992,1013.7300000000067,1015.6599999999992,1013.7300000000067,1015.6599999999992,1013.7300000000067,1015.6599999999992,1013.7400000000067,1015.6599999999992,1013.7400000000067,1015.6599999999992,1013.7400000000067,1015.6599999999992,1013.7400000000067,1015.6599999999992,1013.7400000000067,1015.6599999999992,1013.7400000000067,1013.7400000000067,1013.7400000000067,1013.7400000000067,1013.7400000000067,1013.7400000000067,1013.7400000000067,1013.7400000000067,1013.7400000000067,1013.7400000000067,1013.7400000000067,1013.7400000000067,1013.7400000000067,1013.7400000000067,1013.7400000000067,1013.7400000000067,1013.7400000000067,1013.7400000000067,1013.7400000000067,1013.7400000000067,1013.7400000000067,1013.7400000000067,1013.7400000000067,1013.7400000000067,1013.7400000000067,1015.799999999999,1015.799999999999,1015.799999999999,1015.799999999999,1015.799999999999,1015.799999999999,1015.799999999999,1015.799999999999,1015.799999999999,1015.799999999999,1015.799999999999,1015.799999999999,1015.799999999999,1015.799999999999,1015.799999999999,1015.799999999999,1015.799999999999,1015.799999999999,1015.799999999999,1015.799999999999,1015.799999999999,1015.799999999999,1015.799999999999,1015.799999999999,1013.8600000000066,1015.799999999999,1015.799999999999,1013.8600000000066,1015.799999999999,1013.8600000000066,1015.799999999999,1013.8600000000066,1015.799999999999,1013.8600000000066,1015.799999999999,1013.8600000000066,1015.799999999999,1013.8600000000066,1015.799999999999,1013.8600000000066,1015.799999999999,1013.8600000000066,1015.799999999999,1013.8600000000066,1015.799999999999,1013.8600000000066,1015.799999999999,1015.799999999999,1013.8600000000066,1015.799999999999,1013.8600000000066,1015.799999999999,1013.8600000000066,1015.799999999999,1013.8600000000066,1015.799999999999,1013.8600000000066,1015.799999999999,1013.8600000000066,1015.799999999999,1013.8600000000066,1015.799999999999,1013.8600000000066,1015.799999999999,1013.8600000000066,1015.799999999999,1013.8600000000066,1015.809999999999,1013.8600000000066,1015.809999999999,1013.8600000000066,1015.809999999999,1013.8600000000066,1015.809999999999,1015.809999999999,1013.8600000000066,1015.809999999999,1013.8600000000066,1015.809999999999,1013.8600000000066,1015.809999999999,1013.8600000000066,1015.809999999999,1013.8600000000066,1015.809999999999,1013.8600000000066,1015.809999999999,1013.8600000000066,1015.8199999999993,1013.8600000000066,1015.8199999999993,1013.8600000000066,1015.8199999999993,1013.8600000000066,1015.8199999999993,1013.8600000000066,1015.8199999999993,1015.8199999999993,1015.8199999999993,1015.8199999999993,1015.8199999999993,1015.8299999999992,1015.8299999999992,1015.8299999999992,1015.8299999999992,1015.8299999999992,1015.8299999999992,1015.8299999999992,1015.8299999999992,1015.8299999999992,1015.8299999999992,1015.8299999999992,1015.8299999999992,1015.8299999999992,1015.8299999999992,1015.8299999999992,1015.8299999999992,1015.8299999999992,1015.8399999999992,1015.8399999999992,1015.8399999999992,1015.8399999999992,1015.8399999999992,1013.9900000000065,1015.8399999999992,1015.8399999999992,1013.9900000000065,1015.8499999999992,1013.9900000000065,1015.8499999999992,1013.9900000000065,1015.8499999999992,1013.9900000000065,1015.8499999999992,1013.9900000000065,1015.8499999999992,1013.9900000000065,1015.8499999999992,1013.9900000000065,1015.8499999999992,1013.9900000000065,1015.8599999999992,1015.8599999999992,1013.9900000000065,1015.8599999999992,1013.9900000000065,1015.8599999999992,1013.9900000000065,1015.8599999999992,1013.9900000000065,1015.8599999999992,1013.9900000000065,1015.8599999999992,1013.9900000000065,1015.8599999999992,1013.9900000000065,1015.8599999999992,1013.9900000000065,1015.8599999999992,1013.9900000000065,1015.8599999999992,1013.9900000000065,1015.8599999999992,1015.8599999999992,1013.9900000000065,1015.8599999999992,1013.9900000000065,1015.8599999999992,1013.9900000000065,1015.8599999999992,1013.9900000000065,1015.8599999999992,1013.9900000000065,1013.9900000000065,1015.9999999999991,1014.1200000000064,1015.9999999999991,1014.1200000000064,1015.9999999999991,1014.1200000000064,1015.9999999999991,1014.1200000000064,1016.0099999999991,1014.1200000000064,1016.0099999999991,1014.1200000000064,1016.0099999999991,1016.0099999999991,1016.0099999999991,1016.0099999999991,1016.0099999999991,1016.0099999999991,1016.0099999999991,1016.0099999999991,1016.0099999999991,1016.0099999999991,1016.0099999999991,1016.0099999999991,1016.0099999999991,1016.0099999999991,1016.0099999999991,1016.0099999999991,1016.0099999999991,1016.0099999999991,1016.0099999999991,1016.0099999999991,1016.0099999999991,1016.0099999999991,1016.0099999999991,1016.0099999999991,1014.2500000000065,1014.2500000000065,1014.2500000000065,1014.2500000000065,1016.149999999999,1016.149999999999,1016.149999999999,1016.149999999999,1016.149999999999,1016.149999999999,1016.149999999999,1014.3800000000064,1016.149999999999,1014.3800000000064,1014.3800000000064,1014.3800000000064,1016.289999999999,1016.289999999999,1014.5100000000062,1016.289999999999,1014.5100000000062,1016.289999999999,1014.5100000000062,1016.289999999999,1014.5100000000062,1016.289999999999,1014.5100000000062,1016.289999999999,1014.5100000000062,1016.289999999999,1016.289999999999,1016.289999999999,1016.289999999999,1016.289999999999,1016.289999999999,1016.289999999999,1016.289999999999,1016.289999999999,1016.289999999999,1016.289999999999,1016.289999999999,1016.289999999999,1016.289999999999,1016.289999999999,1016.289999999999,1016.289999999999,1016.289999999999,1016.289999999999,1016.289999999999,1016.289999999999,1016.289999999999,1016.289999999999,1016.289999999999,1016.289999999999,1016.289999999999,1016.289999999999,1016.289999999999,1014.5100000000062,1016.289999999999,1014.5100000000062,1016.289999999999,1014.5100000000062,1016.289999999999,1014.5100000000062,1016.289999999999,1016.289999999999,1014.5100000000062,1016.289999999999,1016.289999999999,1016.289999999999,1016.289999999999,1016.289999999999,1016.289999999999,1016.289999999999,1016.289999999999,1016.289999999999,1016.289999999999,1016.289999999999,1016.289999999999,1016.289999999999,1016.289999999999,1016.289999999999,1016.289999999999,1016.289999999999,1016.289999999999,1016.289999999999,1016.289999999999,1016.289999999999,1016.289999999999,1016.289999999999,1016.289999999999,1016.289999999999,1016.289999999999,1016.289999999999,1016.289999999999,1014.6400000000061,1016.289999999999,1016.289999999999,1016.289999999999,1016.289999999999,1016.289999999999,1016.289999999999,1016.289999999999,1016.289999999999,1016.289999999999,1016.289999999999,1016.289999999999,1016.289999999999,1016.289999999999,1016.289999999999,1016.289999999999,1016.289999999999,1016.289999999999,1016.289999999999,1016.289999999999,1016.289999999999,1016.289999999999,1016.289999999999,1014.7700000000062,1014.7700000000062,1014.7700000000062,1014.7700000000062,1014.7700000000062,1014.7700000000062,1014.7700000000062,1014.7700000000062,1014.7700000000062,1014.7700000000062,1014.7700000000062,1014.7700000000062,1014.7700000000062,1014.7700000000062,1014.7700000000062,1014.7700000000062,1014.7700000000062,1014.7700000000062,1014.7700000000062,1014.7700000000062,1014.7700000000062,1014.7700000000062,1016.4299999999992,1014.7700000000062,1016.4299999999992,1014.7700000000062,1016.4299999999992,1014.7700000000062,1016.4299999999992,1014.7700000000062,1016.4299999999992,1014.7700000000062,1016.4299999999992,1014.7700000000062,1016.4299999999992,1014.7700000000062,1016.4299999999992,1014.7800000000062,1016.4299999999992,1014.7800000000062,1016.4299999999992,1014.7800000000062,1014.7800000000062,1014.7800000000062,1014.7800000000062,1014.7800000000062,1014.7800000000062,1014.7800000000062,1014.7800000000062,1014.7800000000062,1014.7800000000062,1014.7800000000062,1014.7800000000062,1014.7800000000062,1014.7800000000062,1014.7800000000062,1014.7800000000062,1014.7800000000062,1014.7800000000062,1014.7800000000062,1014.7800000000062,1014.7800000000062,1014.7900000000062,1014.7900000000062,1014.7900000000062,1014.7900000000062,1014.7900000000062,1014.7900000000062,1014.7900000000062,1014.7900000000062,1016.4299999999992,1014.7900000000062,1016.4299999999992,1014.7900000000062,1016.4299999999992,1014.7900000000062,1016.4299999999992,1014.7900000000062,1016.4299999999992,1014.7900000000062,1016.4299999999992,1014.7900000000062,1016.4299999999992,1016.4299999999992,1014.7900000000062,1016.4299999999992,1014.7900000000062,1016.4299999999992,1014.7900000000062,1016.4299999999992,1014.7900000000062,1016.4299999999992,1014.7900000000062,1016.4299999999992,1014.7900000000062,1016.4299999999992,1014.7900000000062,1016.4299999999992,1014.7900000000062,1016.4299999999992,1014.7900000000062,1016.4299999999992,1014.7900000000062,1016.4299999999992,1014.7900000000062,1016.4299999999992,1014.7900000000062,1016.4299999999992,1014.7900000000062,1016.4299999999992,1014.7900000000062,1016.4299999999992,1014.7900000000062,1016.4299999999992,1014.7900000000062,1016.4299999999992,1014.7900000000062,1016.4299999999992,1016.4299999999992,1014.7900000000062,1016.4299999999992,1014.7900000000062,1016.4299999999992,1014.7900000000062,1016.4299999999992,1014.7900000000062,1016.4299999999992,1014.7900000000062,1016.4299999999992,1014.7900000000062,1016.4299999999992,1014.7900000000062,1016.4299999999992,1014.7900000000062,1016.4299999999992,1014.7900000000062,1016.4299999999992,1014.7900000000062,1016.4299999999992,1014.7900000000062,1016.4299999999992,1014.7900000000062,1016.4299999999992,1014.7900000000062,1016.4299999999992,1014.7900000000062,1014.7900000000062,1014.7900000000062,1014.7900000000062,1014.7900000000062,1014.7900000000062,1014.7900000000062,1014.9200000000061,1014.9200000000061,1014.9200000000061,1014.9200000000061,1014.9200000000061,1014.9200000000061,1014.9200000000061,1014.9200000000061,1014.9200000000061,1014.9200000000061,1014.9200000000061,1014.9200000000061,1014.9200000000061,1014.9200000000061,1014.9200000000061,1014.9200000000061,1014.9200000000061,1014.9200000000061,1014.9200000000061,1014.9200000000061,1014.9200000000061,1014.9200000000061,1014.9200000000061,1016.7099999999991,1014.9200000000061,1016.7099999999991,1014.9200000000061,1016.7099999999991,1014.9200000000061,1016.7099999999991,1014.9200000000061,1016.7099999999991,1014.9200000000061,1016.7099999999991,1014.9200000000061,1016.7099999999991,1014.9200000000061,1016.7099999999991,1014.9200000000061,1016.7099999999991,1014.9200000000061,1016.7099999999991,1014.9200000000061,1016.7099999999991,1014.9200000000061,1014.9200000000061,1014.9200000000061,1014.9200000000061,1014.9200000000061,1014.9200000000061,1014.9200000000061,1014.9200000000061,1014.9200000000061,1014.9200000000061,1014.9200000000061,1014.9200000000061,1014.9200000000061,1014.9200000000061,1014.9200000000061,1014.9200000000061,1014.9200000000061,1014.9200000000061,1014.9200000000061,1014.9200000000061,1014.9200000000061,1014.9200000000061,1014.9200000000061,1014.9200000000061,1014.9200000000061,1014.9200000000061,1014.9200000000061,1014.9200000000061,1014.9200000000061,1016.849999999999,1014.9200000000061,1016.849999999999,1014.9200000000061,1016.849999999999,1014.9200000000061,1016.849999999999,1014.9200000000061,1016.849999999999,1014.9200000000061,1016.849999999999,1014.9200000000061,1016.849999999999,1014.9200000000061,1016.849999999999,1014.9200000000061,1016.849999999999,1014.9200000000061,1016.849999999999,1014.9200000000061,1016.849999999999,1014.9200000000061,1016.849999999999,1016.849999999999,1014.9200000000061,1016.849999999999,1014.9200000000061,1016.849999999999,1014.9200000000061,1016.849999999999,1014.9200000000061,1016.849999999999,1014.9200000000061,1014.9200000000061,1014.9200000000061,1014.9200000000061,1014.9200000000061,1014.9200000000061,1014.9200000000061,1014.9200000000061,1014.9200000000061,1014.9200000000061,1014.9200000000061,1014.9200000000061,1014.9200000000061,1014.9200000000061,1014.9200000000061,1014.9200000000061,1014.9200000000061,1014.9200000000061,1014.9200000000061,1014.9200000000061,1014.9200000000061,1014.9200000000061,1014.9200000000061,1014.9200000000061,1014.9200000000061,1014.9200000000061,1014.9200000000061,1014.9200000000061,1014.9200000000061,1016.9899999999989,1014.9200000000061,1016.9899999999989,1014.9200000000061,1016.9899999999989,1014.9200000000061,1016.9899999999989,1014.9200000000061,1016.9899999999989,1014.9200000000061,1016.9899999999989,1014.9200000000061,1016.9899999999989,1014.9200000000061,1016.9899999999989,1014.9200000000061,1016.9899999999989,1014.9200000000061,1016.9899999999989,1014.9200000000061,1016.9899999999989,1014.9200000000061,1016.9899999999989,1014.9200000000061,1016.9899999999989,1014.9200000000061,1016.9899999999989,1014.9200000000061,1016.9899999999989,1014.9200000000061,1016.9899999999989,1014.9200000000061,1016.9899999999989,1014.9200000000061,1016.9899999999989,1014.9200000000061,1016.9899999999989,1014.9200000000061,1016.9899999999989,1014.9200000000061,1016.9899999999989,1016.9899999999989,1014.9300000000061,1016.9899999999989,1014.9300000000061,1016.9899999999989,1014.9300000000061,1016.9899999999989,1014.9300000000061,1016.9899999999989,1014.9300000000061,1016.9899999999989,1014.9300000000061,1016.9899999999989,1014.9300000000061,1016.9899999999989,1014.9300000000061,1016.9899999999989,1014.9300000000061,1016.9899999999989,1014.9300000000061,1016.9899999999989,1014.9300000000061,1016.9899999999989,1014.9300000000061,1016.9899999999989,1014.9300000000061,1016.9899999999989,1014.9300000000061,1016.9899999999989,1014.9300000000061,1016.9899999999989,1014.9300000000061,1016.9899999999989,1014.9300000000061,1016.9999999999989,1014.9300000000061,1016.9999999999989,1014.9300000000061,1016.9999999999989,1014.9300000000061,1016.9999999999989,1014.9300000000061,1016.9999999999989,1014.9300000000061,1016.9999999999989,1014.9300000000061,1016.9999999999989,1014.9300000000061,1016.9999999999989,1014.9300000000061,1016.9999999999989,1016.9999999999989,1014.9300000000061,1016.9999999999989,1014.9300000000061,1016.9999999999989,1014.9300000000061,1016.9999999999989,1014.9300000000061,1016.9999999999989,1014.9300000000061,1016.9999999999989,1014.9300000000061,1016.9999999999989,1016.9999999999989,1016.9999999999989,1016.9999999999989,1016.9999999999989,1016.9999999999989,1016.9999999999989,1016.9999999999989,1016.9999999999989,1016.9999999999989,1016.9999999999989,1016.9999999999989,1016.9999999999989,1016.9999999999989,1016.9999999999989,1016.9999999999989,1016.9999999999989,1016.9999999999989,1016.9999999999989,1016.9999999999989,1015.2000000000061,1015.2000000000061,1015.2000000000061,1015.2000000000061,1015.2000000000061,1015.2000000000061,1015.2000000000061,1015.2000000000061,1015.3300000000062,1015.3300000000062,1015.3300000000062,1015.3300000000062,1015.3300000000062,1015.3300000000062,1015.3300000000062,1015.3300000000062,1015.3300000000062,1015.3300000000062,1015.3300000000062,1015.3300000000062,1015.3300000000062,1015.3300000000062,1015.3300000000062,1015.3300000000062,1017.4199999999989,1015.3300000000062,1017.4199999999989,1015.3300000000062,1017.4199999999989,1015.3300000000062,1017.4199999999989,1015.3300000000062,1017.4199999999989,1015.3300000000062,1017.4199999999989,1015.3300000000062,1017.4199999999989,1015.3300000000062,1017.4199999999989,1015.3300000000062,1017.4199999999989,1015.3300000000062,1017.4199999999989,1015.3400000000062,1015.3400000000062,1015.3400000000062,1015.3400000000062,1015.3400000000062,1015.3400000000062,1015.3400000000062,1015.3400000000062,1015.3400000000062,1015.3400000000062,1015.3400000000062,1015.3400000000062,1015.3400000000062,1015.470000000006,1015.470000000006,1015.470000000006,1015.470000000006,1015.470000000006,1015.470000000006,1015.470000000006,1015.470000000006,1015.470000000006,1015.470000000006,1015.470000000006,1015.470000000006,1015.470000000006,1015.470000000006,1015.470000000006,1015.470000000006,1015.470000000006,1015.470000000006,1017.6999999999989,1015.470000000006,1017.6999999999989,1015.480000000006,1017.6999999999989,1015.480000000006,1017.6999999999989,1015.480000000006,1017.6999999999989,1015.480000000006,1017.6999999999989,1015.480000000006,1017.6999999999989,1015.480000000006,1017.6999999999989,1015.480000000006,1017.6999999999989,1015.480000000006,1017.6999999999989,1015.480000000006,1017.6999999999989,1015.480000000006,1017.6999999999989,1015.480000000006,1017.6999999999989,1015.480000000006,1017.6999999999989,1015.480000000006,1017.6999999999989,1015.480000000006,1017.6999999999989,1015.480000000006,1017.6999999999989,1015.480000000006,1017.6999999999989,1017.6999999999989,1015.480000000006,1017.6999999999989,1015.480000000006,1017.6999999999989,1015.480000000006,1017.6999999999989,1015.480000000006,1017.6999999999989,1015.480000000006,1017.6999999999989,1015.480000000006,1017.6999999999989,1015.480000000006,1017.6999999999989,1015.480000000006,1017.6999999999989,1015.480000000006,1017.6999999999989,1015.480000000006,1017.6999999999989,1015.480000000006,1017.6999999999989,1015.480000000006,1017.6999999999989,1015.480000000006,1017.6999999999989,1015.480000000006,1017.6999999999989,1015.480000000006,1017.6999999999989,1015.480000000006,1017.6999999999989,1015.480000000006,1017.6999999999989,1015.480000000006,1017.6999999999989,1015.480000000006,1017.6999999999989,1015.480000000006,1017.6999999999989,1015.480000000006,1017.6999999999989,1015.490000000006,1017.6999999999989,1017.6999999999989,1015.490000000006,1017.6999999999989,1015.490000000006,1017.6999999999989,1015.490000000006,1017.6999999999989,1015.490000000006,1017.6999999999989,1015.490000000006,1017.6999999999989,1015.490000000006,1017.6999999999989,1015.490000000006,1017.7099999999989,1015.490000000006,1017.7099999999989,1015.490000000006,1017.7099999999989,1015.490000000006,1017.7099999999989,1015.490000000006,1017.7099999999989,1015.490000000006,1017.7099999999989,1015.490000000006,1017.7099999999989,1015.490000000006,1017.7099999999989,1015.490000000006,1017.7099999999989,1017.7099999999989,1015.490000000006,1017.7099999999989,1015.490000000006,1017.7099999999989,1015.490000000006,1017.7099999999989,1015.490000000006,1017.7099999999989,1015.490000000006,1017.7099999999989,1015.490000000006,1017.7099999999989,1015.490000000006,1017.7099999999989,1015.490000000006,1017.7099999999989,1015.490000000006,1017.7099999999989,1015.490000000006,1017.7099999999989,1015.490000000006,1017.7099999999989,1015.490000000006,1017.7199999999989,1015.490000000006,1017.7199999999989,1015.490000000006,1017.7199999999989,1015.490000000006,1017.7199999999989,1015.490000000006,1017.7199999999989,1015.490000000006,1017.7199999999989,1017.7199999999989,1015.500000000006,1017.7199999999989,1015.500000000006,1017.7199999999989,1015.500000000006,1017.7199999999989,1015.500000000006,1017.7199999999989,1015.500000000006,1017.7199999999989,1015.500000000006,1017.7199999999989,1015.500000000006,1017.7199999999989,1015.500000000006,1017.7199999999989,1015.500000000006,1017.7199999999989,1015.500000000006,1017.7199999999989,1015.500000000006,1017.7199999999989,1015.510000000006,1017.7199999999989,1015.510000000006,1017.7199999999989,1015.510000000006,1017.7199999999989,1015.510000000006,1017.7199999999989,1015.510000000006,1017.7199999999989,1015.510000000006,1017.7199999999989,1017.7199999999989,1015.510000000006,1017.7199999999989,1015.510000000006,1017.7199999999989,1015.510000000006,1017.7199999999989,1015.510000000006,1017.7199999999989,1015.510000000006,1017.7199999999989,1015.510000000006,1017.7199999999989,1015.510000000006,1017.7199999999989,1015.510000000006,1017.7199999999989,1015.510000000006,1017.7199999999989,1015.510000000006,1017.7199999999989,1015.510000000006,1017.7199999999989,1015.510000000006,1017.7199999999989,1015.510000000006,1017.7199999999989,1015.510000000006,1017.7199999999989,1015.510000000006,1017.7199999999989,1015.510000000006,1017.7199999999989,1015.510000000006,1017.7199999999989,1015.510000000006,1017.7199999999989,1015.510000000006,1017.7199999999989,1017.7199999999989,1015.510000000006,1017.7199999999989,1015.510000000006,1017.7199999999989,1015.510000000006,1017.7199999999989,1015.510000000006,1017.7199999999989,1015.510000000006,1017.7199999999989,1015.510000000006,1017.7199999999989,1015.510000000006,1017.7199999999989,1015.510000000006,1017.7199999999989,1015.510000000006,1017.7199999999989,1015.510000000006,1017.7199999999989,1015.510000000006,1017.7199999999989,1015.510000000006,1017.7199999999989,1015.510000000006,1017.7199999999989,1015.510000000006,1017.7199999999989,1015.510000000006,1017.7199999999989,1015.510000000006,1017.7199999999989,1015.510000000006,1017.7199999999989,1017.7199999999989,1015.510000000006,1017.7199999999989,1015.510000000006,1017.7199999999989,1015.510000000006,1017.7199999999989,1015.510000000006,1017.7199999999989,1015.510000000006,1017.7199999999989,1015.510000000006,1017.7199999999989,1015.510000000006,1017.7199999999989,1015.510000000006,1017.7199999999989,1015.510000000006,1017.7199999999989,1015.510000000006,1017.7199999999989,1015.510000000006,1017.7199999999989,1015.510000000006,1017.7199999999989,1015.510000000006,1017.7199999999989,1015.510000000006,1017.7199999999989,1017.7199999999989,1017.7199999999989,1017.7199999999989,1017.7199999999989,1017.7199999999989,1017.7199999999989,1017.7199999999989,1017.7199999999989,1017.7199999999989,1017.7199999999989,1017.7199999999989,1017.7199999999989,1017.7199999999989,1017.7199999999989,1017.7199999999989,1017.7199999999989,1017.7199999999989,1017.7199999999989,1017.7299999999989,1017.7299999999989,1017.7299999999989,1017.7299999999989,1017.7299999999989,1017.7299999999989,1017.7299999999989,1017.7299999999989,1017.7299999999989,1017.7299999999989,1017.7299999999989,1015.6400000000061,1017.7299999999989,1017.7299999999989,1015.6400000000061,1017.7299999999989,1015.6400000000061,1017.7299999999989,1015.6400000000061,1017.7299999999989,1015.6400000000061,1017.7299999999989,1015.6400000000061,1017.7299999999989,1015.6400000000061,1017.7299999999989,1015.6400000000061,1015.6500000000061,1015.6500000000061,1015.6500000000061,1015.6500000000061,1015.6500000000061,1015.6500000000061,1015.6500000000061,1015.6500000000061,1015.6500000000061,1015.6500000000061,1015.6500000000061,1015.6500000000061,1015.6500000000061,1015.6500000000061,1015.6500000000061,1015.6500000000061,1015.6500000000061,1015.6500000000061,1015.6500000000061,1015.6600000000061,1015.6600000000061,1015.6600000000061,1015.6600000000061,1015.6600000000061,1015.6600000000061,1015.6600000000061,1015.6600000000061,1015.6600000000061,1015.6600000000061,1017.7299999999989,1015.6600000000061,1017.7299999999989,1015.6600000000061,1017.7299999999989,1015.6600000000061,1017.7299999999989,1015.6600000000061,1017.7399999999989,1015.6600000000061,1017.7399999999989,1015.6600000000061,1017.7399999999989,1015.6600000000061,1017.7399999999989,1015.6600000000061,1017.7399999999989,1017.7399999999989,1015.6600000000061,1017.7399999999989,1015.6600000000061,1017.7399999999989,1015.6600000000061,1017.7399999999989,1015.6600000000061,1017.7399999999989,1015.6600000000061,1017.7399999999989,1015.6600000000061,1017.7399999999989,1015.6600000000061,1017.7399999999989,1015.6600000000061,1017.7399999999989,1015.6600000000061,1017.7399999999989,1015.6600000000061,1017.7399999999989,1015.6600000000061,1017.7399999999989,1015.6600000000061,1017.7399999999989,1015.6600000000061,1017.7399999999989,1015.6600000000061,1017.7399999999989,1015.6600000000061,1017.7399999999989,1015.6600000000061,1017.7399999999989,1015.6600000000061,1017.7399999999989,1015.6600000000061,1017.7399999999989,1015.6600000000061,1017.7399999999989,1017.7399999999989,1015.6600000000061,1017.7399999999989,1015.6600000000061,1017.7399999999989,1015.6600000000061,1017.7399999999989,1015.6600000000061,1017.7399999999989,1015.6600000000061,1017.7399999999989,1015.6600000000061,1017.7399999999989,1015.6600000000061,1017.7399999999989,1015.6600000000061,1017.7399999999989,1015.6600000000061,1017.7499999999989,1015.6600000000061,1017.7499999999989,1015.6600000000061,1017.7499999999989,1015.6600000000061,1017.7499999999989,1015.6600000000061,1017.7499999999989,1015.6600000000061,1017.7499999999989,1015.6600000000061,1017.7499999999989,1015.6600000000061,1017.7599999999989,1015.6600000000061,1017.7599999999989,1017.7599999999989,1015.6600000000061,1017.7599999999989,1015.6600000000061,1017.7599999999989,1017.7599999999989,1017.7599999999989,1017.7699999999988,1017.7699999999988,1017.7699999999988,1017.7699999999988,1017.7699999999988,1017.7699999999988,1017.7699999999988,1017.7699999999988,1017.7699999999988,1017.909999999999,1017.909999999999,1017.909999999999,1017.909999999999,1017.909999999999,1017.909999999999,1017.909999999999,1017.909999999999,1017.909999999999,1017.909999999999,1017.909999999999,1017.909999999999,1017.909999999999,1017.909999999999,1017.909999999999,1015.9300000000061,1017.909999999999,1015.9300000000061,1017.909999999999,1015.9300000000061,1017.909999999999,1015.9300000000061,1017.909999999999,1015.9300000000061,1017.909999999999,1015.9300000000061,1017.909999999999,1015.9300000000061,1017.909999999999,1015.9300000000061,1017.9199999999989,1017.9199999999989,1015.9300000000061,1017.9199999999989,1017.9199999999989,1017.9199999999989,1017.9199999999989,1017.9199999999989,1017.9199999999989,1017.9199999999989,1017.9199999999989,1017.9199999999989,1017.9199999999989,1017.9199999999989,1017.9199999999989,1017.9199999999989,1017.9199999999989,1017.9199999999989,1017.9199999999989,1017.9199999999989,1017.9199999999989,1017.9199999999989,1017.9199999999989,1017.9199999999989,1017.9199999999989,1017.9199999999989,1017.9199999999989,1017.9199999999989,1017.9199999999989,1017.9199999999989,1017.9199999999989,1017.9199999999989,1016.0600000000062,1017.9199999999989,1016.0600000000062,1017.9299999999989,1016.0600000000062,1017.9299999999989,1016.0600000000062,1017.9299999999989,1016.0600000000062,1017.9299999999989,1017.9299999999989,1017.9299999999989,1017.9299999999989,1017.9299999999989,1017.9299999999989,1017.9299999999989,1017.9299999999989,1017.9299999999989,1017.9299999999989,1017.9299999999989,1017.9299999999989,1017.9299999999989,1017.9299999999989,1017.9299999999989,1017.9299999999989,1017.9299999999989,1017.9299999999989,1017.9299999999989,1017.9299999999989,1017.9299999999989,1017.9299999999989,1017.9299999999989,1017.9299999999989,1017.9299999999989,1017.9299999999989,1017.9299999999989,1017.9299999999989,1017.9299999999989,1017.9299999999989,1016.0600000000062,1017.9299999999989,1016.0600000000062,1017.9299999999989,1016.0600000000062,1017.9299999999989,1016.0700000000062,1017.9299999999989,1016.0700000000062,1017.9299999999989,1016.0700000000062,1017.9299999999989,1017.9299999999989,1017.9299999999989,1017.9299999999989,1017.9299999999989,1017.9299999999989,1017.9299999999989,1017.9299999999989,1017.9299999999989,1017.9299999999989,1017.9299999999989,1017.9299999999989,1017.9299999999989,1017.9299999999989,1017.9299999999989,1017.9299999999989,1017.9299999999989,1017.9299999999989,1017.9299999999989,1017.9299999999989,1017.9299999999989,1017.9299999999989,1017.9299999999989,1017.9299999999989,1017.9299999999989,1017.9299999999989,1017.9299999999989,1017.9299999999989,1017.9299999999989,1016.2100000000061,1017.9299999999989,1016.2100000000061,1017.9299999999989,1016.2100000000061,1017.9299999999989,1017.9299999999989,1017.9299999999989,1017.9299999999989,1017.9299999999989,1017.9299999999989,1017.9299999999989,1017.9299999999989,1017.9299999999989,1017.9299999999989,1017.9299999999989,1017.9299999999989,1017.9299999999989,1017.9299999999989,1017.9299999999989,1017.9299999999989,1017.9299999999989,1017.9299999999989,1017.9299999999989,1017.9299999999989,1017.9299999999989,1017.9299999999989,1017.9299999999989,1017.9299999999989,1017.9299999999989,1017.9299999999989,1017.9299999999989,1017.9299999999989,1017.9299999999989,1017.9299999999989,1016.2100000000061,1017.9299999999989,1017.9299999999989,1016.2100000000061,1017.9299999999989,1017.9299999999989,1017.9299999999989,1017.9299999999989,1017.9299999999989,1017.9299999999989,1017.9299999999989,1017.9299999999989,1017.9299999999989,1017.9299999999989,1017.9299999999989,1017.9299999999989,1017.9299999999989,1017.9299999999989,1017.9299999999989,1017.9299999999989,1017.9299999999989,1017.9299999999989,1017.9299999999989,1017.9299999999989,1017.9299999999989,1017.9299999999989,1017.9299999999989,1017.9299999999989,1017.9399999999989,1017.9399999999989,1017.9399999999989,1017.9399999999989,1017.9399999999989,1016.340000000006,1017.9399999999989,1017.9399999999989,1017.9399999999989,1017.9399999999989,1017.9399999999989,1017.9399999999989,1017.9399999999989,1017.9399999999989,1017.9399999999989,1017.9399999999989,1017.9399999999989,1017.9399999999989,1017.9399999999989,1017.9399999999989,1017.9399999999989,1017.9399999999989,1017.9399999999989,1017.9399999999989,1017.9399999999989,1017.9399999999989,1017.9399999999989,1017.9399999999989,1017.9399999999989,1017.9399999999989,1017.9399999999989,1017.9399999999989,1017.9399999999989,1017.9399999999989,1017.9399999999989,1017.9399999999989,1017.9499999999991,1016.470000000006,1017.9499999999991,1016.470000000006,1017.9499999999991,1016.470000000006,1017.9499999999991,1016.470000000006,1017.9499999999991,1016.470000000006,1017.9499999999991,1016.470000000006,1017.9499999999991,1016.470000000006,1017.9599999999991,1016.470000000006,1017.9599999999991,1016.470000000006,1017.9599999999991,1016.470000000006,1017.9599999999991,1016.470000000006,1017.9599999999991,1017.9599999999991,1016.470000000006,1017.9599999999991,1016.470000000006,1017.9599999999991,1016.470000000006,1017.9599999999991,1016.470000000006,1017.9599999999991,1017.9599999999991,1017.9599999999991,1017.9599999999991,1017.9599999999991,1017.9699999999991,1017.9699999999991,1017.9699999999991,1017.9699999999991,1017.9699999999991,1017.9699999999991,1017.9699999999991,1017.9699999999991,1017.9699999999991,1017.9699999999991,1017.9699999999991,1017.9699999999991,1017.9699999999991,1017.9699999999991,1017.9699999999991,1017.9799999999991,1017.9799999999991,1017.9799999999991,1017.9799999999991,1017.9799999999991,1017.9799999999991,1017.9799999999991,1017.9799999999991,1017.9799999999991,1017.9799999999991,1016.470000000006,1016.470000000006,1016.470000000006,1016.470000000006,1016.470000000006,1016.470000000006,1016.470000000006,1016.470000000006,1016.470000000006,1016.470000000006,1016.470000000006,1016.470000000006,1016.470000000006,1016.470000000006,1016.470000000006,1016.470000000006,1016.470000000006,1016.470000000006,1016.470000000006,1016.470000000006,1016.470000000006,1016.470000000006,1016.470000000006,1016.470000000006,1016.470000000006,1016.470000000006,1016.470000000006,1016.470000000006,1016.480000000006,1018.1299999999992,1016.480000000006,1018.1299999999992,1016.480000000006,1018.1299999999992,1018.1299999999992,1018.1299999999992,1018.1299999999992,1018.1299999999992,1018.1299999999992,1018.1299999999992,1018.1299999999992,1018.1299999999992,1018.1299999999992,1018.1299999999992,1018.1299999999992,1018.1299999999992,1018.1299999999992,1018.1299999999992,1018.1299999999992,1018.1299999999992,1018.1299999999992,1018.1299999999992,1018.1299999999992,1018.1299999999992,1018.1299999999992,1018.1299999999992,1018.1299999999992,1018.1299999999992,1018.1299999999992,1018.1299999999992,1018.1299999999992,1018.1299999999992,1018.1299999999992,1016.6200000000061,1018.1299999999992,1016.6200000000061,1018.1299999999992,1016.6200000000061,1018.1299999999992,1016.6200000000061,1018.1299999999992,1016.6200000000061,1018.1299999999992,1016.6200000000061,1018.1299999999992,1016.6200000000061,1018.1299999999992,1018.1299999999992,1016.6200000000061,1018.1299999999992,1016.6200000000061,1018.1299999999992,1016.6200000000061,1018.1299999999992,1016.6200000000061,1018.1299999999992,1016.6200000000061,1018.1299999999992,1016.6200000000061,1018.1299999999992,1016.6200000000061,1018.1299999999992,1016.6200000000061,1018.1299999999992,1016.6200000000061,1018.1299999999992,1016.6200000000061,1018.1299999999992,1016.6200000000061,1018.1299999999992,1016.6200000000061,1018.1299999999992,1016.6200000000061,1018.1299999999992,1016.6200000000061,1018.1299999999992,1018.1299999999992,1016.6200000000061,1018.1299999999992,1016.6200000000061,1018.1299999999992,1016.6200000000061,1018.1299999999992,1016.6200000000061,1018.1299999999992,1016.6200000000061,1018.1299999999992,1016.6200000000061,1018.1299999999992,1016.6200000000061,1018.1299999999992,1016.6200000000061,1018.1299999999992,1016.6200000000061,1018.1299999999992,1016.6200000000061,1018.1299999999992,1016.6200000000061,1018.1299999999992,1016.6200000000061,1018.1299999999992,1016.6200000000061,1018.1299999999992,1016.6200000000061,1018.1299999999992,1016.6200000000061,1018.1299999999992,1016.6200000000061,1018.1299999999992,1018.1299999999992,1016.6200000000061,1018.1299999999992,1016.6200000000061,1018.1299999999992,1016.6200000000061,1018.1299999999992,1016.6200000000061,1018.1299999999992,1016.6200000000061,1018.1299999999992,1016.6200000000061,1018.1299999999992,1016.6200000000061,1018.1299999999992,1016.6200000000061,1018.1299999999992,1016.6200000000061,1018.1299999999992,1016.6200000000061,1018.1299999999992,1016.6200000000061,1018.1299999999992,1016.6200000000061,1018.1299999999992,1016.6200000000061,1018.1299999999992,1016.6200000000061,1018.1299999999992,1018.1299999999992,1016.6200000000061,1018.1299999999992,1016.6200000000061,1018.1299999999992,1016.6200000000061,1018.1299999999992,1016.6200000000061,1018.1299999999992,1016.6200000000061,1018.1299999999992,1016.6200000000061,1018.1299999999992,1016.6200000000061,1018.1299999999992,1016.6200000000061,1018.1299999999992,1016.6200000000061,1018.1299999999992,1016.6200000000061,1018.1299999999992,1016.6200000000061,1018.1299999999992,1016.6200000000061,1018.1299999999992,1016.6200000000061,1018.1299999999992,1016.6200000000061,1018.1299999999992,1018.1299999999992,1016.6200000000061,1018.1299999999992,1016.6200000000061,1018.1299999999992,1018.1299999999992,1018.1299999999992,1018.1299999999992,1018.1299999999992,1018.1299999999992,1018.1299999999992,1018.1299999999992,1018.1299999999992,1018.1299999999992,1018.1299999999992,1018.1299999999992,1018.1299999999992,1018.1299999999992,1018.1299999999992,1018.1299999999992,1018.1299999999992,1018.1299999999992,1018.1299999999992,1018.1299999999992,1018.1299999999992,1018.1299999999992,1018.1299999999992,1018.1399999999992,1018.1399999999992,1018.1399999999992,1018.1399999999992,1018.1399999999992,1018.1499999999992,1018.1499999999992,1018.1499999999992,1018.1499999999992,1018.1499999999992,1018.1499999999992,1018.1499999999992,1018.1499999999992,1018.1499999999992,1018.1499999999992,1018.1499999999992,1018.1499999999992,1018.1499999999992,1018.1499999999992,1018.1499999999992,1018.1499999999992,1018.1499999999992,1018.1499999999992,1018.1499999999992,1018.1499999999992,1018.1499999999992,1016.8900000000061,1016.8900000000061,1016.8900000000061,1016.8900000000061,1016.8900000000061,1016.8900000000061,1016.8900000000061,1016.8900000000061,1016.8900000000061,1016.8900000000061,1016.8900000000061,1016.8900000000061,1016.8900000000061,1016.8900000000061,1016.8900000000061,1016.8900000000061,1016.8900000000061,1016.8900000000061,1016.8900000000061,1018.1499999999992,1016.8900000000061,1018.1499999999992,1016.8900000000061,1018.1499999999992,1016.8900000000061,1018.1499999999992,1016.8900000000061,1018.1499999999992,1016.8900000000061,1018.1499999999992,1016.8900000000061,1018.1499999999992,1016.8900000000061,1018.1499999999992,1016.8900000000061,1018.1499999999992,1016.8900000000061,1018.1499999999992,1016.8900000000061,1018.1499999999992,1016.8900000000061,1018.1499999999992,1016.8900000000061,1018.1499999999992,1016.8900000000061,1018.1499999999992,1016.8900000000061,1018.1499999999992,1016.8900000000061,1018.1499999999992,1016.8900000000061,1018.1499999999992,1016.8900000000061,1018.1499999999992,1016.8900000000061,1018.1499999999992,1016.8900000000061,1018.1499999999992,1016.8900000000061,1018.1499999999992,1016.8900000000061,1018.1499999999992,1016.8900000000061,1018.1499999999992,1016.8900000000061,1018.1499999999992,1016.8900000000061,1018.1499999999992,1016.8900000000061,1018.1499999999992,1016.8900000000061,1018.1499999999992,1016.8900000000061,1018.1499999999992,1016.8900000000061,1018.1499999999992,1016.9000000000061,1018.1499999999992,1016.9000000000061,1018.1499999999992,1018.1499999999992,1016.9000000000061,1018.1499999999992,1016.9000000000061,1018.1499999999992,1016.9000000000061,1018.1499999999992,1016.9000000000061,1018.1499999999992,1016.9000000000061,1018.1499999999992,1016.9000000000061,1018.1499999999992,1016.9000000000061,1018.1499999999992,1016.9000000000061,1018.1599999999992,1016.9000000000061,1018.1599999999992,1018.1599999999992,1018.1599999999992,1018.1599999999992,1018.1599999999992,1018.1599999999992,1018.1599999999992,1018.1599999999992,1018.1599999999992,1018.1599999999992,1018.1599999999992,1018.1599999999992,1018.1599999999992,1018.1599999999992,1018.1599999999992,1018.1599999999992,1018.1599999999992,1018.1599999999992,1018.1599999999992,1018.1599999999992,1018.1599999999992,1018.1599999999992,1018.1599999999992,1018.1599999999992,1018.1599999999992,1018.1599999999992,1018.1599999999992,1018.1599999999992,1017.0400000000062,1017.0400000000062,1017.0400000000062,1017.0400000000062,1017.0400000000062,1017.0400000000062,1017.0400000000062,1017.0400000000062,1017.0400000000062,1017.0400000000062,1017.0400000000062,1017.0400000000062,1017.0400000000062,1017.0400000000062,1017.0400000000062,1017.0400000000062,1017.0400000000062,1017.0400000000062,1017.0400000000062,1017.0400000000062,1017.0400000000062,1017.0400000000062,1017.0400000000062,1017.0400000000062,1017.0400000000062,1017.0400000000062,1018.3099999999993,1017.0400000000062,1018.3099999999993,1017.0400000000062,1018.3099999999993,1017.0400000000062,1018.3099999999993,1017.0400000000062,1018.3099999999993,1017.0400000000062,1018.3099999999993,1017.0500000000062,1018.3199999999993,1017.0500000000062,1018.3199999999993,1017.0500000000062,1018.3199999999993,1017.0500000000062,1018.3199999999993,1017.0500000000062,1018.3199999999993,1017.0500000000062,1018.3199999999993,1017.0500000000062,1018.3199999999993,1017.0500000000062,1018.3199999999993,1017.0500000000062,1018.3199999999993,1017.0500000000062,1018.3199999999993,1017.0500000000062,1018.3199999999993,1017.0500000000062,1018.3199999999993,1017.0500000000062,1018.3199999999993,1017.0500000000062,1018.3199999999993,1017.0500000000062,1018.3199999999993,1017.0500000000062,1018.3199999999993,1017.0500000000062,1018.3199999999993,1017.0500000000062,1018.3199999999993,1017.0500000000062,1018.3199999999993,1017.0500000000062,1018.3199999999993,1017.0500000000062,1018.3199999999993,1017.0500000000062,1018.3199999999993,1017.0500000000062,1018.3199999999993,1017.0500000000062,1018.3199999999993,1017.0500000000062,1018.3199999999993,1018.3199999999993,1017.0500000000062,1018.3199999999993,1017.0500000000062,1018.3199999999993,1017.0500000000062,1018.3199999999993,1017.0500000000062,1018.3199999999993,1017.0500000000062,1018.3199999999993,1017.0500000000062,1018.3199999999993,1017.0500000000062,1018.3199999999993,1017.0500000000062,1018.3199999999993,1017.0500000000062,1018.3199999999993,1017.0500000000062,1018.3199999999993,1017.0500000000062,1017.0500000000062,1017.0500000000062,1017.0500000000062,1018.4599999999991,1017.1900000000063,1017.1900000000063,1017.1900000000063,1017.1900000000063,1017.1900000000063,1017.1900000000063,1017.1900000000063,1017.1900000000063,1017.1900000000063,1017.1900000000063,1017.1900000000063,1017.1900000000063,1017.1900000000063,1017.1900000000063,1017.1900000000063,1017.1900000000063,1017.1900000000063,1017.1900000000063,1017.1900000000063,1017.1900000000063,1017.1900000000063,1017.1900000000063,1017.1900000000063,1017.2000000000063,1017.2000000000063,1017.2000000000063,1017.2000000000063,1018.5999999999992,1017.2000000000063,1018.5999999999992,1018.5999999999992,1018.5999999999992,1018.5999999999992,1018.5999999999992,1018.5999999999992,1018.5999999999992,1018.5999999999992,1018.5999999999992,1018.5999999999992,1018.5999999999992,1018.5999999999992,1018.5999999999992,1018.5999999999992,1018.5999999999992,1018.5999999999992,1018.5999999999992,1018.5999999999992,1018.5999999999992,1018.5999999999992,1018.5999999999992,1018.5999999999992,1018.5999999999992,1018.5999999999992,1018.5999999999992,1018.5999999999992,1018.5999999999992,1018.5999999999992,1018.5999999999992,1018.5999999999992,1017.3400000000064,1018.5999999999992,1017.3400000000064,1018.5999999999992,1017.3400000000064,1018.5999999999992,1017.3400000000064,1018.5999999999992,1017.3400000000064,1018.5999999999992,1017.3400000000064,1018.5999999999992,1017.3400000000064,1018.5999999999992,1017.3400000000064,1018.5999999999992,1017.3400000000064,1018.5999999999992,1018.5999999999992,1017.3400000000064,1018.5999999999992,1017.3400000000064,1018.5999999999992,1017.3400000000064,1018.5999999999992,1017.3400000000064,1018.5999999999992,1017.3400000000064,1018.5999999999992,1017.3400000000064,1018.5999999999992,1017.3400000000064,1018.5999999999992,1017.3400000000064,1018.5999999999992,1017.3400000000064,1018.5999999999992,1017.3400000000064,1018.5999999999992,1017.3400000000064,1018.5999999999992,1017.3400000000064,1018.5999999999992,1017.3400000000064,1018.5999999999992,1017.3400000000064,1018.5999999999992,1017.3400000000064,1018.5999999999992,1017.3400000000064,1018.5999999999992,1018.6099999999992,1017.3400000000064,1018.6099999999992,1017.3400000000064,1018.6099999999992,1017.3400000000064,1018.6099999999992,1017.3400000000064,1018.6099999999992,1017.3400000000064,1018.6099999999992,1017.3400000000064,1017.3400000000064,1017.3400000000064,1017.3400000000064,1017.3400000000064,1017.3400000000064,1017.3400000000064,1017.3400000000064,1017.3400000000064,1017.3400000000064,1017.3400000000064,1017.3400000000064,1017.3400000000064,1017.3400000000064,1017.3400000000064,1017.3400000000064,1017.3400000000064,1017.3400000000064,1017.3400000000064,1017.3400000000064,1017.3400000000064,1017.3400000000064,1017.3400000000064,1017.3400000000064,1017.3400000000064,1017.3400000000064,1017.3400000000064,1017.3400000000064,1017.3400000000064,1017.3400000000064,1018.7599999999991,1017.3400000000064,1018.7599999999991,1017.3400000000064,1018.7599999999991,1017.3400000000064,1018.7599999999991,1018.7599999999991,1018.7599999999991,1018.7599999999991,1018.7599999999991,1018.7599999999991,1018.7599999999991,1018.7599999999991,1018.7599999999991,1018.7599999999991,1018.7599999999991,1018.7599999999991,1018.7599999999991,1018.7599999999991,1018.7599999999991,1018.7599999999991,1018.7599999999991,1018.7599999999991,1018.7599999999991,1018.7599999999991,1018.7599999999991,1018.7599999999991,1018.7599999999991,1018.7599999999991,1018.7599999999991,1018.7599999999991,1018.7599999999991,1018.7599999999991,1018.7599999999991,1018.7599999999991,1018.7599999999991,1017.4800000000065,1018.7599999999991,1017.4800000000065,1017.4800000000065,1017.4800000000065,1017.6200000000064,1017.6200000000064,1017.6200000000064,1017.6200000000064,1017.6200000000064,1017.6200000000064,1017.6200000000064,1017.6200000000064,1019.049999999999,1019.049999999999,1019.049999999999,1019.049999999999,1019.049999999999,1019.049999999999,1019.049999999999,1019.049999999999,1019.049999999999,1019.049999999999,1017.9000000000066,1019.1999999999991,1017.9000000000066,1019.1999999999991,1017.9000000000066,1019.2099999999991,1017.9000000000066,1019.2099999999991,1017.9000000000066,1019.2099999999991,1017.9000000000066,1019.2099999999991,1019.2099999999991,1017.9000000000066,1019.2099999999991,1017.9000000000066,1019.2099999999991,1017.9000000000066,1019.2099999999991,1017.9000000000066,1019.2099999999991,1017.9000000000066,1019.2099999999991,1017.9000000000066,1019.2099999999991,1017.9000000000066,1019.2099999999991,1017.9000000000066,1019.2099999999991,1017.9000000000066,1019.2099999999991,1017.9000000000066,1019.2099999999991,1017.9000000000066,1019.2099999999991,1017.9000000000066,1019.2099999999991,1017.9000000000066,1019.2099999999991,1017.9000000000066,1019.2099999999991,1017.9000000000066,1019.2099999999991,1017.9000000000066,1019.2099999999991,1017.9000000000066,1019.2099999999991,1017.9000000000066,1019.2099999999991,1017.9000000000066,1019.2099999999991,1017.9000000000066,1019.2099999999991,1019.2099999999991,1019.2099999999991,1019.2099999999991,1019.2099999999991,1019.2099999999991,1019.2099999999991,1019.2099999999991,1019.2099999999991,1019.2099999999991,1019.2099999999991,1019.2099999999991,1019.2199999999991,1019.2199999999991,1019.2199999999991,1019.2199999999991,1019.2199999999991,1019.2199999999991,1019.2199999999991,1019.2199999999991,1019.2199999999991,1019.2199999999991,1019.2199999999991,1019.2199999999991,1019.2199999999991,1019.2199999999991,1019.2199999999991,1019.2199999999991,1019.2199999999991,1019.2199999999991,1019.2199999999991,1019.2199999999991,1018.0500000000067,1019.2199999999991,1018.0500000000067,1019.2199999999991,1019.2199999999991,1018.0500000000067,1019.2199999999991,1019.2199999999991,1019.2199999999991,1019.2199999999991,1019.2199999999991,1019.2199999999991,1019.2199999999991,1019.2199999999991,1019.2199999999991,1019.2199999999991,1019.2199999999991,1019.2199999999991,1019.2199999999991,1019.2199999999991,1019.2199999999991,1019.2199999999991,1019.2199999999991,1019.2199999999991,1018.1900000000065,1018.1900000000065,1019.3699999999992,1019.3699999999992,1019.3699999999992,1019.3699999999992,
1019.3699999999992,1019.3699999999992,1019.3699999999992,1019.3699999999992,1019.3699999999992,1019.3699999999992,1019.3699999999992,1019.3699999999992,1018.1900000000065,1019.3699999999992,1019.3699999999992,1019.3699999999992,1019.3799999999992,1019.3899999999992,1019.3999999999992,1019.3999999999992,1019.3999999999992,1019.3999999999992,1019.3999999999992,1019.4099999999992,1019.4099999999992,1019.4099999999992,1019.4099999999992,1019.4099999999992,1019.4099999999992,1019.4199999999992,1019.4199999999992,1019.4299999999992,1019.4399999999991,1019.4399999999991,1018.3300000000064,1019.4399999999991,1019.4599999999991,1019.4599999999991,1019.4599999999991,1019.4699999999991,1019.4699999999991,1019.4699999999991,1019.4699999999991,1019.4699999999991,1019.4699999999991,1019.4699999999991,1019.4699999999991,1019.4699999999991,1019.4799999999991,1019.4999999999991,1018.4700000000063,1019.5099999999991,1019.5199999999991,1019.5199999999991,1019.5699999999993,1019.5999999999992,1018.6100000000064,1018.6100000000064,1019.6099999999992,1019.6099999999992,1019.6099999999992,1019.6199999999992,1019.6199999999992,1019.6199999999992,1019.6199999999992,1019.6199999999992,1019.6499999999992,1019.6699999999992,1019.6699999999992,1019.6899999999994,1019.7399999999993,1019.7699999999993,1019.7899999999993,1019.7899999999993,1018.7600000000062,1019.8199999999993,1019.8399999999992,1019.8399999999992,1019.8399999999992,1019.8599999999992,1018.9000000000061,1018.9000000000061,1018.9000000000061,1018.9000000000061,1018.9000000000061,1018.9000000000061,1018.9000000000061,1018.9000000000061,1019.9399999999994,1018.9000000000061,1018.9100000000061,1018.9100000000061,1018.9100000000061,1018.9100000000061,1018.9100000000061,1018.9100000000061,1019.9699999999993,1018.9100000000061,1019.9699999999993,1018.9100000000061,1018.9100000000061,1018.9100000000061,1018.9100000000061,1018.9100000000061,1018.9100000000061,1019.9899999999993,1020.0199999999993,1020.0199999999993,1020.0399999999993,1020.0699999999993,1020.0699999999993,1020.0699999999993,1020.0699999999993,1020.0699999999993,1019.060000000006,1019.060000000006,1019.060000000006,1020.0999999999992,1019.060000000006,1020.0999999999992,1019.060000000006,1019.060000000006,1019.060000000006,1019.060000000006,1019.070000000006,1019.070000000006,1019.070000000006,1020.1299999999992,1019.070000000006,1019.070000000006,1019.070000000006,1019.070000000006,1019.070000000006,1019.070000000006,1019.070000000006,1019.070000000006,1019.070000000006,1019.070000000006,1019.070000000006,1019.070000000006,1019.070000000006,1019.070000000006,1020.1999999999991,1019.070000000006,1020.1999999999991,1019.070000000006,1019.070000000006,1019.070000000006,1019.070000000006,1019.070000000006,1019.070000000006,1019.070000000006,1020.2399999999991,1019.070000000006,1019.070000000006,1019.070000000006,1019.070000000006,1019.070000000006,1019.070000000006,1019.070000000006,1020.2699999999991,1019.070000000006,1019.070000000006,1019.070000000006,1019.070000000006,1019.070000000006,1019.070000000006,1019.070000000006,1019.070000000006,1020.2999999999993,1019.070000000006,1019.070000000006,1019.070000000006,1019.070000000006,1019.070000000006,1019.070000000006,1019.070000000006,1020.3399999999992,1019.070000000006,1020.3399999999992,1019.070000000006,1019.070000000006,1019.070000000006,1019.070000000006,1019.070000000006,1019.070000000006,1019.070000000006,1020.3699999999992,1019.070000000006,1019.070000000006,1019.070000000006,1019.070000000006,1019.070000000006,1019.070000000006,1019.070000000006,1019.070000000006,1020.4099999999992,1019.070000000006,1019.070000000006,1019.070000000006,1019.070000000006,1019.070000000006,1019.070000000006,1019.070000000006,1020.4499999999991,1019.070000000006,1019.070000000006,1019.070000000006,1019.070000000006,1019.070000000006,1019.070000000006,1019.070000000006,1019.070000000006,1020.4499999999991,1019.070000000006,1020.4499999999991,1019.070000000006,1019.070000000006,1019.070000000006,1019.070000000006,1019.070000000006,1019.070000000006,1019.070000000006,1019.070000000006,1020.4799999999993,1019.070000000006,1019.070000000006,1019.070000000006,1019.070000000006,1019.070000000006,1019.070000000006,1019.070000000006,1019.070000000006,1020.5199999999993,1019.070000000006,1020.5199999999993,1019.070000000006,1019.070000000006,1019.070000000006,1019.070000000006,1019.070000000006,1019.0800000000062,1019.0800000000062,1019.0800000000062,1019.0800000000062,1019.0800000000062,1019.0800000000062,1019.0800000000062,1019.0800000000062,1019.0800000000062,1019.0800000000062,1019.0800000000062,1020.5599999999993,1019.0800000000062,1019.0800000000062,1019.0800000000062,1020.5999999999992,1020.5999999999992,1020.6399999999992,1020.6399999999992,1020.6399999999992,1020.6399999999992,1020.6399999999992,1020.6399999999992,1020.6399999999992,1019.230000000006,1019.230000000006,1019.230000000006,1019.230000000006,1019.230000000006,1019.230000000006,1019.230000000006,1019.230000000006,1019.230000000006,1019.230000000006,1019.230000000006,1019.230000000006,1019.230000000006,1019.230000000006,1019.230000000006,1019.230000000006,1019.230000000006,1019.230000000006,1019.230000000006,1019.230000000006,1019.230000000006,1019.230000000006,1019.230000000006,1019.230000000006,1020.7599999999991,1019.230000000006,1020.7599999999991,1019.230000000006,1020.7599999999991,1019.230000000006,1019.230000000006,1019.240000000006,1019.240000000006,1019.240000000006,1019.240000000006,1019.240000000006,1019.240000000006,1019.240000000006,1019.250000000006,1020.799999999999,1019.250000000006,1019.250000000006,1019.250000000006,1019.250000000006,1019.250000000006,1019.250000000006,1019.250000000006,1019.250000000006,1019.250000000006,1019.250000000006,1019.250000000006,1019.250000000006,1019.250000000006,1019.250000000006,1019.250000000006,1019.250000000006,1019.250000000006,1020.8399999999992,1019.250000000006,1020.8399999999992,1020.8399999999992,1020.8399999999992,1020.8399999999992,1020.8399999999992,1020.9199999999992,1020.9599999999994,1020.9599999999994,1020.9599999999994,1021.0399999999993,1021.0399999999993,1021.0399999999993,1021.0399999999993,1021.0399999999993,1021.0399999999993,1021.0399999999993,1021.0399999999993,1021.0399999999993,1021.0399999999993,1021.0399999999993,1021.0399999999993,1019.6900000000061,1019.6900000000061,1021.0799999999995,1019.6900000000061,1021.0799999999995,1019.6900000000061,1021.0799999999995,1019.6900000000061,1019.6900000000061,1021.1199999999994,1021.1199999999994,1021.1699999999994,1021.1699999999994,1019.8400000000062,1021.2099999999994,1019.8400000000062,1021.2099999999994,1019.8400000000062,1019.8400000000062,1019.8400000000062,1019.8400000000062,1019.8400000000062,1019.8400000000062,1019.8400000000062,1019.8400000000062,1019.8400000000062,1019.8400000000062,1021.2599999999993,1019.8400000000062,1021.2599999999993,1019.8400000000062,1021.2599999999993,1019.8400000000062,1021.2599999999993,1019.8400000000062,1021.2599999999993,1019.8400000000062,1021.2599999999993,1019.8400000000062,1021.2599999999993,1019.8400000000062,1021.2699999999993,1019.8400000000062,1021.2699999999993,1019.8400000000062,1021.2699999999993,1019.8400000000062,1021.2699999999993,1019.8400000000062,1021.2699999999993,1019.8400000000062,1021.2699999999993,1019.8400000000062,1021.2699999999993,1019.8400000000062,1021.2699999999993,1019.8400000000062,1019.8400000000062,1019.8400000000062,1019.8400000000062,1019.8400000000062,1019.8400000000062,1019.8400000000062,1019.8400000000062,1019.8400000000062,1019.8500000000062,1019.8500000000062,1019.8500000000062,1019.8500000000062,1019.8500000000062,1019.8500000000062,1019.8500000000062,1019.8500000000062,1019.8500000000062,1019.8500000000062,1019.8500000000062,1021.3699999999992,1019.8500000000062,1019.8500000000062,1019.8500000000062,1019.8500000000062,1019.8500000000062,1019.8500000000062,1019.8500000000062,1019.8500000000062,1019.8500000000062,1019.8500000000062,1021.4199999999992,1019.8500000000062,1019.8500000000062,1019.8500000000062,1019.8500000000062,1019.8500000000062,1019.8500000000062,1019.8500000000062,1019.8500000000062,1019.8500000000062,1019.8500000000062,1019.8500000000062,1021.4699999999993,1019.8500000000062,1021.4699999999993,1019.8500000000062,1021.4799999999993,1019.8500000000062,1021.4799999999993,1019.8500000000062,1021.4799999999993,1019.8500000000062,1021.4799999999993,1019.8500000000062,1021.4799999999993,1019.8500000000062,1021.4799999999993,1019.8500000000062,1021.4799999999993,1019.8500000000062,1021.4799999999993,1019.8500000000062,1019.8500000000062,1019.8500000000062,1019.8500000000062,1019.8600000000062,1019.8600000000062,1019.8600000000062,1019.8600000000062,1019.8600000000062,1019.8600000000062,1019.8600000000062,1021.5299999999993,1019.8600000000062,1021.5299999999993,1019.8600000000062,1021.5299999999993,1019.8600000000062,1021.5299999999993,1019.8600000000062,1021.5299999999993,1019.8600000000062,1021.5299999999993,1019.8600000000062,1021.5299999999993,1019.8600000000062,1019.8600000000062,1019.8600000000062,1019.8600000000062,1019.8600000000062,1019.8600000000062,1019.8600000000062,1019.8600000000062,1019.8600000000062,1019.8600000000062,1019.8600000000062,1021.5799999999992,1019.8600000000062,1021.5799999999992,1019.8600000000062,1019.8600000000062,1019.8600000000062,1019.8600000000062,1019.8600000000062,1019.8600000000062,1019.8600000000062,1019.8600000000062,1019.8700000000061,1019.8700000000061,1021.5799999999992,1021.5799999999992,1021.5799999999992,1021.5799999999992,1021.5799999999992,1021.5799999999992,1021.5799999999992,1021.5799999999992,1021.5799999999992,1021.5799999999992,1021.6299999999992,1021.6299999999992,1020.0200000000062,1020.0200000000062,1020.0200000000062,1020.0200000000062,1021.6899999999991,1020.0200000000062,1020.0200000000062,1020.0200000000062,1020.0200000000062,1020.0200000000062,1020.0200000000062,1020.0200000000062,1020.0300000000062,1020.0300000000062,1020.0300000000062,1020.0300000000062,1021.7399999999991,1020.0300000000062,1021.7399999999991,1020.0300000000062,1021.7399999999991,1020.0300000000062,1021.7399999999991,1020.0300000000062,1020.0300000000062,1020.0300000000062,1020.0300000000062,1020.0300000000062,1020.0300000000062,1020.0300000000062,1020.0300000000062,1020.0300000000062,1020.0400000000062,1020.0400000000062,1020.0400000000062,1021.7899999999993,1020.0400000000062,1021.7899999999993,1020.0400000000062,1020.0400000000062,1020.0400000000062,1020.0400000000062,1020.0400000000062,1020.0400000000062,1020.0400000000062,1020.0500000000062,1020.0500000000062,1020.0500000000062,1020.0500000000062,1020.0500000000062,1021.8499999999992,1020.0500000000062,1020.0500000000062,1020.0500000000062,1020.0500000000062,1020.0500000000062,1020.0500000000062,1020.0500000000062,1020.0500000000062,1020.0500000000062,1020.0500000000062,1020.0500000000062,1020.0500000000062,1020.0500000000062,1021.9099999999992,1020.0500000000062,1020.0500000000062,1020.0500000000062,1020.0500000000062,1020.0500000000062,1020.0500000000062,1022.0199999999993,1022.0199999999993,1022.0699999999993,1022.1799999999992,1022.1799999999992,1020.3500000000062,1020.3500000000062,1020.3500000000062,1020.3500000000062,1020.3500000000062,1020.3500000000062,1022.2399999999993,1020.3500000000062,1022.2399999999993,1020.3500000000062,1022.2399999999993,1020.3500000000062,1022.2399999999993,1020.3500000000062,1020.3500000000062,1020.3500000000062,1020.3500000000062,1020.3500000000062,1020.3500000000062,1020.3500000000062,1020.3500000000062,1020.3500000000062,1020.3500000000062,1020.3500000000062,1020.3500000000062,1022.2899999999993,1020.3500000000062,1020.3500000000062,1020.3500000000062,1020.3500000000062,1020.3500000000062,1020.3500000000062,1020.3500000000062,1020.3500000000062,1020.3500000000062,1020.3500000000062,1020.3500000000062,1020.3500000000062,1020.3500000000062,1020.3500000000062,1020.3500000000062,1020.3500000000062,1020.3500000000062,1020.3500000000062,1022.3999999999992,1022.4599999999994,1020.3500000000062,1020.3500000000062,1022.5199999999993,1020.3500000000062,1020.3500000000062,1020.3500000000062,1020.3500000000062,1020.3500000000062,1020.3500000000062,1020.3500000000062,1020.3500000000062,1020.3500000000062,1020.3500000000062,1020.3500000000062,1020.3500000000062,1020.3500000000062,1020.3500000000062,1020.3500000000062,1020.3500000000062,1020.3500000000062,1020.3500000000062,1020.3500000000062,1020.3500000000062,1020.3600000000062,1020.3600000000062,1020.3600000000062,1020.3600000000062,1022.5799999999992,1020.3600000000062,1020.3600000000062,1020.3600000000062,1020.3600000000062,1020.3600000000062,1020.3600000000062,1022.6399999999994,1022.6399999999994,1022.6399999999994,1022.6399999999994,1022.6999999999994,1022.6999999999994,1020.510000000006,1020.510000000006,1020.510000000006,1020.510000000006,1020.510000000006,1020.510000000006,1020.510000000006,1022.7599999999993,1020.510000000006,1020.510000000006,1020.510000000006,1020.510000000006,1020.510000000006,1020.510000000006,1020.510000000006,1020.510000000006,1020.510000000006,1020.510000000006,1020.510000000006,1020.510000000006,1020.510000000006,1020.510000000006,1022.8299999999995,1020.510000000006,1022.8299999999995,1020.510000000006,1020.510000000006,1022.8899999999994,1022.8899999999994,1022.8899999999994,1022.8899999999994,1022.8899999999994,1022.8899999999994,1022.8999999999994,1020.6600000000059,1020.6600000000059,1020.6600000000059,1020.6600000000059,1020.6600000000059,1020.6600000000059,1020.6600000000059,1020.6600000000059,1020.6600000000059,1020.6600000000059,1020.6600000000059,1020.6600000000059,1020.6600000000059,1023.0299999999993,1020.6600000000059,1020.6600000000059,1020.6600000000059,1020.6600000000059,1020.6600000000059,1020.6600000000059,1020.6600000000059,1020.6600000000059,1020.6600000000059,1020.6600000000059,1020.6600000000059,1020.6600000000059,1020.6600000000059,1020.6600000000059,1020.6600000000059,1020.6600000000059,1020.6600000000059,1020.6600000000059,1020.6600000000059,1020.6600000000059,1020.6600000000059,1020.6600000000059,1020.6600000000059,1020.6600000000059,1020.6600000000059,1023.1599999999994,1020.6600000000059,1023.1599999999994,1020.6600000000059,1023.1599999999994,1020.6600000000059,1023.1599999999994,1020.6600000000059,1020.6600000000059,1020.6600000000059,1020.6600000000059,1023.2299999999993,1023.2299999999993,1023.2299999999993,1023.2299999999993,1023.2299999999993,1023.2299999999993,1023.2299999999993,1023.2299999999993,1023.2299999999993,1023.2299999999993,1023.2299999999993,1023.2299999999993,1023.2299999999993,1023.2299999999993,1023.2299999999993,1023.2299999999993,1023.2299999999993,1023.2299999999993,1023.2299999999993,1023.2299999999993,1023.2299999999993,1023.2299999999993,1020.810000000006,1023.2299999999993,1020.810000000006,1023.2299999999993,1020.810000000006,1023.2299999999993,1020.810000000006,1023.2299999999993,1020.810000000006,1023.2299999999993,1020.810000000006,1023.2399999999993,1023.2399999999993,1020.810000000006,1023.2399999999993,1020.810000000006,1023.2399999999993,1020.810000000006,1023.2399999999993,1023.2399999999993,1023.3099999999993,1023.3099999999993,1023.3099999999993,1023.3099999999993,1023.3099999999993,1023.3099999999993,1023.3099999999993,1023.3099999999993,1023.3099999999993,1023.3099999999993,1023.3099999999993,1020.970000000006,